   0.0000000000000000e+00   0.0000000000000000e+00   5.5257425330160140e-05
   0.0000000000000000e+00   1.0000000000000000e+00  -1.4790616805811227e-05
   0.0000000000000000e+00   2.0000000000000000e+00   7.4172572019428080e-06
   0.0000000000000000e+00   3.0000000000000000e+00  -3.0420566119277386e-06
   0.0000000000000000e+00   4.0000000000000000e+00   1.6506252374246031e-06
   0.0000000000000000e+00   5.0000000000000000e+00  -1.0525547497533775e-06
   0.0000000000000000e+00   6.0000000000000000e+00   5.4045048390529442e-07
   0.0000000000000000e+00   7.0000000000000000e+00  -4.0352031458635584e-07
   0.0000000000000000e+00   8.0000000000000000e+00   2.0028129931580328e-07
   0.0000000000000000e+00   9.0000000000000000e+00  -7.7973783031044367e-08
   0.0000000000000000e+00   1.0000000000000000e+01   8.1813717018459653e-08
   0.0000000000000000e+00   1.1000000000000000e+01   2.1483939720769944e-08
   0.0000000000000000e+00   1.2000000000000000e+01   6.2980800657784560e-08
   0.0000000000000000e+00   1.3000000000000000e+01   2.1938408544502360e-08
   0.0000000000000000e+00   1.4000000000000000e+01   1.1540413590501148e-07
   0.0000000000000000e+00   1.5000000000000000e+01   3.8643283299767923e-08
   0.0000000000000000e+00   1.6000000000000000e+01   1.8045156922745072e-07
   0.0000000000000000e+00   1.7000000000000000e+01   4.9748148173656449e-08
   0.0000000000000000e+00   1.8000000000000000e+01   1.8104188675951226e-07
   0.0000000000000000e+00   1.9000000000000000e+01   2.1398771505318917e-08
   0.0000000000000000e+00   2.0000000000000000e+01   1.5193454463720137e-07
   0.0000000000000000e+00   2.1000000000000000e+01  -1.8374120979697820e-08
   0.0000000000000000e+00   2.2000000000000000e+01   1.3656302829279465e-07
   0.0000000000000000e+00   2.3000000000000000e+01  -3.6817637593462880e-08
   0.0000000000000000e+00   2.4000000000000000e+01   9.6800846487743413e-08
   0.0000000000000000e+00   2.5000000000000000e+01  -2.6485493749303583e-08
   1.0000000000000000e+00   0.0000000000000000e+00  -4.3606287886689628e-05
   1.0000000000000000e+00   1.0000000000000000e+00   1.6640433778656576e-05
   1.0000000000000000e+00   2.0000000000000000e+00  -2.0106486556671183e-06
   1.0000000000000000e+00   3.0000000000000000e+00   6.5338138728968971e-07
   1.0000000000000000e+00   4.0000000000000000e+00   3.4247441208575392e-07
   1.0000000000000000e+00   5.0000000000000000e+00  -4.7227181010292256e-08
   1.0000000000000000e+00   6.0000000000000000e+00   6.4864318794346181e-08
   1.0000000000000000e+00   7.0000000000000000e+00   1.4557038506170321e-08
   1.0000000000000000e+00   8.0000000000000000e+00  -1.2478129281115693e-07
   1.0000000000000000e+00   9.0000000000000000e+00   7.6017667310030704e-08
   1.0000000000000000e+00   1.0000000000000000e+01  -1.0751742999786333e-07
   1.0000000000000000e+00   1.1000000000000000e+01   9.7883401568698757e-08
   1.0000000000000000e+00   1.2000000000000000e+01  -9.4997491968174194e-09
   1.0000000000000000e+00   1.3000000000000000e+01   2.6029905082987998e-08
   1.0000000000000000e+00   1.4000000000000000e+01   6.6361388822132533e-08
   1.0000000000000000e+00   1.5000000000000000e+01  -8.8092477065717768e-08
   1.0000000000000000e+00   1.6000000000000000e+01   1.1752228743842692e-07
   1.0000000000000000e+00   1.7000000000000000e+01  -1.2604752948307713e-07
   1.0000000000000000e+00   1.8000000000000000e+01   1.5434473086421196e-07
   1.0000000000000000e+00   1.9000000000000000e+01  -1.3327298356080961e-07
   1.0000000000000000e+00   2.0000000000000000e+01   1.3558475958874624e-07
   1.0000000000000000e+00   2.1000000000000000e+01  -1.3442075092054035e-07
   1.0000000000000000e+00   2.2000000000000000e+01   1.1519290759616037e-07
   1.0000000000000000e+00   2.3000000000000000e+01  -8.9950781361577397e-08
   1.0000000000000000e+00   2.4000000000000000e+01   1.1469794320908572e-07
   2.0000000000000000e+00   0.0000000000000000e+00   9.3578675425910044e-05
   2.0000000000000000e+00   1.0000000000000000e+00  -1.0151320178756639e-05
   2.0000000000000000e+00   2.0000000000000000e+00   4.5443658277491556e-06
   2.0000000000000000e+00   3.0000000000000000e+00  -7.2416249367204651e-07
   2.0000000000000000e+00   4.0000000000000000e+00   1.0177197099310407e-07
   2.0000000000000000e+00   5.0000000000000000e+00  -2.8713604323826895e-07
   2.0000000000000000e+00   6.0000000000000000e+00  -7.3165486989088209e-09
   2.0000000000000000e+00   7.0000000000000000e+00  -1.4987990332952899e-07
   2.0000000000000000e+00   8.0000000000000000e+00   1.4377833305221145e-07
   2.0000000000000000e+00   9.0000000000000000e+00  -9.1346462399772656e-08
   2.0000000000000000e+00   1.0000000000000000e+01   1.7045100967636052e-07
   2.0000000000000000e+00   1.1000000000000000e+01  -1.3723146258271738e-07
   2.0000000000000000e+00   1.2000000000000000e+01   9.4164860301921789e-08
   2.0000000000000000e+00   1.3000000000000000e+01  -1.5446952284643144e-07
   2.0000000000000000e+00   1.4000000000000000e+01   5.3876288983823684e-08
   2.0000000000000000e+00   1.5000000000000000e+01  -1.2231508548410719e-07
   2.0000000000000000e+00   1.6000000000000000e+01   6.5401332485395054e-08
   2.0000000000000000e+00   1.7000000000000000e+01  -1.4762567371550668e-07
   2.0000000000000000e+00   1.8000000000000000e+01   6.4138399436564255e-08
   2.0000000000000000e+00   1.9000000000000000e+01  -1.9749662029564513e-07
   2.0000000000000000e+00   2.0000000000000000e+01   9.1937953434507653e-08
   2.0000000000000000e+00   2.1000000000000000e+01  -1.8000388497819643e-07
   2.0000000000000000e+00   2.2000000000000000e+01   1.2623696175159641e-07
   2.0000000000000000e+00   2.3000000000000000e+01  -1.4232981911212862e-07
   3.0000000000000000e+00   0.0000000000000000e+00  -2.3975651710640942e-05
   3.0000000000000000e+00   1.0000000000000000e+00   1.4497794523952544e-05
   3.0000000000000000e+00   2.0000000000000000e+00  -3.0043563326687694e-07
   3.0000000000000000e+00   3.0000000000000000e+00   3.8881723767440890e-07
   3.0000000000000000e+00   4.0000000000000000e+00   2.9619213577905138e-07
   3.0000000000000000e+00   5.0000000000000000e+00   8.2673652316566823e-08
   3.0000000000000000e+00   6.0000000000000000e+00   6.4664011639145932e-08
   3.0000000000000000e+00   7.0000000000000000e+00   3.4120761498363890e-08
   3.0000000000000000e+00   8.0000000000000000e+00  -3.9438533884113608e-08
   3.0000000000000000e+00   9.0000000000000000e+00  -1.8636163638107587e-08
   3.0000000000000000e+00   1.0000000000000000e+01  -3.4981046669979492e-08
   3.0000000000000000e+00   1.1000000000000000e+01   2.7129085915508239e-09
   3.0000000000000000e+00   1.2000000000000000e+01   7.8223002567737169e-09
   3.0000000000000000e+00   1.3000000000000000e+01   4.9275347596388885e-09
   3.0000000000000000e+00   1.4000000000000000e+01   1.1554321641550431e-08
   3.0000000000000000e+00   1.5000000000000000e+01  -3.7480817098698662e-08
   3.0000000000000000e+00   1.6000000000000000e+01   1.8172071004634192e-08
   3.0000000000000000e+00   1.7000000000000000e+01  -5.3033229293336363e-08
   3.0000000000000000e+00   1.8000000000000000e+01   6.2555444587381935e-08
   3.0000000000000000e+00   1.9000000000000000e+01  -5.4502695925717008e-08
   3.0000000000000000e+00   2.0000000000000000e+01   6.8658022729466196e-08
   3.0000000000000000e+00   2.1000000000000000e+01  -7.1989445866443260e-08
   3.0000000000000000e+00   2.2000000000000000e+01   5.3209290722885224e-08
   4.0000000000000000e+00   0.0000000000000000e+00   4.5398312368525958e-05
   4.0000000000000000e+00   1.0000000000000000e+00   1.6766693112872451e-06
   4.0000000000000000e+00   2.0000000000000000e+00   9.2078505373909218e-07
   4.0000000000000000e+00   3.0000000000000000e+00   4.7791556224066771e-07
   4.0000000000000000e+00   4.0000000000000000e+00  -3.1763604421681007e-07
   4.0000000000000000e+00   5.0000000000000000e+00   2.2262870184613025e-07
   4.0000000000000000e+00   6.0000000000000000e+00  -9.8753562694287653e-08
   4.0000000000000000e+00   7.0000000000000000e+00   9.4016604382204712e-08
   4.0000000000000000e+00   8.0000000000000000e+00  -7.9716689313913641e-09
   4.0000000000000000e+00   9.0000000000000000e+00   3.1511378834655035e-08
   4.0000000000000000e+00   1.0000000000000000e+01   1.9035267372176575e-09
   4.0000000000000000e+00   1.1000000000000000e+01  -6.4011949233260059e-09
   4.0000000000000000e+00   1.2000000000000000e+01   6.3196045415636728e-09
   4.0000000000000000e+00   1.3000000000000000e+01  -9.6675324478803496e-09
   4.0000000000000000e+00   1.4000000000000000e+01   3.2848583291858802e-08
   4.0000000000000000e+00   1.5000000000000000e+01   8.9214999863620564e-09
   4.0000000000000000e+00   1.6000000000000000e+01   4.9928276162169518e-08
   4.0000000000000000e+00   1.7000000000000000e+01   1.8096782920417549e-08
   4.0000000000000000e+00   1.8000000000000000e+01   4.6949819467686706e-08
   4.0000000000000000e+00   1.9000000000000000e+01   1.2494475268197265e-08
   4.0000000000000000e+00   2.0000000000000000e+01   5.4903440274627815e-08
   4.0000000000000000e+00   2.1000000000000000e+01  -1.0133319936460083e-09
   5.0000000000000000e+00   0.0000000000000000e+00   1.8755660685707748e-05
   5.0000000000000000e+00   1.0000000000000000e+00   1.9021835046781869e-06
   5.0000000000000000e+00   2.0000000000000000e+00   5.1683667362751866e-07
   5.0000000000000000e+00   3.0000000000000000e+00  -6.0745490071778839e-08
   5.0000000000000000e+00   4.0000000000000000e+00   8.2180970042820265e-08
   5.0000000000000000e+00   5.0000000000000000e+00  -1.0095660669853667e-08
   5.0000000000000000e+00   6.0000000000000000e+00   8.4104986084879279e-08
   5.0000000000000000e+00   7.0000000000000000e+00   6.2248485903496456e-08
   5.0000000000000000e+00   8.0000000000000000e+00   1.0808953708363025e-08
   5.0000000000000000e+00   9.0000000000000000e+00   4.0050710955462580e-08
   5.0000000000000000e+00   1.0000000000000000e+01  -3.7811825176461648e-08
   5.0000000000000000e+00   1.1000000000000000e+01   2.4337697786040535e-08
   5.0000000000000000e+00   1.2000000000000000e+01  -4.5998594799122233e-08
   5.0000000000000000e+00   1.3000000000000000e+01   3.7825748234919661e-08
   5.0000000000000000e+00   1.4000000000000000e+01  -4.8405419544931063e-08
   5.0000000000000000e+00   1.5000000000000000e+01   5.4117453539676510e-08
   5.0000000000000000e+00   1.6000000000000000e+01  -5.4440996455361640e-08
   5.0000000000000000e+00   1.7000000000000000e+01   6.2030568739474231e-08
   5.0000000000000000e+00   1.8000000000000000e+01  -5.6731173380372221e-08
   5.0000000000000000e+00   1.9000000000000000e+01   5.9948138351378330e-08
   5.0000000000000000e+00   2.0000000000000000e+01  -4.1896315669935085e-08
   6.0000000000000000e+00   0.0000000000000000e+00  -8.5025381108299338e-06
   6.0000000000000000e+00   1.0000000000000000e+00   3.4782466013925447e-06
   6.0000000000000000e+00   2.0000000000000000e+00  -4.5088744439615612e-07
   6.0000000000000000e+00   3.0000000000000000e+00   1.5224133067394786e-08
   6.0000000000000000e+00   4.0000000000000000e+00   5.2185768596475268e-08
   6.0000000000000000e+00   5.0000000000000000e+00  -3.1484850985171605e-08
   6.0000000000000000e+00   6.0000000000000000e+00   8.6798295322088294e-08
   6.0000000000000000e+00   7.0000000000000000e+00  -6.0732237344443501e-09
   6.0000000000000000e+00   8.0000000000000000e+00   5.8293449905684882e-08
   6.0000000000000000e+00   9.0000000000000000e+00   4.5386857914434048e-09
   6.0000000000000000e+00   1.0000000000000000e+01   9.9135490261345535e-09
   6.0000000000000000e+00   1.1000000000000000e+01  -4.0092396889871341e-09
   6.0000000000000000e+00   1.2000000000000000e+01  -1.5320559053678275e-08
   6.0000000000000000e+00   1.3000000000000000e+01  -1.5009191832199723e-08
   6.0000000000000000e+00   1.4000000000000000e+01  -1.2856944000829218e-08
   6.0000000000000000e+00   1.5000000000000000e+01  -4.3675699892189572e-09
   6.0000000000000000e+00   1.6000000000000000e+01  -7.4320259428200499e-09
   6.0000000000000000e+00   1.7000000000000000e+01  -6.4053363616669878e-10
   6.0000000000000000e+00   1.8000000000000000e+01  -9.7842456781962162e-09
   6.0000000000000000e+00   1.9000000000000000e+01  -6.3158169418579269e-09
   7.0000000000000000e+00   0.0000000000000000e+00   5.9730502594454780e-06
   7.0000000000000000e+00   1.0000000000000000e+00  -2.5158096977720896e-06
   7.0000000000000000e+00   2.0000000000000000e+00   2.8500063209639281e-07
   7.0000000000000000e+00   3.0000000000000000e+00  -3.5553827857697112e-07
   7.0000000000000000e+00   4.0000000000000000e+00   2.4152914758176971e-08
   7.0000000000000000e+00   5.0000000000000000e+00  -5.7542974594023027e-08
   7.0000000000000000e+00   6.0000000000000000e+00   2.3377851214656113e-08
   7.0000000000000000e+00   7.0000000000000000e+00   1.2748350527178141e-08
   7.0000000000000000e+00   8.0000000000000000e+00   2.6772893577514515e-08
   7.0000000000000000e+00   9.0000000000000000e+00   5.6719280883063343e-09
   7.0000000000000000e+00   1.0000000000000000e+01   1.9035091325129888e-08
   7.0000000000000000e+00   1.1000000000000000e+01   5.7099333609190833e-09
   7.0000000000000000e+00   1.2000000000000000e+01  -6.8764278866918573e-09
   7.0000000000000000e+00   1.3000000000000000e+01  -1.9639614767403607e-09
   7.0000000000000000e+00   1.4000000000000000e+01  -1.9294716157403157e-08
   7.0000000000000000e+00   1.5000000000000000e+01  -2.5100103723884889e-09
   7.0000000000000000e+00   1.6000000000000000e+01  -3.7345057151428642e-09
   7.0000000000000000e+00   1.7000000000000000e+01   4.1541005316514442e-09
   7.0000000000000000e+00   1.8000000000000000e+01   1.0079941691946931e-09
   8.0000000000000000e+00   0.0000000000000000e+00  -4.1567846420738017e-06
   8.0000000000000000e+00   1.0000000000000000e+00  -1.1877870102695830e-06
   8.0000000000000000e+00   2.0000000000000000e+00  -3.7203662478383833e-07
   8.0000000000000000e+00   3.0000000000000000e+00  -6.3791920965867442e-08
   8.0000000000000000e+00   4.0000000000000000e+00  -2.0869425500159664e-08
   8.0000000000000000e+00   5.0000000000000000e+00  -4.1951713556519137e-08
   8.0000000000000000e+00   6.0000000000000000e+00   3.3080410381663273e-08
   8.0000000000000000e+00   7.0000000000000000e+00  -1.4042621419892578e-08
   8.0000000000000000e+00   8.0000000000000000e+00   1.1183128992297914e-08
   8.0000000000000000e+00   9.0000000000000000e+00   1.1493922050369264e-08
   8.0000000000000000e+00   1.0000000000000000e+01   5.4952195588835288e-09
   8.0000000000000000e+00   1.1000000000000000e+01   2.1812702716909697e-08
   8.0000000000000000e+00   1.2000000000000000e+01   1.4807415459190070e-08
   8.0000000000000000e+00   1.3000000000000000e+01   1.2296405815415970e-08
   8.0000000000000000e+00   1.4000000000000000e+01   2.4201105554968612e-08
   8.0000000000000000e+00   1.5000000000000000e+01   9.6193013967417820e-09
   8.0000000000000000e+00   1.6000000000000000e+01   3.4333089768158555e-08
   8.0000000000000000e+00   1.7000000000000000e+01   1.9639684925744246e-08
   9.0000000000000000e+00   0.0000000000000000e+00  -7.2144530249875150e-06
   9.0000000000000000e+00   1.0000000000000000e+00   7.5839661178826422e-07
   9.0000000000000000e+00   2.0000000000000000e+00  -5.3797694199251178e-07
   9.0000000000000000e+00   3.0000000000000000e+00   5.6048719237725853e-08
   9.0000000000000000e+00   4.0000000000000000e+00  -4.5617422480000204e-08
   9.0000000000000000e+00   5.0000000000000000e+00   2.4493946519733716e-08
   9.0000000000000000e+00   6.0000000000000000e+00  -5.2892958353794804e-09
   9.0000000000000000e+00   7.0000000000000000e+00  -1.8316134583173287e-08
   9.0000000000000000e+00   8.0000000000000000e+00   2.1688249502401289e-08
   9.0000000000000000e+00   9.0000000000000000e+00  -2.5225885714377940e-08
   9.0000000000000000e+00   1.0000000000000000e+01   2.9407286172299827e-08
   9.0000000000000000e+00   1.1000000000000000e+01  -9.8780142887068543e-09
   9.0000000000000000e+00   1.2000000000000000e+01   2.4794003135906805e-08
   9.0000000000000000e+00   1.3000000000000000e+01  -2.8488086656596006e-08
   9.0000000000000000e+00   1.4000000000000000e+01   1.1565093885923593e-08
   9.0000000000000000e+00   1.5000000000000000e+01  -4.2951087593863061e-08
   9.0000000000000000e+00   1.6000000000000000e+01  -3.3158462536271021e-09
   1.0000000000000000e+01   0.0000000000000000e+00   2.5148816524350948e-06
   1.0000000000000000e+01   1.0000000000000000e+00  -4.7883401935489000e-07
   1.0000000000000000e+01   2.0000000000000000e+00   1.1961386962635659e-07
   1.0000000000000000e+01   3.0000000000000000e+00  -9.1982996190536762e-08
   1.0000000000000000e+01   4.0000000000000000e+00   5.9632680875009154e-08
   1.0000000000000000e+01   5.0000000000000000e+00  -2.8536657180663087e-09
   1.0000000000000000e+01   6.0000000000000000e+00   8.9885463685720351e-10
   1.0000000000000000e+01   7.0000000000000000e+00   6.2662333407444582e-09
   1.0000000000000000e+01   8.0000000000000000e+00  -3.5784678611132353e-09
   1.0000000000000000e+01   9.0000000000000000e+00   3.5827382228269864e-09
   1.0000000000000000e+01   1.0000000000000000e+01   1.2853776926391162e-08
   1.0000000000000000e+01   1.1000000000000000e+01   2.3085706613310297e-08
   1.0000000000000000e+01   1.2000000000000000e+01   8.2750809234047865e-09
   1.0000000000000000e+01   1.3000000000000000e+01   3.3648566374881529e-08
   1.0000000000000000e+01   1.4000000000000000e+01   8.0968835526813901e-10
   1.0000000000000000e+01   1.5000000000000000e+01   4.0756604549491798e-08
   1.1000000000000000e+01   0.0000000000000000e+00   2.4334574674775602e-06
   1.1000000000000000e+01   1.0000000000000000e+00  -6.1045315419558657e-09
   1.1000000000000000e+01   2.0000000000000000e+00   1.2108400076592909e-07
   1.1000000000000000e+01   3.0000000000000000e+00   6.5083435304284269e-08
   1.1000000000000000e+01   4.0000000000000000e+00   3.9001254147657888e-08
   1.1000000000000000e+01   5.0000000000000000e+00   3.6379389561406932e-08
   1.1000000000000000e+01   6.0000000000000000e+00   1.3199109061823795e-09
   1.1000000000000000e+01   7.0000000000000000e+00  -3.9449396005281165e-09
   1.1000000000000000e+01   8.0000000000000000e+00   2.2362070766380554e-09
   1.1000000000000000e+01   9.0000000000000000e+00   1.5150355658814339e-08
   1.1000000000000000e+01   1.0000000000000000e+01  -1.0284985430582519e-08
   1.1000000000000000e+01   1.1000000000000000e+01   1.9708379746118311e-08
   1.1000000000000000e+01   1.2000000000000000e+01  -1.8245272684367188e-08
   1.1000000000000000e+01   1.3000000000000000e+01  -5.5209602484557407e-09
   1.1000000000000000e+01   1.4000000000000000e+01  -3.8945230140173910e-08
   1.2000000000000000e+01   0.0000000000000000e+00  -4.7759747446513675e-07
   1.2000000000000000e+01   1.0000000000000000e+00   7.0277373194716724e-07
   1.2000000000000000e+01   2.0000000000000000e+00   1.7163520904772493e-08
   1.2000000000000000e+01   3.0000000000000000e+00   7.3142063397793523e-08
   1.2000000000000000e+01   4.0000000000000000e+00   4.2662706011350051e-08
   1.2000000000000000e+01   5.0000000000000000e+00   5.7758173420280754e-08
   1.2000000000000000e+01   6.0000000000000000e+00  -2.3404205931776071e-08
   1.2000000000000000e+01   7.0000000000000000e+00   1.3535721256186256e-08
   1.2000000000000000e+01   8.0000000000000000e+00   1.5121047926552720e-08
   1.2000000000000000e+01   9.0000000000000000e+00  -7.6823571464039409e-09
   1.2000000000000000e+01   1.0000000000000000e+01   3.1422242191013612e-08
   1.2000000000000000e+01   1.1000000000000000e+01   3.4052003660743034e-09
   1.2000000000000000e+01   1.2000000000000000e+01   3.5124796631629934e-08
   1.2000000000000000e+01   1.3000000000000000e+01   1.6827597101571579e-08
   1.3000000000000000e+01   0.0000000000000000e+00   3.2690925569612858e-07
   1.3000000000000000e+01   1.0000000000000000e+00   5.6913190126791325e-08
   1.3000000000000000e+01   2.0000000000000000e+00   8.1323671908415789e-08
   1.3000000000000000e+01   3.0000000000000000e+00   2.8143572610427488e-08
   1.3000000000000000e+01   4.0000000000000000e+00   5.6000891852003272e-08
   1.3000000000000000e+01   5.0000000000000000e+00   1.7628842367942668e-09
   1.3000000000000000e+01   6.0000000000000000e+00  -1.9659427481461034e-09
   1.3000000000000000e+01   7.0000000000000000e+00  -4.8253046278388914e-09
   1.3000000000000000e+01   8.0000000000000000e+00   4.7472998844771161e-09
   1.3000000000000000e+01   9.0000000000000000e+00  -2.5941408688408005e-09
   1.3000000000000000e+01   1.0000000000000000e+01   2.7913034619848366e-09
   1.3000000000000000e+01   1.1000000000000000e+01  -2.0371566594751982e-08
   1.3000000000000000e+01   1.2000000000000000e+01   3.1629520727461855e-09
   1.4000000000000000e+01   0.0000000000000000e+00   2.2937173596961748e-07
   1.4000000000000000e+01   1.0000000000000000e+00  -1.8223675584611233e-07
   1.4000000000000000e+01   2.0000000000000000e+00   8.8245599342051858e-08
   1.4000000000000000e+01   3.0000000000000000e+00   3.8371447492280475e-08
   1.4000000000000000e+01   4.0000000000000000e+00   7.6574822096596020e-09
   1.4000000000000000e+01   5.0000000000000000e+00   2.9232063020453434e-09
   1.4000000000000000e+01   6.0000000000000000e+00  -1.2594985096183845e-08
   1.4000000000000000e+01   7.0000000000000000e+00  -2.0241554717518520e-08
   1.4000000000000000e+01   8.0000000000000000e+00   1.1232933554231269e-08
   1.4000000000000000e+01   9.0000000000000000e+00  -4.0936080373907996e-09
   1.4000000000000000e+01   1.0000000000000000e+01   5.9829592946907106e-09
   1.4000000000000000e+01   1.1000000000000000e+01   2.8089056023045072e-09
   1.5000000000000000e+01   0.0000000000000000e+00  -5.9015925587967726e-07
   1.5000000000000000e+01   1.0000000000000000e+00   1.1969503089279577e-07
   1.5000000000000000e+01   2.0000000000000000e+00   3.8603407521178928e-08
   1.5000000000000000e+01   3.0000000000000000e+00  -2.7190581327977846e-09
   1.5000000000000000e+01   4.0000000000000000e+00   8.1987356240698685e-09
   1.5000000000000000e+01   5.0000000000000000e+00  -1.1338676447036978e-08
   1.5000000000000000e+01   6.0000000000000000e+00  -1.5288335037583075e-08
   1.5000000000000000e+01   7.0000000000000000e+00  -1.1298860355362192e-08
   1.5000000000000000e+01   8.0000000000000000e+00   9.0630949747307526e-09
   1.5000000000000000e+01   9.0000000000000000e+00  -2.5776144659586553e-08
   1.5000000000000000e+01   1.0000000000000000e+01   5.2922572720234427e-09
   1.6000000000000000e+01   0.0000000000000000e+00   2.9640620501953930e-08
   1.6000000000000000e+01   1.0000000000000000e+00   8.1539563145394745e-08
   1.6000000000000000e+01   2.0000000000000000e+00   2.8711156999018906e-08
   1.6000000000000000e+01   3.0000000000000000e+00   4.9118686359652314e-09
   1.6000000000000000e+01   4.0000000000000000e+00  -4.5111543562713740e-10
   1.6000000000000000e+01   5.0000000000000000e+00  -3.2926149636052523e-08
   1.6000000000000000e+01   6.0000000000000000e+00   1.6443806859217737e-08
   1.6000000000000000e+01   7.0000000000000000e+00  -2.3518183350236717e-08
   1.6000000000000000e+01   8.0000000000000000e+00   1.4168030826859861e-08
   1.6000000000000000e+01   9.0000000000000000e+00  -1.0416432080618779e-08
   1.7000000000000000e+01   0.0000000000000000e+00   4.6551280246166678e-07
   1.7000000000000000e+01   1.0000000000000000e+00   5.0058400365365477e-08
   1.7000000000000000e+01   2.0000000000000000e+00   2.1080460310437249e-08
   1.7000000000000000e+01   3.0000000000000000e+00   2.7100712866819968e-08
   1.7000000000000000e+01   4.0000000000000000e+00  -1.1068079456269888e-08
   1.7000000000000000e+01   5.0000000000000000e+00  -1.4673290124886026e-08
   1.7000000000000000e+01   6.0000000000000000e+00   4.6924296252588200e-10
   1.7000000000000000e+01   7.0000000000000000e+00  -1.7988267081725525e-08
   1.7000000000000000e+01   8.0000000000000000e+00   2.1719845270077030e-08
   1.8000000000000000e+01   0.0000000000000000e+00   1.1378492579309228e-08
   1.8000000000000000e+01   1.0000000000000000e+00   5.5008869686768637e-08
   1.8000000000000000e+01   2.0000000000000000e+00   4.4891441318769084e-08
   1.8000000000000000e+01   3.0000000000000000e+00   1.1978147529262109e-08
   1.8000000000000000e+01   4.0000000000000000e+00  -1.5202714700448127e-08
   1.8000000000000000e+01   5.0000000000000000e+00  -3.5238769815252952e-09
   1.8000000000000000e+01   6.0000000000000000e+00   4.7108767371112029e-09
   1.8000000000000000e+01   7.0000000000000000e+00  -1.6759758432458264e-08
   1.9000000000000000e+01   0.0000000000000000e+00  -1.8613747688968114e-07
   1.9000000000000000e+01   1.0000000000000000e+00   6.6442357944661334e-08
   1.9000000000000000e+01   2.0000000000000000e+00  -8.4823538837082574e-09
   1.9000000000000000e+01   3.0000000000000000e+00   3.0638350402808736e-09
   1.9000000000000000e+01   4.0000000000000000e+00   2.3554297910461864e-08
   1.9000000000000000e+01   5.0000000000000000e+00  -3.2129308181653622e-08
   1.9000000000000000e+01   6.0000000000000000e+00   7.0418251181637885e-09
   2.0000000000000000e+01   0.0000000000000000e+00   6.3575454937667131e-08
   2.0000000000000000e+01   1.0000000000000000e+00  -6.7964904097718971e-08
   2.0000000000000000e+01   2.0000000000000000e+00   4.6545074490976621e-08
   2.0000000000000000e+01   3.0000000000000000e+00   1.1898232235350230e-08
   2.0000000000000000e+01   4.0000000000000000e+00  -3.4330036669177755e-08
   2.0000000000000000e+01   5.0000000000000000e+00  -5.8468289131213907e-10
   2.1000000000000000e+01   0.0000000000000000e+00  -5.9503383110912856e-08
   2.1000000000000000e+01   1.0000000000000000e+00   3.0037747827977978e-08
   2.1000000000000000e+01   2.0000000000000000e+00  -6.3378268961645972e-09
   2.1000000000000000e+01   3.0000000000000000e+00  -2.5316437357951144e-08
   2.1000000000000000e+01   4.0000000000000000e+00   1.2984906493218444e-08
   2.2000000000000000e+01   0.0000000000000000e+00  -1.1519359377811380e-09
   2.2000000000000000e+01   1.0000000000000000e+00  -4.9045059018055595e-08
   2.2000000000000000e+01   2.0000000000000000e+00   2.7675682151232112e-08
   2.2000000000000000e+01   3.0000000000000000e+00  -1.1665419097651285e-08
   2.3000000000000000e+01   0.0000000000000000e+00   2.8776434772527527e-08
   2.3000000000000000e+01   1.0000000000000000e+00   4.7311514668886617e-08
   2.3000000000000000e+01   2.0000000000000000e+00  -3.2361234255580760e-08
   2.4000000000000000e+01   0.0000000000000000e+00   3.4108188800844463e-08
   2.4000000000000000e+01   1.0000000000000000e+00  -3.6007779196418715e-08
   2.5000000000000000e+01   0.0000000000000000e+00  -4.4294322384542360e-08
