   0.0000000000000000e+00   0.0000000000000000e+00   4.4380922683447051e-04
   0.0000000000000000e+00   1.0000000000000000e+00   2.0970492625119531e-05
   0.0000000000000000e+00   2.0000000000000000e+00   4.8931230272792557e-05
   0.0000000000000000e+00   3.0000000000000000e+00  -4.3205445688380631e-06
   0.0000000000000000e+00   4.0000000000000000e+00   1.0550462127509077e-05
   0.0000000000000000e+00   5.0000000000000000e+00   1.1816571326441363e-05
   0.0000000000000000e+00   6.0000000000000000e+00   7.6940481869377345e-07
   0.0000000000000000e+00   7.0000000000000000e+00   1.6327547304459855e-06
   0.0000000000000000e+00   8.0000000000000000e+00   1.1318827878063237e-06
   0.0000000000000000e+00   9.0000000000000000e+00  -9.4052833273513153e-07
   0.0000000000000000e+00   1.0000000000000000e+01   1.8020710389441172e-06
   0.0000000000000000e+00   1.1000000000000000e+01  -4.3547335752792564e-07
   0.0000000000000000e+00   1.2000000000000000e+01   1.2985393488283160e-06
   0.0000000000000000e+00   1.3000000000000000e+01   5.7755490822658036e-07
   0.0000000000000000e+00   1.4000000000000000e+01   1.0706194228385606e-06
   0.0000000000000000e+00   1.5000000000000000e+01   6.8690887305336947e-07
   0.0000000000000000e+00   1.6000000000000000e+01   1.1985986823993476e-06
   0.0000000000000000e+00   1.7000000000000000e+01   5.0243451472130880e-07
   0.0000000000000000e+00   1.8000000000000000e+01   8.1034907755354359e-07
   0.0000000000000000e+00   1.9000000000000000e+01   2.9353415634352543e-07
   0.0000000000000000e+00   2.0000000000000000e+01   3.8508774153118900e-07
   0.0000000000000000e+00   2.1000000000000000e+01  -2.3992984513276132e-07
   0.0000000000000000e+00   2.2000000000000000e+01   3.1089937548494586e-07
   0.0000000000000000e+00   2.3000000000000000e+01  -3.7109339301531001e-07
   0.0000000000000000e+00   2.4000000000000000e+01   9.9221371041614948e-08
   0.0000000000000000e+00   2.5000000000000000e+01  -1.3518857110100647e-07
   1.0000000000000000e+00   0.0000000000000000e+00   1.0677201781601587e-04
   1.0000000000000000e+00   1.0000000000000000e+00  -2.3089876203895774e-05
   1.0000000000000000e+00   2.0000000000000000e+00   1.5086134110388807e-05
   1.0000000000000000e+00   3.0000000000000000e+00  -9.0430437437898553e-06
   1.0000000000000000e+00   4.0000000000000000e+00   3.7457636583385060e-06
   1.0000000000000000e+00   5.0000000000000000e+00   1.2599149251641071e-05
   1.0000000000000000e+00   6.0000000000000000e+00  -2.4738457946625233e-07
   1.0000000000000000e+00   7.0000000000000000e+00   3.4682346165908219e-06
   1.0000000000000000e+00   8.0000000000000000e+00   2.3658338635534564e-06
   1.0000000000000000e+00   9.0000000000000000e+00  -1.5538354366580767e-06
   1.0000000000000000e+00   1.0000000000000000e+01   1.5014441640099978e-06
   1.0000000000000000e+00   1.1000000000000000e+01  -1.6249653056826448e-06
   1.0000000000000000e+00   1.2000000000000000e+01   3.3070930436209175e-07
   1.0000000000000000e+00   1.3000000000000000e+01  -5.3241806978238250e-07
   1.0000000000000000e+00   1.4000000000000000e+01  -2.4108752388477352e-07
   1.0000000000000000e+00   1.5000000000000000e+01  -3.1201665890833999e-07
   1.0000000000000000e+00   1.6000000000000000e+01  -5.8636112017619133e-07
   1.0000000000000000e+00   1.7000000000000000e+01  -3.4987119290598621e-07
   1.0000000000000000e+00   1.8000000000000000e+01  -7.1114953386023550e-07
   1.0000000000000000e+00   1.9000000000000000e+01  -1.4997091112454911e-07
   1.0000000000000000e+00   2.0000000000000000e+01  -2.5719540443410783e-07
   1.0000000000000000e+00   2.1000000000000000e+01  -1.9082527804149235e-07
   1.0000000000000000e+00   2.2000000000000000e+01   2.4677212577090439e-07
   1.0000000000000000e+00   2.3000000000000000e+01  -2.9199758839105151e-07
   1.0000000000000000e+00   2.4000000000000000e+01   2.8866097446537237e-07
   2.0000000000000000e+00   0.0000000000000000e+00   2.0265163882470465e-04
   2.0000000000000000e+00   1.0000000000000000e+00  -6.2183849132349697e-06
   2.0000000000000000e+00   2.0000000000000000e+00   1.1919263882499481e-05
   2.0000000000000000e+00   3.0000000000000000e+00  -6.6285425367209532e-06
   2.0000000000000000e+00   4.0000000000000000e+00   5.8863885370675360e-06
   2.0000000000000000e+00   5.0000000000000000e+00   4.0003457853274731e-06
   2.0000000000000000e+00   6.0000000000000000e+00   4.5187524162640007e-07
   2.0000000000000000e+00   7.0000000000000000e+00  -6.3809889005229674e-07
   2.0000000000000000e+00   8.0000000000000000e+00   9.1279577730081507e-07
   2.0000000000000000e+00   9.0000000000000000e+00  -5.6167251136594955e-07
   2.0000000000000000e+00   1.0000000000000000e+01   7.5392650433765518e-07
   2.0000000000000000e+00   1.1000000000000000e+01  -6.1600533435349243e-08
   2.0000000000000000e+00   1.2000000000000000e+01   5.8818136316048075e-07
   2.0000000000000000e+00   1.3000000000000000e+01   5.7361924936082325e-08
   2.0000000000000000e+00   1.4000000000000000e+01   7.0397271432128147e-07
   2.0000000000000000e+00   1.5000000000000000e+01   3.6945357600609982e-07
   2.0000000000000000e+00   1.6000000000000000e+01   8.3973526976635657e-07
   2.0000000000000000e+00   1.7000000000000000e+01   6.0790588619708202e-07
   2.0000000000000000e+00   1.8000000000000000e+01   5.4464078043290378e-07
   2.0000000000000000e+00   1.9000000000000000e+01   2.9461204138137866e-07
   2.0000000000000000e+00   2.0000000000000000e+01   2.0147116182435062e-07
   2.0000000000000000e+00   2.1000000000000000e+01  -7.2038552801609155e-08
   2.0000000000000000e+00   2.2000000000000000e+01   1.5608086888994772e-07
   2.0000000000000000e+00   2.3000000000000000e+01  -1.1649647901143742e-07
   3.0000000000000000e+00   0.0000000000000000e+00  -7.3546023136194909e-05
   3.0000000000000000e+00   1.0000000000000000e+00  -8.9003537627685214e-07
   3.0000000000000000e+00   2.0000000000000000e+00   1.8124344276258206e-06
   3.0000000000000000e+00   3.0000000000000000e+00   6.2630495668666496e-07
   3.0000000000000000e+00   4.0000000000000000e+00  -2.1954579988381526e-08
   3.0000000000000000e+00   5.0000000000000000e+00   9.0112472218844814e-07
   3.0000000000000000e+00   6.0000000000000000e+00  -2.7303900272687979e-08
   3.0000000000000000e+00   7.0000000000000000e+00   1.3897457728295451e-06
   3.0000000000000000e+00   8.0000000000000000e+00  -9.4156809953074133e-07
   3.0000000000000000e+00   9.0000000000000000e+00   4.3715293266685180e-07
   3.0000000000000000e+00   1.0000000000000000e+01  -6.2974247227367941e-07
   3.0000000000000000e+00   1.1000000000000000e+01  -6.6754709831047193e-08
   3.0000000000000000e+00   1.2000000000000000e+01  -1.7498101695879019e-07
   3.0000000000000000e+00   1.3000000000000000e+01  -2.4872489759571382e-07
   3.0000000000000000e+00   1.4000000000000000e+01  -3.7642770901562881e-07
   3.0000000000000000e+00   1.5000000000000000e+01  -7.8316777122777961e-07
   3.0000000000000000e+00   1.6000000000000000e+01  -6.0197154818652209e-07
   3.0000000000000000e+00   1.7000000000000000e+01  -1.0437484520729474e-06
   3.0000000000000000e+00   1.8000000000000000e+01  -4.4670541302765096e-07
   3.0000000000000000e+00   1.9000000000000000e+01  -5.6351113354399773e-07
   3.0000000000000000e+00   2.0000000000000000e+01  -2.5042738892805340e-07
   3.0000000000000000e+00   2.1000000000000000e+01  -1.6283074170528330e-07
   3.0000000000000000e+00   2.2000000000000000e+01  -1.8062743878668714e-07
   4.0000000000000000e+00   0.0000000000000000e+00   2.5564649080531358e-06
   4.0000000000000000e+00   1.0000000000000000e+00   9.1368876667257366e-06
   4.0000000000000000e+00   2.0000000000000000e+00  -7.1585403733459113e-06
   4.0000000000000000e+00   3.0000000000000000e+00   1.5266288984171226e-08
   4.0000000000000000e+00   4.0000000000000000e+00  -5.0978933879315566e-07
   4.0000000000000000e+00   5.0000000000000000e+00  -1.0435341322450924e-06
   4.0000000000000000e+00   6.0000000000000000e+00   1.3551304839525257e-06
   4.0000000000000000e+00   7.0000000000000000e+00   3.3174644711308494e-08
   4.0000000000000000e+00   8.0000000000000000e+00   9.7261553007985363e-07
   4.0000000000000000e+00   9.0000000000000000e+00   7.5105719646044504e-07
   4.0000000000000000e+00   1.0000000000000000e+01   4.8098242676846960e-07
   4.0000000000000000e+00   1.1000000000000000e+01   1.0481845197335185e-06
   4.0000000000000000e+00   1.2000000000000000e+01   9.9944962385616746e-08
   4.0000000000000000e+00   1.3000000000000000e+01   1.1497978433116364e-06
   4.0000000000000000e+00   1.4000000000000000e+01   3.6712299483787422e-07
   4.0000000000000000e+00   1.5000000000000000e+01   9.5278442459368819e-07
   4.0000000000000000e+00   1.6000000000000000e+01   8.4290061799603941e-07
   4.0000000000000000e+00   1.7000000000000000e+01   6.7676973254611626e-07
   4.0000000000000000e+00   1.8000000000000000e+01   5.4893465699967419e-07
   4.0000000000000000e+00   1.9000000000000000e+01   5.6461669364631224e-07
   4.0000000000000000e+00   2.0000000000000000e+01   1.6594162150096207e-07
   4.0000000000000000e+00   2.1000000000000000e+01   4.2269367744749818e-07
   5.0000000000000000e+00   0.0000000000000000e+00  -4.1160776507106911e-05
   5.0000000000000000e+00   1.0000000000000000e+00  -5.2633369519086825e-06
   5.0000000000000000e+00   2.0000000000000000e+00   1.3630551696815232e-06
   5.0000000000000000e+00   3.0000000000000000e+00   2.9004440485481285e-06
   5.0000000000000000e+00   4.0000000000000000e+00  -5.3999728694918779e-07
   5.0000000000000000e+00   5.0000000000000000e+00   4.8346695235589210e-07
   5.0000000000000000e+00   6.0000000000000000e+00   2.9848898553876562e-07
   5.0000000000000000e+00   7.0000000000000000e+00   1.3657923077879656e-06
   5.0000000000000000e+00   8.0000000000000000e+00   2.9689267552280639e-07
   5.0000000000000000e+00   9.0000000000000000e+00   1.0878435408490018e-06
   5.0000000000000000e+00   1.0000000000000000e+01   1.5108833252019641e-07
   5.0000000000000000e+00   1.1000000000000000e+01   5.1725142550079636e-07
   5.0000000000000000e+00   1.2000000000000000e+01   2.7301574657325643e-08
   5.0000000000000000e+00   1.3000000000000000e+01  -5.4308025396030692e-09
   5.0000000000000000e+00   1.4000000000000000e+01  -2.3451480066425093e-07
   5.0000000000000000e+00   1.5000000000000000e+01  -2.6017184525398580e-07
   5.0000000000000000e+00   1.6000000000000000e+01  -4.6142624832030987e-07
   5.0000000000000000e+00   1.7000000000000000e+01  -2.1017316606726477e-07
   5.0000000000000000e+00   1.8000000000000000e+01  -5.2119633443385856e-07
   5.0000000000000000e+00   1.9000000000000000e+01  -1.7394549601316195e-07
   5.0000000000000000e+00   2.0000000000000000e+01  -3.3791593705027112e-07
   6.0000000000000000e+00   0.0000000000000000e+00   1.4878230561451166e-05
   6.0000000000000000e+00   1.0000000000000000e+00   8.0387404075044042e-06
   6.0000000000000000e+00   2.0000000000000000e+00   2.3195766036683079e-06
   6.0000000000000000e+00   3.0000000000000000e+00   8.0423783161327353e-07
   6.0000000000000000e+00   4.0000000000000000e+00   2.8600120234977723e-06
   6.0000000000000000e+00   5.0000000000000000e+00  -5.3729706100323329e-07
   6.0000000000000000e+00   6.0000000000000000e+00   1.4325245124276265e-06
   6.0000000000000000e+00   7.0000000000000000e+00  -8.1112472071540344e-07
   6.0000000000000000e+00   8.0000000000000000e+00   9.7558702414871947e-07
   6.0000000000000000e+00   9.0000000000000000e+00  -4.5025304134774887e-07
   6.0000000000000000e+00   1.0000000000000000e+01   6.6935504479443260e-07
   6.0000000000000000e+00   1.1000000000000000e+01  -3.0538400517338936e-07
   6.0000000000000000e+00   1.2000000000000000e+01   6.4510015062643707e-07
   6.0000000000000000e+00   1.3000000000000000e+01  -1.7641402011876101e-07
   6.0000000000000000e+00   1.4000000000000000e+01   2.7305209018799032e-07
   6.0000000000000000e+00   1.5000000000000000e+01   2.8091468976782993e-08
   6.0000000000000000e+00   1.6000000000000000e+01   5.7265654765884319e-08
   6.0000000000000000e+00   1.7000000000000000e+01   1.1401650568967269e-07
   6.0000000000000000e+00   1.8000000000000000e+01   3.8734405769605713e-07
   6.0000000000000000e+00   1.9000000000000000e+01   4.2657449229571211e-08
   7.0000000000000000e+00   0.0000000000000000e+00   9.3586408373636222e-06
   7.0000000000000000e+00   1.0000000000000000e+00   5.4430055259990506e-06
   7.0000000000000000e+00   2.0000000000000000e+00  -1.5854964278020866e-06
   7.0000000000000000e+00   3.0000000000000000e+00  -2.4891392235152062e-06
   7.0000000000000000e+00   4.0000000000000000e+00  -1.5949162108737932e-06
   7.0000000000000000e+00   5.0000000000000000e+00   2.1943905272798912e-07
   7.0000000000000000e+00   6.0000000000000000e+00  -1.1514371641611843e-06
   7.0000000000000000e+00   7.0000000000000000e+00   1.3439129328081361e-07
   7.0000000000000000e+00   8.0000000000000000e+00  -1.8776684725661762e-07
   7.0000000000000000e+00   9.0000000000000000e+00   1.4500735082577654e-07
   7.0000000000000000e+00   1.0000000000000000e+01   1.0369651723877224e-07
   7.0000000000000000e+00   1.1000000000000000e+01  -1.9805240811621917e-07
   7.0000000000000000e+00   1.2000000000000000e+01   1.2023497860126895e-07
   7.0000000000000000e+00   1.3000000000000000e+01  -1.8021361061403453e-07
   7.0000000000000000e+00   1.4000000000000000e+01   4.8196734980091718e-08
   7.0000000000000000e+00   1.5000000000000000e+01  -1.6898055126333541e-09
   7.0000000000000000e+00   1.6000000000000000e+01  -2.7323027925783805e-08
   7.0000000000000000e+00   1.7000000000000000e+01  -1.3910099598094868e-07
   7.0000000000000000e+00   1.8000000000000000e+01  -1.4464336529090093e-07
   8.0000000000000000e+00   0.0000000000000000e+00   2.7206171148461434e-06
   8.0000000000000000e+00   1.0000000000000000e+00  -5.8497066976259600e-06
   8.0000000000000000e+00   2.0000000000000000e+00   1.0015227640398176e-06
   8.0000000000000000e+00   3.0000000000000000e+00  -5.0119951351777927e-07
   8.0000000000000000e+00   4.0000000000000000e+00  -4.1418973036514929e-07
   8.0000000000000000e+00   5.0000000000000000e+00  -3.5335196841910059e-07
   8.0000000000000000e+00   6.0000000000000000e+00  -1.7862936057793388e-07
   8.0000000000000000e+00   7.0000000000000000e+00  -5.1322075463174218e-07
   8.0000000000000000e+00   8.0000000000000000e+00  -1.3582994084807379e-08
   8.0000000000000000e+00   9.0000000000000000e+00  -2.1807857441159225e-07
   8.0000000000000000e+00   1.0000000000000000e+01   3.8159089189115196e-08
   8.0000000000000000e+00   1.1000000000000000e+01   1.0304912859877716e-07
   8.0000000000000000e+00   1.2000000000000000e+01   1.5356439571146137e-07
   8.0000000000000000e+00   1.3000000000000000e+01   2.1878607437353768e-07
   8.0000000000000000e+00   1.4000000000000000e+01   3.5175602197817259e-07
   8.0000000000000000e+00   1.5000000000000000e+01   1.9134243940173338e-07
   8.0000000000000000e+00   1.6000000000000000e+01   5.4277141429332706e-07
   8.0000000000000000e+00   1.7000000000000000e+01   3.2309656670874858e-07
   9.0000000000000000e+00   0.0000000000000000e+00  -2.1009216400998680e-07
   9.0000000000000000e+00   1.0000000000000000e+00  -3.4126704722462913e-06
   9.0000000000000000e+00   2.0000000000000000e+00   2.9388617548639756e-06
   9.0000000000000000e+00   3.0000000000000000e+00   2.0561975862102603e-07
   9.0000000000000000e+00   4.0000000000000000e+00   7.2000793696339333e-07
   9.0000000000000000e+00   5.0000000000000000e+00  -7.0314372964528133e-08
   9.0000000000000000e+00   6.0000000000000000e+00  -1.8751099259651010e-07
   9.0000000000000000e+00   7.0000000000000000e+00   6.5407264313080294e-08
   9.0000000000000000e+00   8.0000000000000000e+00  -2.8189225742175282e-07
   9.0000000000000000e+00   9.0000000000000000e+00   3.2520242843671245e-07
   9.0000000000000000e+00   1.0000000000000000e+01  -2.7101887739765799e-07
   9.0000000000000000e+00   1.1000000000000000e+01   3.4027244829875810e-07
   9.0000000000000000e+00   1.2000000000000000e+01  -2.8832807536646133e-07
   9.0000000000000000e+00   1.3000000000000000e+01   1.2121025386112075e-07
   9.0000000000000000e+00   1.4000000000000000e+01  -2.1805562414765784e-07
   9.0000000000000000e+00   1.5000000000000000e+01  -1.6839880386128330e-07
   9.0000000000000000e+00   1.6000000000000000e+01  -1.5592620055851277e-07
   1.0000000000000000e+01   0.0000000000000000e+00  -7.5430584162057415e-06
   1.0000000000000000e+01   1.0000000000000000e+00   2.9805551689627250e-07
   1.0000000000000000e+01   2.0000000000000000e+00   9.8125983295875301e-07
   1.0000000000000000e+01   3.0000000000000000e+00   7.4530704589753000e-07
   1.0000000000000000e+01   4.0000000000000000e+00   1.6524314970451473e-06
   1.0000000000000000e+01   5.0000000000000000e+00   4.3069835293926103e-07
   1.0000000000000000e+01   6.0000000000000000e+00   6.6851666450257591e-07
   1.0000000000000000e+01   7.0000000000000000e+00   2.1829425625080978e-07
   1.0000000000000000e+01   8.0000000000000000e+00   4.3582656521461389e-07
   1.0000000000000000e+01   9.0000000000000000e+00  -1.4150863868889760e-07
   1.0000000000000000e+01   1.0000000000000000e+01   4.3425991110300013e-07
   1.0000000000000000e+01   1.1000000000000000e+01  -2.3844952576461055e-07
   1.0000000000000000e+01   1.2000000000000000e+01   5.7817318647571240e-07
   1.0000000000000000e+01   1.3000000000000000e+01  -1.0400947254368665e-07
   1.0000000000000000e+01   1.4000000000000000e+01   6.8576688576987397e-07
   1.0000000000000000e+01   1.5000000000000000e+01   1.6782118415520503e-07
   1.1000000000000000e+01   0.0000000000000000e+00   2.3113098270771143e-06
   1.1000000000000000e+01   1.0000000000000000e+00   1.6465780289177597e-06
   1.1000000000000000e+01   2.0000000000000000e+00  -3.7122102977218465e-07
   1.1000000000000000e+01   3.0000000000000000e+00   4.0991424835438503e-07
   1.1000000000000000e+01   4.0000000000000000e+00   1.9040870882650690e-07
   1.1000000000000000e+01   5.0000000000000000e+00   3.2700799689974068e-07
   1.1000000000000000e+01   6.0000000000000000e+00  -2.2953753183967609e-07
   1.1000000000000000e+01   7.0000000000000000e+00   7.5661045586339310e-08
   1.1000000000000000e+01   8.0000000000000000e+00   5.3338513361112194e-08
   1.1000000000000000e+01   9.0000000000000000e+00  -3.4725186808788729e-08
   1.1000000000000000e+01   1.0000000000000000e+01   1.5334789572130670e-07
   1.1000000000000000e+01   1.1000000000000000e+01  -9.0719038120126503e-08
   1.1000000000000000e+01   1.2000000000000000e+01  -2.0192685700388459e-09
   1.1000000000000000e+01   1.3000000000000000e+01  -9.5729450284188329e-08
   1.1000000000000000e+01   1.4000000000000000e+01  -1.4929165775638971e-07
   1.2000000000000000e+01   0.0000000000000000e+00   5.0040586063513612e-06
   1.2000000000000000e+01   1.0000000000000000e+00   1.3034821083769796e-06
   1.2000000000000000e+01   2.0000000000000000e+00  -1.1845385970112247e-07
   1.2000000000000000e+01   3.0000000000000000e+00  -6.5587183144606082e-07
   1.2000000000000000e+01   4.0000000000000000e+00   3.9846210866078804e-07
   1.2000000000000000e+01   5.0000000000000000e+00  -6.6445260742875331e-08
   1.2000000000000000e+01   6.0000000000000000e+00   5.2413765715229452e-07
   1.2000000000000000e+01   7.0000000000000000e+00  -3.1277082959107389e-07
   1.2000000000000000e+01   8.0000000000000000e+00   6.3460678673027939e-07
   1.2000000000000000e+01   9.0000000000000000e+00  -5.2821114278166895e-07
   1.2000000000000000e+01   1.0000000000000000e+01   5.1396315742079479e-07
   1.2000000000000000e+01   1.1000000000000000e+01  -5.0432393681662054e-07
   1.2000000000000000e+01   1.2000000000000000e+01   4.2247485936588652e-07
   1.2000000000000000e+01   1.3000000000000000e+01  -4.8072280507184273e-07
   1.3000000000000000e+01   0.0000000000000000e+00  -3.8699945500320405e-07
   1.3000000000000000e+01   1.0000000000000000e+00   4.8480237650237602e-07
   1.3000000000000000e+01   2.0000000000000000e+00   2.3220109472701465e-07
   1.3000000000000000e+01   3.0000000000000000e+00  -4.9196869891270179e-07
   1.3000000000000000e+01   4.0000000000000000e+00   3.0728838872233728e-07
   1.3000000000000000e+01   5.0000000000000000e+00  -3.0550531420719118e-07
   1.3000000000000000e+01   6.0000000000000000e+00   2.2110092751809116e-07
   1.3000000000000000e+01   7.0000000000000000e+00  -1.1888092471046003e-07
   1.3000000000000000e+01   8.0000000000000000e+00   4.4725246867646332e-08
   1.3000000000000000e+01   9.0000000000000000e+00   2.5081464973862616e-07
   1.3000000000000000e+01   1.0000000000000000e+01  -2.5825704899395290e-07
   1.3000000000000000e+01   1.1000000000000000e+01   2.9219122495776108e-07
   1.3000000000000000e+01   1.2000000000000000e+01  -2.3423159210464796e-07
   1.4000000000000000e+01   0.0000000000000000e+00  -7.8877395531805107e-07
   1.4000000000000000e+01   1.0000000000000000e+00  -5.6580352778112795e-08
   1.4000000000000000e+01   2.0000000000000000e+00   1.0455042409518434e-06
   1.4000000000000000e+01   3.0000000000000000e+00   2.0063636476565428e-07
   1.4000000000000000e+01   4.0000000000000000e+00   2.9574830791370692e-07
   1.4000000000000000e+01   5.0000000000000000e+00   2.9556868791514080e-07
   1.4000000000000000e+01   6.0000000000000000e+00   7.6845769071833685e-07
   1.4000000000000000e+01   7.0000000000000000e+00   1.6421215443803268e-07
   1.4000000000000000e+01   8.0000000000000000e+00   7.9679231114449704e-07
   1.4000000000000000e+01   9.0000000000000000e+00  -1.5753269939439594e-07
   1.4000000000000000e+01   1.0000000000000000e+01   6.3907244513040013e-07
   1.4000000000000000e+01   1.1000000000000000e+01  -5.2823856369236992e-07
   1.5000000000000000e+01   0.0000000000000000e+00   9.2700288881504864e-07
   1.5000000000000000e+01   1.0000000000000000e+00   7.9566400818123101e-07
   1.5000000000000000e+01   2.0000000000000000e+00  -5.6367430838269024e-08
   1.5000000000000000e+01   3.0000000000000000e+00   6.2158497908038863e-08
   1.5000000000000000e+01   4.0000000000000000e+00   1.9850942106890320e-07
   1.5000000000000000e+01   5.0000000000000000e+00   1.2584287638873105e-07
   1.5000000000000000e+01   6.0000000000000000e+00   4.7321811225326405e-07
   1.5000000000000000e+01   7.0000000000000000e+00   6.0543330460156704e-08
   1.5000000000000000e+01   8.0000000000000000e+00   4.7662914543043776e-07
   1.5000000000000000e+01   9.0000000000000000e+00   9.7411939376477931e-08
   1.5000000000000000e+01   1.0000000000000000e+01   2.7136343572222072e-07
   1.6000000000000000e+01   0.0000000000000000e+00   2.4071154306607417e-06
   1.6000000000000000e+01   1.0000000000000000e+00   8.2174823645115417e-07
   1.6000000000000000e+01   2.0000000000000000e+00  -3.2113821261309579e-07
   1.6000000000000000e+01   3.0000000000000000e+00   5.8471455271808979e-08
   1.6000000000000000e+01   4.0000000000000000e+00   2.7323887824634644e-07
   1.6000000000000000e+01   5.0000000000000000e+00   2.7124254512757016e-07
   1.6000000000000000e+01   6.0000000000000000e+00   7.7972849155619882e-07
   1.6000000000000000e+01   7.0000000000000000e+00   2.3039501200016394e-07
   1.6000000000000000e+01   8.0000000000000000e+00   9.7120439617530361e-07
   1.6000000000000000e+01   9.0000000000000000e+00  -1.2448707438554982e-08
   1.7000000000000000e+01   0.0000000000000000e+00   7.6006813739017024e-07
   1.7000000000000000e+01   1.0000000000000000e+00   5.2078296712677298e-07
   1.7000000000000000e+01   2.0000000000000000e+00  -1.9683952972487350e-07
   1.7000000000000000e+01   3.0000000000000000e+00  -1.1394127108056279e-07
   1.7000000000000000e+01   4.0000000000000000e+00   1.1243317182483392e-07
   1.7000000000000000e+01   5.0000000000000000e+00   3.0774895818624361e-07
   1.7000000000000000e+01   6.0000000000000000e+00   1.9371161822845413e-07
   1.7000000000000000e+01   7.0000000000000000e+00   2.9746186271392013e-07
   1.7000000000000000e+01   8.0000000000000000e+00   1.9389371429947090e-07
   1.8000000000000000e+01   0.0000000000000000e+00  -1.2676828363763471e-07
   1.8000000000000000e+01   1.0000000000000000e+00   2.7623230366152434e-07
   1.8000000000000000e+01   2.0000000000000000e+00  -6.9074207933905212e-07
   1.8000000000000000e+01   3.0000000000000000e+00  -1.3176560924066771e-07
   1.8000000000000000e+01   4.0000000000000000e+00   1.5490760344601067e-07
   1.8000000000000000e+01   5.0000000000000000e+00   4.2836164553164281e-07
   1.8000000000000000e+01   6.0000000000000000e+00   1.5837495667817130e-07
   1.8000000000000000e+01   7.0000000000000000e+00   5.2101058866653186e-07
   1.9000000000000000e+01   0.0000000000000000e+00   5.2842767246188548e-07
   1.9000000000000000e+01   1.0000000000000000e+00   2.3263672754488699e-07
   1.9000000000000000e+01   2.0000000000000000e+00  -5.1658305307037108e-08
   1.9000000000000000e+01   3.0000000000000000e+00  -3.1667237779112404e-07
   1.9000000000000000e+01   4.0000000000000000e+00   6.7459343298859504e-08
   1.9000000000000000e+01   5.0000000000000000e+00   3.7156868056455430e-07
   1.9000000000000000e+01   6.0000000000000000e+00   2.4323385740705423e-07
   2.0000000000000000e+01   0.0000000000000000e+00   8.6362244941669954e-07
   2.0000000000000000e+01   1.0000000000000000e+00   1.0266432962860433e-07
   2.0000000000000000e+01   2.0000000000000000e+00  -1.8632793387251051e-09
   2.0000000000000000e+01   3.0000000000000000e+00  -9.9153227864605523e-08
   2.0000000000000000e+01   4.0000000000000000e+00   2.3834818375668514e-07
   2.0000000000000000e+01   5.0000000000000000e+00   3.1941409782632867e-07
   2.1000000000000000e+01   0.0000000000000000e+00   8.5646856205532511e-08
   2.1000000000000000e+01   1.0000000000000000e+00   4.0288706800080114e-08
   2.1000000000000000e+01   2.0000000000000000e+00   1.0817160647802994e-07
   2.1000000000000000e+01   3.0000000000000000e+00  -4.6467889409593651e-08
   2.1000000000000000e+01   4.0000000000000000e+00   4.2510186475626551e-08
   2.2000000000000000e+01   0.0000000000000000e+00   4.9339459486244830e-07
   2.2000000000000000e+01   1.0000000000000000e+00   3.9329695326020269e-08
   2.2000000000000000e+01   2.0000000000000000e+00   4.4331303198425272e-08
   2.2000000000000000e+01   3.0000000000000000e+00   8.5706828294201210e-08
   2.3000000000000000e+01   0.0000000000000000e+00  -4.1536525637063260e-07
   2.3000000000000000e+01   1.0000000000000000e+00   4.7758263229517604e-07
   2.3000000000000000e+01   2.0000000000000000e+00   1.3754848524653592e-07
   2.4000000000000000e+01   0.0000000000000000e+00   5.8042467130249591e-07
   2.4000000000000000e+01   1.0000000000000000e+00   1.9168922733907006e-07
   2.5000000000000000e+01   0.0000000000000000e+00   1.2433428022750637e-07
