   0.0000000000000000e+00   0.0000000000000000e+00   3.0009400886106958e-04
   0.0000000000000000e+00   1.0000000000000000e+00  -4.6385955822775966e-06
   0.0000000000000000e+00   2.0000000000000000e+00   1.0707443504591675e-05
   0.0000000000000000e+00   3.0000000000000000e+00  -2.0780452208306306e-06
   0.0000000000000000e+00   4.0000000000000000e+00   8.9809162227447946e-07
   0.0000000000000000e+00   5.0000000000000000e+00  -1.8323426987628100e-07
   0.0000000000000000e+00   6.0000000000000000e+00  -4.3466804842326324e-07
   0.0000000000000000e+00   7.0000000000000000e+00   1.8000635635211128e-07
   0.0000000000000000e+00   8.0000000000000000e+00  -1.5971908812611281e-07
   0.0000000000000000e+00   9.0000000000000000e+00   2.2012398036502318e-07
   0.0000000000000000e+00   1.0000000000000000e+01   1.8854606539541406e-07
   0.0000000000000000e+00   1.1000000000000000e+01   1.8478680542053315e-07
   0.0000000000000000e+00   1.2000000000000000e+01   3.1692741019837204e-07
   0.0000000000000000e+00   1.3000000000000000e+01   1.9204328550126533e-07
   0.0000000000000000e+00   1.4000000000000000e+01   2.5824210034978867e-07
   0.0000000000000000e+00   1.5000000000000000e+01   2.7177795236531874e-07
   0.0000000000000000e+00   1.6000000000000000e+01   2.0544663148165566e-07
   0.0000000000000000e+00   1.7000000000000000e+01   2.7000419050022644e-07
   0.0000000000000000e+00   1.8000000000000000e+01   2.4425936836584939e-07
   0.0000000000000000e+00   1.9000000000000000e+01   1.7892630225731803e-07
   0.0000000000000000e+00   2.0000000000000000e+01   1.9331281707567522e-07
   0.0000000000000000e+00   2.1000000000000000e+01   1.3086124523815558e-07
   0.0000000000000000e+00   2.2000000000000000e+01   8.4563166825381893e-08
   0.0000000000000000e+00   2.3000000000000000e+01   9.0786469851488324e-08
   0.0000000000000000e+00   2.4000000000000000e+01   5.2298720736305062e-08
   0.0000000000000000e+00   2.5000000000000000e+01   2.9162658699298197e-08
   1.0000000000000000e+00   0.0000000000000000e+00  -9.6305164147801444e-06
   1.0000000000000000e+00   1.0000000000000000e+00  -9.9999488793445185e-06
   1.0000000000000000e+00   2.0000000000000000e+00   2.8022109250080156e-06
   1.0000000000000000e+00   3.0000000000000000e+00  -2.3388734504229825e-07
   1.0000000000000000e+00   4.0000000000000000e+00   8.5873212454844705e-07
   1.0000000000000000e+00   5.0000000000000000e+00   2.0035881287224129e-07
   1.0000000000000000e+00   6.0000000000000000e+00   3.7891124509260480e-07
   1.0000000000000000e+00   7.0000000000000000e+00   7.0822131867174063e-08
   1.0000000000000000e+00   8.0000000000000000e+00   1.9037299107772324e-07
   1.0000000000000000e+00   9.0000000000000000e+00   4.8584177191420182e-08
   1.0000000000000000e+00   1.0000000000000000e+01   1.0014294594069474e-07
   1.0000000000000000e+00   1.1000000000000000e+01   1.5594152805811473e-07
   1.0000000000000000e+00   1.2000000000000000e+01   1.4383040355028400e-07
   1.0000000000000000e+00   1.3000000000000000e+01   1.9954583334415887e-07
   1.0000000000000000e+00   1.4000000000000000e+01   1.9062496758938296e-07
   1.0000000000000000e+00   1.5000000000000000e+01   1.3770359730984854e-07
   1.0000000000000000e+00   1.6000000000000000e+01   1.2239560818518447e-07
   1.0000000000000000e+00   1.7000000000000000e+01   6.6688488549785241e-08
   1.0000000000000000e+00   1.8000000000000000e+01   6.3769828954124664e-09
   1.0000000000000000e+00   1.9000000000000000e+01  -3.2140565438056097e-09
   1.0000000000000000e+00   2.0000000000000000e+01  -6.1548605917313601e-08
   1.0000000000000000e+00   2.1000000000000000e+01  -9.8935022754197149e-08
   1.0000000000000000e+00   2.2000000000000000e+01  -9.7583394318800471e-08
   1.0000000000000000e+00   2.3000000000000000e+01  -1.3449151355769228e-07
   1.0000000000000000e+00   2.4000000000000000e+01  -1.3278517431545207e-07
   2.0000000000000000e+00   0.0000000000000000e+00   5.1509215688140760e-05
   2.0000000000000000e+00   1.0000000000000000e+00   3.4263744949302035e-06
   2.0000000000000000e+00   2.0000000000000000e+00   4.4200176554566954e-07
   2.0000000000000000e+00   3.0000000000000000e+00  -1.0572253863809122e-06
   2.0000000000000000e+00   4.0000000000000000e+00   2.9703149839720820e-07
   2.0000000000000000e+00   5.0000000000000000e+00  -4.3983346082489378e-07
   2.0000000000000000e+00   6.0000000000000000e+00   1.5025633583922621e-07
   2.0000000000000000e+00   7.0000000000000000e+00  -1.0882927141436262e-07
   2.0000000000000000e+00   8.0000000000000000e+00   1.4372266958471731e-07
   2.0000000000000000e+00   9.0000000000000000e+00   3.1554149912261125e-08
   2.0000000000000000e+00   1.0000000000000000e+01   6.8243600131876681e-08
   2.0000000000000000e+00   1.1000000000000000e+01   3.1162725872985536e-09
   2.0000000000000000e+00   1.2000000000000000e+01  -1.0404041152812316e-08
   2.0000000000000000e+00   1.3000000000000000e+01  -1.2840371214297270e-08
   2.0000000000000000e+00   1.4000000000000000e+01   5.1221145113821347e-09
   2.0000000000000000e+00   1.5000000000000000e+01   1.9531808060672481e-08
   2.0000000000000000e+00   1.6000000000000000e+01   4.0823843496374808e-08
   2.0000000000000000e+00   1.7000000000000000e+01   2.4150064003137941e-08
   2.0000000000000000e+00   1.8000000000000000e+01   3.2430738036162136e-08
   2.0000000000000000e+00   1.9000000000000000e+01   4.1094347167406743e-08
   2.0000000000000000e+00   2.0000000000000000e+01   7.2596268192526026e-08
   2.0000000000000000e+00   2.1000000000000000e+01   9.0604007506817724e-08
   2.0000000000000000e+00   2.2000000000000000e+01   1.1735933580963330e-07
   2.0000000000000000e+00   2.3000000000000000e+01   1.1004926054883504e-07
   3.0000000000000000e+00   0.0000000000000000e+00   1.9952661321974321e-06
   3.0000000000000000e+00   1.0000000000000000e+00   4.2004767149938392e-07
   3.0000000000000000e+00   2.0000000000000000e+00   6.4496836737332108e-07
   3.0000000000000000e+00   3.0000000000000000e+00   4.6859433089237911e-08
   3.0000000000000000e+00   4.0000000000000000e+00   5.6978676919344062e-07
   3.0000000000000000e+00   5.0000000000000000e+00  -1.9389663913279112e-08
   3.0000000000000000e+00   6.0000000000000000e+00   1.3382632079478861e-07
   3.0000000000000000e+00   7.0000000000000000e+00  -1.9333792991353762e-07
   3.0000000000000000e+00   8.0000000000000000e+00  -9.3943488128549803e-08
   3.0000000000000000e+00   9.0000000000000000e+00  -1.8715585506331835e-07
   3.0000000000000000e+00   1.0000000000000000e+01  -6.0763045099713834e-08
   3.0000000000000000e+00   1.1000000000000000e+01  -7.1937722254803144e-08
   3.0000000000000000e+00   1.2000000000000000e+01  -2.5658887517433854e-08
   3.0000000000000000e+00   1.3000000000000000e+01  -5.3710088690939397e-08
   3.0000000000000000e+00   1.4000000000000000e+01  -1.0580585339829135e-07
   3.0000000000000000e+00   1.5000000000000000e+01  -1.0128020782218730e-07
   3.0000000000000000e+00   1.6000000000000000e+01  -1.0317331243047848e-07
   3.0000000000000000e+00   1.7000000000000000e+01  -6.1226213738603333e-08
   3.0000000000000000e+00   1.8000000000000000e+01  -3.0713488475816551e-08
   3.0000000000000000e+00   1.9000000000000000e+01  -3.5375250275370839e-08
   3.0000000000000000e+00   2.0000000000000000e+01  -5.1215898176189081e-08
   3.0000000000000000e+00   2.1000000000000000e+01  -7.2137536434986654e-08
   3.0000000000000000e+00   2.2000000000000000e+01  -8.0793252718579542e-08
   4.0000000000000000e+00   0.0000000000000000e+00  -7.3085778190844110e-06
   4.0000000000000000e+00   1.0000000000000000e+00   1.0046527217527555e-07
   4.0000000000000000e+00   2.0000000000000000e+00   4.0180572709987914e-07
   4.0000000000000000e+00   3.0000000000000000e+00  -3.4832023749384186e-07
   4.0000000000000000e+00   4.0000000000000000e+00   4.3675106971507423e-08
   4.0000000000000000e+00   5.0000000000000000e+00  -2.3234158529906278e-07
   4.0000000000000000e+00   6.0000000000000000e+00   2.7230720469906428e-08
   4.0000000000000000e+00   7.0000000000000000e+00  -9.4382188488026011e-08
   4.0000000000000000e+00   8.0000000000000000e+00   5.5454617075582394e-08
   4.0000000000000000e+00   9.0000000000000000e+00  -6.8341960692535730e-08
   4.0000000000000000e+00   1.0000000000000000e+01  -1.1161697661810632e-08
   4.0000000000000000e+00   1.1000000000000000e+01  -8.9351051460725113e-08
   4.0000000000000000e+00   1.2000000000000000e+01  -6.2301283499965172e-08
   4.0000000000000000e+00   1.3000000000000000e+01  -4.9946511495814531e-08
   4.0000000000000000e+00   1.4000000000000000e+01  -2.6287705709563684e-08
   4.0000000000000000e+00   1.5000000000000000e+01  -2.0664668394766445e-08
   4.0000000000000000e+00   1.6000000000000000e+01  -2.7929126732125978e-08
   4.0000000000000000e+00   1.7000000000000000e+01  -4.7612593613357703e-08
   4.0000000000000000e+00   1.8000000000000000e+01  -3.4569766173214435e-08
   4.0000000000000000e+00   1.9000000000000000e+01  -2.0778563748723944e-08
   4.0000000000000000e+00   2.0000000000000000e+01   7.9862107869623867e-09
   4.0000000000000000e+00   2.1000000000000000e+01   2.1304863038824884e-08
   5.0000000000000000e+00   0.0000000000000000e+00  -1.3210593250786679e-06
   5.0000000000000000e+00   1.0000000000000000e+00   2.6602872152753585e-07
   5.0000000000000000e+00   2.0000000000000000e+00  -7.8528173732352236e-08
   5.0000000000000000e+00   3.0000000000000000e+00   1.0240068817607896e-07
   5.0000000000000000e+00   4.0000000000000000e+00  -5.4497834067251322e-08
   5.0000000000000000e+00   5.0000000000000000e+00   2.5547198668042568e-08
   5.0000000000000000e+00   6.0000000000000000e+00  -3.9323596206723730e-08
   5.0000000000000000e+00   7.0000000000000000e+00  -1.0108622398045075e-08
   5.0000000000000000e+00   8.0000000000000000e+00  -5.4046189681753488e-09
   5.0000000000000000e+00   9.0000000000000000e+00   2.4028646195570576e-08
   5.0000000000000000e+00   1.0000000000000000e+01   2.5678262212735333e-08
   5.0000000000000000e+00   1.1000000000000000e+01   6.8177974874122611e-08
   5.0000000000000000e+00   1.2000000000000000e+01   2.2981112067682934e-08
   5.0000000000000000e+00   1.3000000000000000e+01   2.8435757190302375e-08
   5.0000000000000000e+00   1.4000000000000000e+01   1.7295374772374180e-08
   5.0000000000000000e+00   1.5000000000000000e+01   8.6655093649404382e-09
   5.0000000000000000e+00   1.6000000000000000e+01   3.2203029471670303e-08
   5.0000000000000000e+00   1.7000000000000000e+01   1.8866923551357116e-08
   5.0000000000000000e+00   1.8000000000000000e+01   1.2706407307529630e-08
   5.0000000000000000e+00   1.9000000000000000e+01  -9.8404483141041736e-09
   5.0000000000000000e+00   2.0000000000000000e+01  -1.6671287250319438e-08
   6.0000000000000000e+00   0.0000000000000000e+00   8.3706656952412436e-07
   6.0000000000000000e+00   1.0000000000000000e+00  -1.4595510324898498e-07
   6.0000000000000000e+00   2.0000000000000000e+00   5.1304606464565448e-07
   6.0000000000000000e+00   3.0000000000000000e+00  -5.0257092995530529e-08
   6.0000000000000000e+00   4.0000000000000000e+00   3.1281099330592083e-07
   6.0000000000000000e+00   5.0000000000000000e+00  -5.8983667712235969e-08
   6.0000000000000000e+00   6.0000000000000000e+00   1.0784526406457210e-07
   6.0000000000000000e+00   7.0000000000000000e+00  -1.9392324508129864e-08
   6.0000000000000000e+00   8.0000000000000000e+00   1.6460364925814334e-08
   6.0000000000000000e+00   9.0000000000000000e+00   3.5440339519587080e-08
   6.0000000000000000e+00   1.0000000000000000e+01   1.1090084200303382e-08
   6.0000000000000000e+00   1.1000000000000000e+01   6.6556822393315244e-08
   6.0000000000000000e+00   1.2000000000000000e+01   4.7970128474729224e-08
   6.0000000000000000e+00   1.3000000000000000e+01   6.1001387926267565e-08
   6.0000000000000000e+00   1.4000000000000000e+01   4.8740084220902585e-08
   6.0000000000000000e+00   1.5000000000000000e+01   3.3543170409777830e-08
   6.0000000000000000e+00   1.6000000000000000e+01   3.9629322413562566e-08
   6.0000000000000000e+00   1.7000000000000000e+01   4.2493171946128232e-08
   6.0000000000000000e+00   1.8000000000000000e+01   5.2083735512182933e-08
   6.0000000000000000e+00   1.9000000000000000e+01   6.1334899517002551e-08
   7.0000000000000000e+00   0.0000000000000000e+00  -1.6104661618259053e-07
   7.0000000000000000e+00   1.0000000000000000e+00   7.8796774786418940e-08
   7.0000000000000000e+00   2.0000000000000000e+00   9.9675893149748527e-09
   7.0000000000000000e+00   3.0000000000000000e+00  -1.1356893394058012e-07
   7.0000000000000000e+00   4.0000000000000000e+00   3.8408239646218385e-08
   7.0000000000000000e+00   5.0000000000000000e+00  -8.6292233450270791e-08
   7.0000000000000000e+00   6.0000000000000000e+00   3.8187872345280080e-08
   7.0000000000000000e+00   7.0000000000000000e+00  -1.5155909635990120e-08
   7.0000000000000000e+00   8.0000000000000000e+00   1.9268984793979512e-08
   7.0000000000000000e+00   9.0000000000000000e+00   2.8454482375488931e-08
   7.0000000000000000e+00   1.0000000000000000e+01  -1.8131641929365223e-08
   7.0000000000000000e+00   1.1000000000000000e+01   9.1636123849660725e-09
   7.0000000000000000e+00   1.2000000000000000e+01  -3.4278545330934392e-08
   7.0000000000000000e+00   1.3000000000000000e+01   1.5724263049791465e-08
   7.0000000000000000e+00   1.4000000000000000e+01  -3.5351596204980938e-09
   7.0000000000000000e+00   1.5000000000000000e+01   2.4085369915644593e-08
   7.0000000000000000e+00   1.6000000000000000e+01   3.0669569362699006e-08
   7.0000000000000000e+00   1.7000000000000000e+01   1.1065722027191313e-08
   7.0000000000000000e+00   1.8000000000000000e+01   3.1541500485022519e-08
   8.0000000000000000e+00   0.0000000000000000e+00   1.3434366789684763e-07
   8.0000000000000000e+00   1.0000000000000000e+00  -7.4365481357840691e-08
   8.0000000000000000e+00   2.0000000000000000e+00  -1.0687465524397412e-07
   8.0000000000000000e+00   3.0000000000000000e+00  -1.5031337412306437e-07
   8.0000000000000000e+00   4.0000000000000000e+00   1.2934713380058478e-08
   8.0000000000000000e+00   5.0000000000000000e+00  -1.4648286285723520e-07
   8.0000000000000000e+00   6.0000000000000000e+00   9.4421901246201424e-08
   8.0000000000000000e+00   7.0000000000000000e+00  -9.5086178257503819e-08
   8.0000000000000000e+00   8.0000000000000000e+00   7.3955640451270390e-08
   8.0000000000000000e+00   9.0000000000000000e+00  -3.9244021552466930e-08
   8.0000000000000000e+00   1.0000000000000000e+01   1.3974944754374598e-08
   8.0000000000000000e+00   1.1000000000000000e+01  -7.0635563608892194e-09
   8.0000000000000000e+00   1.2000000000000000e+01  -4.1778324319079379e-08
   8.0000000000000000e+00   1.3000000000000000e+01  -7.8862009124455475e-09
   8.0000000000000000e+00   1.4000000000000000e+01  -3.6512988474013276e-08
   8.0000000000000000e+00   1.5000000000000000e+01  -1.2733761437065020e-08
   8.0000000000000000e+00   1.6000000000000000e+01  -3.1458757158267620e-09
   8.0000000000000000e+00   1.7000000000000000e+01  -1.8810215045917444e-08
   9.0000000000000000e+00   0.0000000000000000e+00  -4.3557824625987195e-08
   9.0000000000000000e+00   1.0000000000000000e+00  -6.4322793995349200e-08
   9.0000000000000000e+00   2.0000000000000000e+00  -7.2349533419699951e-08
   9.0000000000000000e+00   3.0000000000000000e+00  -2.8415101590772892e-08
   9.0000000000000000e+00   4.0000000000000000e+00  -1.5678883274260239e-08
   9.0000000000000000e+00   5.0000000000000000e+00  -7.6050482636360684e-08
   9.0000000000000000e+00   6.0000000000000000e+00   6.9525090777133080e-08
   9.0000000000000000e+00   7.0000000000000000e+00  -9.5861948371208654e-08
   9.0000000000000000e+00   8.0000000000000000e+00   6.2405559755862051e-08
   9.0000000000000000e+00   9.0000000000000000e+00  -8.5875220948256465e-08
   9.0000000000000000e+00   1.0000000000000000e+01   1.2993014452441987e-08
   9.0000000000000000e+00   1.1000000000000000e+01  -1.8448356948297849e-08
   9.0000000000000000e+00   1.2000000000000000e+01   2.5562373401929370e-09
   9.0000000000000000e+00   1.3000000000000000e+01   2.2258389261704003e-08
   9.0000000000000000e+00   1.4000000000000000e+01   1.8735057275624786e-08
   9.0000000000000000e+00   1.5000000000000000e+01   2.9833957991929167e-08
   9.0000000000000000e+00   1.6000000000000000e+01   2.1868528171464314e-08
   1.0000000000000000e+01   0.0000000000000000e+00  -4.7173597829728123e-07
   1.0000000000000000e+01   1.0000000000000000e+00  -4.0440159657129707e-08
   1.0000000000000000e+01   2.0000000000000000e+00  -7.6598257253924041e-08
   1.0000000000000000e+01   3.0000000000000000e+00   1.4660760853559121e-07
   1.0000000000000000e+01   4.0000000000000000e+00  -1.1997562759811004e-08
   1.0000000000000000e+01   5.0000000000000000e+00   1.2567432222154842e-07
   1.0000000000000000e+01   6.0000000000000000e+00  -1.0322746962831689e-08
   1.0000000000000000e+01   7.0000000000000000e+00   6.8344254526208552e-08
   1.0000000000000000e+01   8.0000000000000000e+00   2.4463451232577903e-08
   1.0000000000000000e+01   9.0000000000000000e+00   2.0733354792675602e-08
   1.0000000000000000e+01   1.0000000000000000e+01   5.1955094502286238e-08
   1.0000000000000000e+01   1.1000000000000000e+01   1.6571955712577597e-08
   1.0000000000000000e+01   1.2000000000000000e+01   6.0871307913208169e-08
   1.0000000000000000e+01   1.3000000000000000e+01   5.2706925590483624e-08
   1.0000000000000000e+01   1.4000000000000000e+01   5.5500759895156047e-08
   1.0000000000000000e+01   1.5000000000000000e+01   7.1602334836800434e-08
   1.1000000000000000e+01   0.0000000000000000e+00   9.8001559714812674e-08
   1.1000000000000000e+01   1.0000000000000000e+00   2.2926860924890486e-07
   1.1000000000000000e+01   2.0000000000000000e+00   2.1492937930515835e-08
   1.1000000000000000e+01   3.0000000000000000e+00  -2.2595034637386326e-08
   1.1000000000000000e+01   4.0000000000000000e+00  -7.1145792763093167e-08
   1.1000000000000000e+01   5.0000000000000000e+00  -1.7372498602714395e-08
   1.1000000000000000e+01   6.0000000000000000e+00  -7.0268659767084921e-08
   1.1000000000000000e+01   7.0000000000000000e+00  -1.2345210277485512e-08
   1.1000000000000000e+01   8.0000000000000000e+00  -4.3652188280033228e-08
   1.1000000000000000e+01   9.0000000000000000e+00   5.8281630139410886e-09
   1.1000000000000000e+01   1.0000000000000000e+01   1.8572820761195950e-09
   1.1000000000000000e+01   1.1000000000000000e+01   5.9312660833628195e-09
   1.1000000000000000e+01   1.2000000000000000e+01   2.9290317325719953e-08
   1.1000000000000000e+01   1.3000000000000000e+01   2.0600683696910385e-08
   1.1000000000000000e+01   1.4000000000000000e+01   4.3247950562518910e-08
   1.2000000000000000e+01   0.0000000000000000e+00   6.3787661729676504e-07
   1.2000000000000000e+01   1.0000000000000000e+00   1.1702328536316997e-07
   1.2000000000000000e+01   2.0000000000000000e+00   6.6960606858096865e-08
   1.2000000000000000e+01   3.0000000000000000e+00   2.1721343957595989e-08
   1.2000000000000000e+01   4.0000000000000000e+00   1.0131076343932137e-07
   1.2000000000000000e+01   5.0000000000000000e+00   2.7869038713592831e-08
   1.2000000000000000e+01   6.0000000000000000e+00   8.9106169715761047e-08
   1.2000000000000000e+01   7.0000000000000000e+00   5.2993636519273774e-08
   1.2000000000000000e+01   8.0000000000000000e+00   3.4211679892258077e-08
   1.2000000000000000e+01   9.0000000000000000e+00   6.9375991642717926e-08
   1.2000000000000000e+01   1.0000000000000000e+01   2.1169682747231007e-08
   1.2000000000000000e+01   1.1000000000000000e+01   7.2353980549041523e-08
   1.2000000000000000e+01   1.2000000000000000e+01   3.3901587101719153e-08
   1.2000000000000000e+01   1.3000000000000000e+01   5.1219362637941150e-08
   1.3000000000000000e+01   0.0000000000000000e+00   1.6088444653488524e-07
   1.3000000000000000e+01   1.0000000000000000e+00  -8.4974225293909354e-08
   1.3000000000000000e+01   2.0000000000000000e+00   3.8869932742195092e-08
   1.3000000000000000e+01   3.0000000000000000e+00  -1.1866421629887949e-07
   1.3000000000000000e+01   4.0000000000000000e+00   1.4582668444319749e-08
   1.3000000000000000e+01   5.0000000000000000e+00  -8.9144075499431671e-08
   1.3000000000000000e+01   6.0000000000000000e+00  -8.7906683968977428e-09
   1.3000000000000000e+01   7.0000000000000000e+00  -5.9661879894832214e-08
   1.3000000000000000e+01   8.0000000000000000e+00  -3.2078798232898413e-08
   1.3000000000000000e+01   9.0000000000000000e+00  -2.8398483153517865e-08
   1.3000000000000000e+01   1.0000000000000000e+01  -2.2998014974477428e-08
   1.3000000000000000e+01   1.1000000000000000e+01   2.6870284552725377e-08
   1.3000000000000000e+01   1.2000000000000000e+01   4.5932029961452882e-09
   1.4000000000000000e+01   0.0000000000000000e+00   5.5736780925413568e-07
   1.4000000000000000e+01   1.0000000000000000e+00   1.1196471712157244e-07
   1.4000000000000000e+01   2.0000000000000000e+00   2.0626846453787086e-07
   1.4000000000000000e+01   3.0000000000000000e+00   1.1438269644693834e-08
   1.4000000000000000e+01   4.0000000000000000e+00   1.2678140634336319e-07
   1.4000000000000000e+01   5.0000000000000000e+00  -2.1784920196917849e-08
   1.4000000000000000e+01   6.0000000000000000e+00   1.1664863551586539e-07
   1.4000000000000000e+01   7.0000000000000000e+00   1.5302802800842409e-08
   1.4000000000000000e+01   8.0000000000000000e+00   1.3244134502643004e-07
   1.4000000000000000e+01   9.0000000000000000e+00   4.4675807840327646e-08
   1.4000000000000000e+01   1.0000000000000000e+01   1.1440841059766518e-07
   1.4000000000000000e+01   1.1000000000000000e+01   6.3553679772088400e-08
   1.5000000000000000e+01   0.0000000000000000e+00   2.8223321409738970e-07
   1.5000000000000000e+01   1.0000000000000000e+00   3.5780023544589836e-07
   1.5000000000000000e+01   2.0000000000000000e+00   1.1619638295874213e-07
   1.5000000000000000e+01   3.0000000000000000e+00  -1.2080556628270322e-07
   1.5000000000000000e+01   4.0000000000000000e+00   1.1071418572036562e-08
   1.5000000000000000e+01   5.0000000000000000e+00  -1.4190696581189729e-07
   1.5000000000000000e+01   6.0000000000000000e+00   1.4582256587940974e-08
   1.5000000000000000e+01   7.0000000000000000e+00  -7.5165640847743890e-08
   1.5000000000000000e+01   8.0000000000000000e+00   2.2862957353128602e-08
   1.5000000000000000e+01   9.0000000000000000e+00  -8.9688952495169841e-09
   1.5000000000000000e+01   1.0000000000000000e+01   4.7184555429843217e-08
   1.6000000000000000e+01   0.0000000000000000e+00   5.3367209248918107e-07
   1.6000000000000000e+01   1.0000000000000000e+00   2.2197039415227796e-07
   1.6000000000000000e+01   2.0000000000000000e+00   5.8004632732089158e-08
   1.6000000000000000e+01   3.0000000000000000e+00   2.3941083256884101e-08
   1.6000000000000000e+01   4.0000000000000000e+00   7.9399453567181809e-08
   1.6000000000000000e+01   5.0000000000000000e+00   3.9430579546496993e-09
   1.6000000000000000e+01   6.0000000000000000e+00   1.2123122288256878e-07
   1.6000000000000000e+01   7.0000000000000000e+00   5.2319388544879809e-08
   1.6000000000000000e+01   8.0000000000000000e+00   1.0631599180912772e-07
   1.6000000000000000e+01   9.0000000000000000e+00   7.6220216623242534e-08
   1.7000000000000000e+01   0.0000000000000000e+00   5.5303017276434973e-07
   1.7000000000000000e+01   1.0000000000000000e+00   5.2446201470561548e-07
   1.7000000000000000e+01   2.0000000000000000e+00   1.2990432564997802e-07
   1.7000000000000000e+01   3.0000000000000000e+00   1.1528944039692193e-07
   1.7000000000000000e+01   4.0000000000000000e+00   2.4414530059233685e-08
   1.7000000000000000e+01   5.0000000000000000e+00  -1.4937609675733880e-08
   1.7000000000000000e+01   6.0000000000000000e+00   5.5008531282842399e-08
   1.7000000000000000e+01   7.0000000000000000e+00   1.5805563385151058e-08
   1.7000000000000000e+01   8.0000000000000000e+00   6.8160935768828354e-08
   1.8000000000000000e+01   0.0000000000000000e+00   9.5421434911828833e-07
   1.8000000000000000e+01   1.0000000000000000e+00   2.9538421835184271e-07
   1.8000000000000000e+01   2.0000000000000000e+00   2.2566471979285607e-07
   1.8000000000000000e+01   3.0000000000000000e+00   1.0624367399994876e-07
   1.8000000000000000e+01   4.0000000000000000e+00   5.0671539205864098e-09
   1.8000000000000000e+01   5.0000000000000000e+00   1.6524990878182092e-08
   1.8000000000000000e+01   6.0000000000000000e+00   2.4427697609105373e-09
   1.8000000000000000e+01   7.0000000000000000e+00   4.1608324057215985e-08
   1.9000000000000000e+01   0.0000000000000000e+00   6.7546579126881134e-07
   1.9000000000000000e+01   1.0000000000000000e+00   5.9013797252840442e-07
   1.9000000000000000e+01   2.0000000000000000e+00   2.0136113690573859e-07
   1.9000000000000000e+01   3.0000000000000000e+00   1.5796248196840818e-07
   1.9000000000000000e+01   4.0000000000000000e+00   6.2375825535549686e-08
   1.9000000000000000e+01   5.0000000000000000e+00   6.3731102983769333e-08
   1.9000000000000000e+01   6.0000000000000000e+00   5.6076729714948366e-08
   2.0000000000000000e+01   0.0000000000000000e+00   9.7950836727169457e-07
   2.0000000000000000e+01   1.0000000000000000e+00   4.0244170324642150e-07
   2.0000000000000000e+01   2.0000000000000000e+00   3.1337094782675482e-07
   2.0000000000000000e+01   3.0000000000000000e+00   1.2672384574488288e-07
   2.0000000000000000e+01   4.0000000000000000e+00   2.2696791144575409e-08
   2.0000000000000000e+01   5.0000000000000000e+00   1.1906507887317750e-08
   2.1000000000000000e+01   0.0000000000000000e+00   4.5879036224281299e-07
   2.1000000000000000e+01   1.0000000000000000e+00   6.4529331658087157e-07
   2.1000000000000000e+01   2.0000000000000000e+00   1.9479056940261049e-07
   2.1000000000000000e+01   3.0000000000000000e+00   1.6996194936453659e-07
   2.1000000000000000e+01   4.0000000000000000e+00   7.3133405489434507e-08
   2.2000000000000000e+01   0.0000000000000000e+00   5.0205723215571430e-07
   2.2000000000000000e+01   1.0000000000000000e+00   3.8314841376484158e-07
   2.2000000000000000e+01   2.0000000000000000e+00   2.6963226751280537e-07
   2.2000000000000000e+01   3.0000000000000000e+00   1.1785201847837597e-07
   2.3000000000000000e+01   0.0000000000000000e+00   2.3215082318324212e-07
   2.3000000000000000e+01   1.0000000000000000e+00   4.0523626942318503e-07
   2.3000000000000000e+01   2.0000000000000000e+00   1.3063818190739090e-07
   2.4000000000000000e+01   0.0000000000000000e+00   3.6524185407245169e-08
   2.4000000000000000e+01   1.0000000000000000e+00   1.7831479817455401e-07
   2.5000000000000000e+01   0.0000000000000000e+00   4.6520728973417049e-08
