   4.1496908322171905e-01   6.9584925126550942e+01   8.2386547831118973e-01
   3.1301340768388342e-01   7.2404505061762791e+01   8.7366045404959991e-01
   2.5666960761601443e-01   7.4389068474915547e+01   8.9841990657376491e-01
   2.0358361757243251e-01   7.6706197142003816e+01   9.2153592873982160e-01
   1.7344778997602908e-01   7.8308199000773996e+01   9.3387536312135322e-01
   1.5106870753405161e-01   7.9689617817417627e+01   9.4280882739330052e-01
   1.3063979025129277e-01   8.1142526887361811e+01   9.5086096665513642e-01
   1.1351489958516356e-01   8.2547624296658512e+01   9.5780544867844153e-01
   9.4824397439650640e-02   8.4346697987410465e+01   9.6496721993524892e-01
   7.8772542337535001e-02   8.6201320432010519e+01   9.7111939950512138e-01
   7.1921866517818095e-02   8.7111161893282286e+01   9.7367723635539516e-01
   6.6503937764677071e-02   8.7894353714346209e+01   9.7573088336747604e-01
   6.1800038564684918e-02   8.8627925433622636e+01   9.7748445753395108e-01
   5.7480815137254379e-02   8.9352452895067913e+01   9.7907614153628197e-01
   5.4195280211344871e-02   8.9941027081674051e+01   9.8029579089301377e-01
   5.2465051249604613e-02   9.0265492744061760e+01   9.8093738642211536e-01
   5.0475202421884996e-02   9.0652143573194067e+01   9.8167194463737761e-01
   4.8941577394586155e-02   9.0960692431616138e+01   9.8223778060357136e-01
   4.7571060041913873e-02   9.1244719378212935e+01   9.8274320444439744e-01
   4.6260361907038999e-02   9.1524110517515197e+01   9.8322619611503959e-01
   4.4891352351380143e-02   9.1824513536157099e+01   9.8372956117858124e-01
   4.3802890643847132e-02   9.2069967202101438e+01   9.8414275735232992e-01
   4.2750949284642452e-02   9.2313051312247978e+01   9.8452966463393099e-01
   4.1681209967547615e-02   9.2566461048944248e+01   9.8492217755857814e-01
   4.0545992080127602e-02   9.2842595951343071e+01   9.8533088026985383e-01
   3.9546524989459216e-02   9.3092187052268088e+01   9.8568637868440789e-01
   3.8635520575860276e-02   9.3325244563512626e+01   9.8602037120510655e-01
   3.7764731411742414e-02   9.3553208962043527e+01   9.8633928760359224e-01
   3.6877116688486769e-02   9.3791053171154971e+01   9.8666395632752901e-01
   3.6250831645169401e-02   9.3962342088765126e+01   9.8689329887637700e-01
   3.5589925139829899e-02   9.4146339357344630e+01   9.8713486862014932e-01
   3.4788543358767188e-02   9.4374084131006100e+01   9.8743722839421233e-01
   3.4246717612428874e-02   9.4531058078675457e+01   9.8763526798242895e-01
   3.3650121157466156e-02   9.4706798752464323e+01   9.8785296646829812e-01
   3.3196567025052678e-02   9.4842500641336017e+01   9.8801858503007189e-01
   3.2802230420641731e-02   9.4962000181422610e+01   9.8816256354307552e-01
   3.2198518051135980e-02   9.5147761036151280e+01   9.8838163295991099e-01
   3.2198518051135980e-02   9.5147761036151280e+01   9.8838163295991099e-01
   3.1959723986690350e-02   9.5222200472001504e+01   9.8846899717975600e-01
   3.1610856080256253e-02   9.5331959234120276e+01   9.8859594923456007e-01
   3.1356243357589984e-02   9.5412831344362132e+01   9.8868889108163494e-01
   3.0970015863722306e-02   9.5536770256360782e+01   9.8883245336885817e-01
   3.0793952889096036e-02   9.5593781959160154e+01   9.8889673912212905e-01
   3.0733370972413458e-02   9.5613474652571341e+01   9.8891471745776383e-01
   3.0366265771577385e-02   9.5733642181532190e+01   9.8904775647925580e-01
   3.0201465549024947e-02   9.5788060805329593e+01   9.8910785804066770e-01
   3.0018459117759841e-02   9.5848840354841030e+01   9.8917450592787526e-01
   2.9844158815490230e-02   9.5907073957330454e+01   9.8923798941201857e-01
   2.9489764170604758e-02   9.6026533059821418e+01   9.8936688387437044e-01
   2.9324963313553474e-02   9.6082573883407036e+01   9.8942680289906348e-01
   2.9257434031001169e-02   9.6105628355577394e+01   9.8945162371611428e-01
   2.9072565986117602e-02   9.6169015519581620e+01   9.8951242331142442e-01
   2.8956271740152108e-02   9.6209097108741219e+01   9.8955477375903522e-01
   2.8839754806179792e-02   9.6249417213352984e+01   9.8959717327352714e-01
   2.8777592344823140e-02   9.6270994911233672e+01   9.8961998966349973e-01
   2.8676723345125804e-02   9.6306107714204614e+01   9.8965669169112380e-01
   2.8585413881169953e-02   9.6337999482751854e+01   9.8968994725294734e-01
   2.8448466674823463e-02   9.6386022681665978e+01   9.8973962842732965e-01
   2.8395023906859228e-02   9.6404826165816530e+01   9.8975923411703437e-01
   2.8294837713275314e-02   9.6440171567982858e+01   9.8979566038828337e-01
   2.8192173201193313e-02   9.6476521384856824e+01   9.8982902494216440e-01
   2.8168491508594184e-02   9.6484925009659605e+01   9.8984489671131481e-01
   2.8097514219217409e-02   9.6510154213725883e+01   9.8987077151335467e-01
   2.8031713416236257e-02   9.6533600405984956e+01   9.8989161279648452e-01
   2.7851565654060623e-02   9.6598073496755944e+01   9.8995324941184926e-01
   2.7734232510520072e-02   9.6640290509619490e+01   9.8999575749755575e-01
   2.7628161962322244e-02   9.6678609183873291e+01   9.9003419464900644e-01
   2.7572927982563101e-02   9.6698621106915965e+01   9.9005014214665910e-01
   2.7491436318979774e-02   9.6728219822568676e+01   9.9007970126287215e-01
   2.7406873002616964e-02   9.6759027103991201e+01   9.9011035467563280e-01
   2.7406873002616964e-02   9.6759027103991201e+01   9.9011035467563280e-01
   2.7365513742940988e-02   9.6774129337066782e+01   9.9012949725549182e-01
   2.7202973845554378e-02   9.6833702319670110e+01   9.9019176556101385e-01
   2.7140335450938836e-02   9.6856755174995484e+01   9.9021448891024277e-01
   2.7085490531860240e-02   9.6876983520727819e+01   9.9023031523031368e-01
   2.7024718191237675e-02   9.6899445960851210e+01   9.9025235070056972e-01
   2.6980540874996590e-02   9.6915806340139738e+01   9.9026841243977337e-01
   2.6905938628688703e-02   9.6943495027416162e+01   9.9029542209177579e-01
   2.6875312001388398e-02   9.6954884361153162e+01   9.9030659867240445e-01
   2.6817842514340783e-02   9.6976291003959616e+01   9.9033006448840466e-01
   2.6831697295386883e-02   9.6971126083103542e+01   9.9032522860001038e-01
   2.6779428223056904e-02   9.6990625427087139e+01   9.9034418121210144e-01
   2.6734846768175186e-02   9.7007286949719173e+01   9.9036035646367282e-01
   2.6712028255543526e-02   9.7015825714242993e+01   9.9037049091237017e-01
   2.6671147401853692e-02   9.7031141723895075e+01   9.9038274315668007e-01
   2.6657631642976656e-02   9.7036210566425680e+01   9.9038773313574979e-01
   2.6591203168530229e-02   9.7061160787080127e+01   9.9041176254383889e-01
   2.6591203168530229e-02   9.7061160787080127e+01   9.9041176254383889e-01
   2.6540695660894561e-02   9.7080172914996552e+01   9.9043005166663556e-01
   2.6507196927631264e-02   9.7092802535545630e+01   9.9044221632669560e-01
   2.6437645633832611e-02   9.7119075664500912e+01   9.9046907518557981e-01
   2.6375292783095701e-02   9.7142688393342439e+01   9.9049160816053305e-01
   2.6340939586291853e-02   9.7155721647094708e+01   9.9050559379924696e-01
   2.6312336753607630e-02   9.7166586245648148e+01   9.9051426706474632e-01
   2.6285343902576291e-02   9.7176850140582019e+01   9.9052407044228530e-01
   2.6277005632961033e-02   9.7180022856322040e+01   9.9052715314569761e-01
   2.6264739873193908e-02   9.7184691814260830e+01   9.9053164829047913e-01
   2.6231189278554470e-02   9.7197473986040478e+01   9.9054380139841836e-01
   2.6229277097866648e-02   9.7198202984778277e+01   9.9054456867572216e-01
   2.6206957594082776e-02   9.7206715993106556e+01   9.9055267816623804e-01
   2.6180179957113008e-02   9.7216938975523064e+01   9.9056238902285432e-01
   2.6180179957113008e-02   9.7216938975523064e+01   9.9056238902285432e-01
   2.6166731976352220e-02   9.7222076998210525e+01   9.9056730294065198e-01
   2.6153273836061908e-02   9.7227221546793103e+01   9.9057222010471890e-01
   2.6122843711950450e-02   9.7238863623127699e+01   9.9058324072618442e-01
   2.6104959687316878e-02   9.7245712092398307e+01   9.9058973510225312e-01
   2.6089242182750275e-02   9.7251734793954626e+01   9.9059544922497655e-01
   2.6069857445307522e-02   9.7259167720701242e+01   9.9060079345890473e-01
   2.6041559718418157e-02   9.7270028192824611e+01   9.9061103187644206e-01
   2.6009383874646925e-02   9.7282391406879356e+01   9.9062266370779084e-01
   2.5980215659552663e-02   9.7293612196581904e+01   9.9063321101154767e-01
   2.5975263461787766e-02   9.7295518520174184e+01   9.9063504308038042e-01
   2.5948434105569601e-02   9.7305852668111569e+01   9.9064359037740279e-01
   2.5926002810539521e-02   9.7314500972656816e+01   9.9065170500484956e-01
   2.5920430916830741e-02   9.7316650356261292e+01   9.9065375277473311e-01
   2.5904105705247486e-02   9.7322950542693178e+01   9.9065966765251556e-01
   2.5871965633871580e-02   9.7335365573294325e+01   9.9067126992556098e-01
   2.5856595140629296e-02   9.7341308322701806e+01   9.9067579566638309e-01
   2.5845185116698966e-02   9.7345722106543974e+01   9.9067993811522914e-01
   2.5830905881840890e-02   9.7351248544378421e+01   9.9068511221713151e-01
   2.5813088551268130e-02   9.7358148603707775e+01   9.9068956943634312e-01
   2.5785735849479373e-02   9.7368750668645703e+01   9.9069944461168369e-01
   2.5789022369574807e-02   9.7367476200198979e+01   9.9069829699965295e-01
   2.5779659465628064e-02   9.7371107436723321e+01   9.9070169958362209e-01
   2.5752465594323336e-02   9.7381661580879950e+01   9.9071151641365052e-01
   2.5752661177234171e-02   9.7381585633911911e+01   9.9071147864462106e-01
   2.5731167896920072e-02   9.7389935161112703e+01   9.9071941121611895e-01
   2.5705765212141050e-02   9.7399812377855142e+01   9.9072858015604104e-01
   2.5734328637701264e-02   9.7388706866042028e+01   9.9071833508967289e-01
   2.5732876385291880e-02   9.7389271206930218e+01   9.9071888783942264e-01
   2.5727649459968051e-02   9.7391302637917732e+01   9.9071982332453667e-01
   2.5716541738046279e-02   9.7395620996059137e+01   9.9072498138718279e-01
   2.5716051014607461e-02   9.7395811818031177e+01   9.9072518725567527e-01
   2.5697321672825794e-02   9.7403097604444781e+01   9.9073195380516599e-01
   2.5689168114957674e-02   9.7406271029199118e+01   9.9073399727361233e-01
   2.5689536717951551e-02   9.7406127544463530e+01   9.9073266770877699e-01
   2.5678889376727455e-02   9.7410273025330298e+01   9.9073652502710419e-01
   2.5666889130499641e-02   9.7414947312796642e+01   9.9074086899202374e-01
   2.5650058752747069e-02   9.7421506696801444e+01   9.9074694989263157e-01
   2.5636884519110212e-02   9.7426644157950875e+01   9.9075064377846900e-01
   2.5617203487984394e-02   9.7434323948132857e+01   9.9075611485373183e-01
   2.5607171681261656e-02   9.7438240757978875e+01   9.9075974851061166e-01
   2.5603036233369604e-02   9.7439855845309879e+01   9.9076126094297612e-01
   2.5597927128999852e-02   9.7441851551660392e+01   9.9076312349151152e-01
   2.5585846112187893e-02   9.7446572195048432e+01   9.9076749281169718e-01
   2.5587737045978064e-02   9.7445833167732246e+01   9.9076683574936031e-01
   2.5581303266895627e-02   9.7448347883301281e+01   9.9076917256361097e-01
   2.5575925329305568e-02   9.7450450396575519e+01   9.9077112918177734e-01
   2.5570868561982884e-02   9.7452427751148292e+01   9.9077192921636370e-01
   2.5571947838373160e-02   9.7452005687419145e+01   9.9077156278884981e-01
   2.5568272998562826e-02   9.7453442849698277e+01   9.9077180121311725e-01
   2.5573350712905531e-02   9.7451457103454459e+01   9.9076999538014332e-01
   2.5577032001216905e-02   9.7450017705302429e+01   9.9076869174380688e-01
   2.5571034289435624e-02   9.7452362940320569e+01   9.9077185022495906e-01
   2.5574236717331916e-02   9.7451110653320256e+01   9.9077071713353349e-01
   2.5577960046980618e-02   9.7449654868470020e+01   9.9077088304608463e-01
   2.5579399040853663e-02   9.7449092292958284e+01   9.9077038417404262e-01
   2.5566976117488448e-02   9.7453950085351607e+01   9.9077487148407484e-01
   2.5569831722847741e-02   9.7452833236067164e+01   9.9077386239723308e-01
   2.5575375020608478e-02   9.7450665565571555e+01   9.9077188591169807e-01
   2.5565943517819972e-02   9.7454353973756952e+01   9.9077529597463376e-01
   2.5569673660752745e-02   9.7452895052110861e+01   9.9077397133634226e-01
   2.5578181060308937e-02   9.7449568461120464e+01   9.9077092685124579e-01
   2.5567521136368586e-02   9.7453736914631463e+01   9.9077477635453359e-01
   2.5558739263566534e-02   9.7457172281435035e+01   9.9077670593268030e-01
   2.5572884989349027e-02   9.7451639217954238e+01   9.9077163233399090e-01
   2.5572884989349027e-02   9.7451639217954238e+01   9.9077163233399090e-01
   2.5564474341756811e-02   9.7454928651659088e+01   9.9077467222443172e-01
   2.5564441543026107e-02   9.7454941481475700e+01   9.9077469833587006e-01
   2.5564441543026107e-02   9.7454941481475700e+01   9.9077469833587006e-01
   2.5559592030434838e-02   9.7456838637183822e+01   9.9077727775356783e-01
   2.5551419093817782e-02   9.7460036749100198e+01   9.9078023158099793e-01
   2.5546635037428652e-02   9.7461909249524894e+01   9.9078283123639910e-01
   2.5539167870041273e-02   9.7464832632153957e+01   9.9078552992655722e-01
   2.5527699573472840e-02   9.7469324114532000e+01   9.9078969649308901e-01
   2.5523984521121451e-02   9.7470779522878985e+01   9.9079104525070028e-01
   2.5523472773430308e-02   9.7470980021676880e+01   9.9079234131025373e-01
   2.5520461983648036e-02   9.7472159707294807e+01   9.9079343659049568e-01
   2.5523187124565874e-02   9.7471091938446762e+01   9.9079180650354448e-01
   2.5519881600289198e-02   9.7472387128710153e+01   9.9079300712671348e-01
   2.5526333711538514e-02   9.7469859179774360e+01   9.9079069785548202e-01
   2.5531843618923931e-02   9.7467700893797513e+01   9.9078872654078498e-01
   2.5529823549383334e-02   9.7468492121210829e+01   9.9078946378873867e-01
   2.5526728438477805e-02   9.7469704545782719e+01   9.9079058755785343e-01
   2.5526825189834637e-02   9.7469666643873850e+01   9.9079056306888513e-01
   2.5518719587467511e-02   9.7472842475367315e+01   9.9079348877850637e-01
   2.5518769877748204e-02   9.7472822768175135e+01   9.9079348067592776e-01
   2.5516855053638588e-02   9.7473573155424475e+01   9.9079417938053183e-01
   2.5506355207352924e-02   9.7477688869186963e+01   9.9079796545578158e-01
   2.5516688463137146e-02   9.7473638442092792e+01   9.9079425764943918e-01
   2.5516904523289252e-02   9.7473553768394751e+01   9.9079418894016158e-01
   2.5512461755298397e-02   9.7475295027722893e+01   9.9079579587107558e-01
   2.5505394931037800e-02   9.7478065361392240e+01   9.9079834660396826e-01
   2.5500896272419978e-02   9.7479829323649966e+01   9.9079932371860835e-01
   2.5500557019338479e-02   9.7479962360283082e+01   9.9079945409769310e-01
   2.5489847816216965e-02   9.7484162838123382e+01   9.9080331452475434e-01
   2.5489490962039389e-02   9.7484302837655008e+01   9.9080345112082613e-01
   2.5496818920386868e-02   9.7481428356871902e+01   9.9080082342487596e-01
   2.5493479524613467e-02   9.7482738173005558e+01   9.9080266735795652e-01
   2.5498787430859170e-02   9.7480656325469937e+01   9.9080076576485210e-01
   2.5505796671830314e-02   9.7477907850548092e+01   9.9079768504300647e-01
   2.5504609396896746e-02   9.7478373353579826e+01   9.9079811966905573e-01
   2.5509081396798299e-02   9.7476620098779620e+01   9.9079651863658358e-01
   2.5515291241545800e-02   9.7474186028762858e+01   9.9079429249069684e-01
   2.5512623740920226e-02   9.7475231535179859e+01   9.9079525927428536e-01
   2.5513878623204866e-02   9.7474739680074464e+01   9.9079481514765377e-01
   2.5504194273118844e-02   9.7478536119121486e+01   9.9079830578990824e-01
   2.5506792425954865e-02   9.7477517455101662e+01   9.9079737839292470e-01
   2.5504865704178013e-02   9.7478272859590916e+01   9.9079807854489299e-01
   2.5505341767135436e-02   9.7478086205593200e+01   9.9079791435081010e-01
   2.5504598421825498e-02   9.7478377656752428e+01   9.9079818869726854e-01
   2.5498186856185618e-02   9.7480891858923428e+01   9.9080050182899015e-01
   2.5496736618754137e-02   9.7481460636100849e+01   9.9080154763240924e-01
   2.5490191016190177e-02   9.7484028197200757e+01   9.9080390873823443e-01
   2.5492953819681755e-02   9.7482944386657806e+01   9.9080292166132700e-01
   2.5488670127712845e-02   9.7484624871368680e+01   9.9080446915832321e-01
   2.5487510453305780e-02   9.7485079858146463e+01   9.9080489287917040e-01
   2.5486713693491932e-02   9.7485392470972741e+01   9.9080458891804479e-01
   2.5488000047944024e-02   9.7484887768010054e+01   9.9080413248738453e-01
   2.5485253071157052e-02   9.7485965579066459e+01   9.9080512679546207e-01
   2.5484132274967805e-02   9.7486405370985395e+01   9.9080553585301745e-01
   2.5491152025121071e-02   9.7483651193036607e+01   9.9080301681496419e-01
   2.5488562036339216e-02   9.7484667279074657e+01   9.9080395417932265e-01
   2.5485277394068400e-02   9.7485956035155056e+01   9.9080557468728803e-01
   2.5483935432171229e-02   9.7486482612601748e+01   9.9080606291023143e-01
   2.5478530912974109e-02   9.7488603592846601e+01   9.9080801239488581e-01
   2.5476838368837147e-02   9.7489267917003772e+01   9.9080862669115477e-01
   2.5471797445618321e-02   9.7491246742601248e+01   9.9081044535157348e-01
   2.5469174931148319e-02   9.7492276371346023e+01   9.9081139412558605e-01
   2.5467852995853496e-02   9.7492795418235460e+01   9.9081187483199451e-01
   2.5470005164079126e-02   9.7491950401069587e+01   9.9081110592451616e-01
   2.5465525927978745e-02   9.7493709187526065e+01   9.9081272225646810e-01
   2.5459709028479938e-02   9.7495993673608098e+01   9.9081481968884855e-01
   2.5456093780636901e-02   9.7497413762323049e+01   9.9081678651022020e-01
   2.5459824466563141e-02   9.7495948332233070e+01   9.9081544956049217e-01
   2.5463628240111263e-02   9.7494454414066482e+01   9.9081408625025191e-01
   2.5461248376869580e-02   9.7495389070525761e+01   9.9081494698438566e-01
   2.5464607081992462e-02   9.7494070013595859e+01   9.9081374361847785e-01
   2.5464104138956660e-02   9.7494267522240293e+01   9.9081392917464672e-01
   2.5464470070089854e-02   9.7494123818577307e+01   9.9081380219026460e-01
   2.5466667947530018e-02   9.7493260740496964e+01   9.9081301625165197e-01
   2.5464204184751361e-02   9.7494228233366186e+01   9.9081390703898364e-01
   2.5464547179311035e-02   9.7494093537521309e+01   9.9081378823877619e-01
   2.5459172162955280e-02   9.7496204544511812e+01   9.9081572606154911e-01
   2.5456045034657211e-02   9.7497432911382916e+01   9.9081642697070160e-01
   2.5453727570918676e-02   9.7498343331375594e+01   9.9081691894697577e-01
   2.5455054356349652e-02   9.7497822091078319e+01   9.9081680967984453e-01
   2.5454503943365580e-02   9.7498038322765439e+01   9.9081661209343297e-01
   2.5459461738261569e-02   9.7496090804105165e+01   9.9081483305979323e-01
   2.5460951002731515e-02   9.7495505866006596e+01   9.9081430143894278e-01
   2.5463237286354572e-02   9.7494607949436343e+01   9.9081348311589679e-01
   2.5460013936906885e-02   9.7495873913165894e+01   9.9081464642283246e-01
   2.5455683956384517e-02   9.7497574756211151e+01   9.9081620773443646e-01
   2.5454528589604977e-02   9.7498028640303147e+01   9.9081627127542937e-01
   2.5455368415465762e-02   9.7497698713939002e+01   9.9081631666809888e-01
   2.5458495841930329e-02   9.7496470197300525e+01   9.9081519550719355e-01
   2.5454208128589752e-02   9.7498154536577886e+01   9.9081674126408070e-01
   2.5444095921533936e-02   9.7502128031324943e+01   9.9082038196029210e-01
   2.5444310051962737e-02   9.7502043874462601e+01   9.9082030820077638e-01
   2.5444494569015801e-02   9.7501971356723416e+01   9.9082024508390876e-01
   2.5448103414494092e-02   9.7500553136539224e+01   9.9081927504188760e-01
   2.5447573902658623e-02   9.7500761213870490e+01   9.9081946858415781e-01
   2.5446224014366015e-02   9.7501291686481366e+01   9.9081995711296600e-01
   2.5442996183065832e-02   9.7502560258211091e+01   9.9082112102920250e-01
   2.5436556559379261e-02   9.7505091579094966e+01   9.9082344005940926e-01
   2.5431534172063678e-02   9.7507066250154836e+01   9.9082524929841498e-01
   2.5424538842592440e-02   9.7509817280307445e+01   9.9082776812492013e-01
   2.5421628837955998e-02   9.7510961911170455e+01   9.9082881751122431e-01
   2.5421813649837265e-02   9.7510889212756567e+01   9.9082875371288459e-01
   2.5420238243499451e-02   9.7511508938467728e+01   9.9082962661082441e-01
   2.5416636680816503e-02   9.7512925848021794e+01   9.9083092463990630e-01
   2.5417458948828412e-02   9.7512602337589755e+01   9.9083096577346153e-01
   2.5415270745831081e-02   9.7513463280140684e+01   9.9083175532792345e-01
   2.5414805969614075e-02   9.7513646154630379e+01   9.9083218397577788e-01
   2.5414108848167645e-02   9.7513920455763483e+01   9.9083271381657401e-01
   2.5413677483226909e-02   9.7514090191639028e+01   9.9083243881934713e-01
   2.5411761465606194e-02   9.7514844151727232e+01   9.9083313001342577e-01
   2.5412368683301871e-02   9.7514605203143589e+01   9.9083291347882396e-01
   2.5412476857433551e-02   9.7514562635721859e+01   9.9083287637616047e-01
   2.5414827224923570e-02   9.7513637791276892e+01   9.9083203278815668e-01
   2.5411969422637255e-02   9.7514762317108861e+01   9.9083306247528558e-01
   2.5412447242942695e-02   9.7514574289252636e+01   9.9083289229041671e-01
   2.5412795049804586e-02   9.7514437425424262e+01   9.9083276876212090e-01
   2.5411449104036983e-02   9.7514967072560324e+01   9.9083294635471686e-01
   2.5408458102082379e-02   9.7516144171111861e+01   9.9083375721329692e-01
   2.5409705071076951e-02   9.7515653413903422e+01   9.9083331020821186e-01
   2.5410285697427603e-02   9.7515424910772310e+01   9.9083335577025111e-01
   2.5409858874807966e-02   9.7515592884564299e+01   9.9083351070801284e-01
   2.5407534958848028e-02   9.7516507498945813e+01   9.9083434795203340e-01
   2.5410880201446735e-02   9.7515190951551332e+01   9.9083314607905371e-01
   2.5411547677124016e-02   9.7514928281818626e+01   9.9083290730553419e-01
   2.5411708958059318e-02   9.7514864814443257e+01   9.9083303806329259e-01
   2.5410075983972786e-02   9.7515507442044381e+01   9.9083362657881602e-01
   2.5411856287233903e-02   9.7514806837725615e+01   9.9083316703838409e-01
   2.5410601073193706e-02   9.7515300798114652e+01   9.9083361964915040e-01
   2.5408181914827695e-02   9.7516252870645943e+01   9.9083449085928976e-01
   2.5408513566058173e-02   9.7516122342193697e+01   9.9083454597861498e-01
   2.5410368058656020e-02   9.7515392498269790e+01   9.9083410878939171e-01
   2.5410880614779256e-02   9.7515190788891672e+01   9.9083392547191562e-01
   2.5412103140617745e-02   9.7514709697169621e+01   9.9083332241554578e-01
   2.5413227589320089e-02   9.7514267221464536e+01   9.9083291897310521e-01
   2.5414769886128417e-02   9.7513660352461073e+01   9.9083236519142948e-01
   2.5413792753708961e-02   9.7514044834086690e+01   9.9083254483731598e-01
   2.5412775958020117e-02   9.7514444938093220e+01   9.9083291146919861e-01
   2.5411808837596882e-02   9.7514825509986622e+01   9.9083326022368934e-01
   2.5411170044081395e-02   9.7515076889787480e+01   9.9083349086907602e-01
   2.5412178108793110e-02   9.7514680196240732e+01   9.9083312913959176e-01
   2.5410988006598381e-02   9.7515148526841088e+01   9.9083355802960860e-01
   2.5411083405862425e-02   9.7515110984387036e+01   9.9083368976733244e-01
   2.5408474674970843e-02   9.7516137648526751e+01   9.9083462878597661e-01
   2.5409072269423204e-02   9.7515902456358560e+01   9.9083456561778116e-01
   2.5409521092542381e-02   9.7515725818994355e+01   9.9083440476215701e-01
   2.5406633141972199e-02   9.7516862445965359e+01   9.9083544405086310e-01
   2.5405140744649859e-02   9.7517449867820034e+01   9.9083598135742534e-01
   2.5405445399163819e-02   9.7517329950087486e+01   9.9083587227841097e-01
   2.5407156966205421e-02   9.7516656271920041e+01   9.9083525715703236e-01
   2.5407039373615551e-02   9.7516702555281128e+01   9.9083516281123363e-01
   2.5407471656394193e-02   9.7516532413811731e+01   9.9083500779515254e-01
   2.5407862663963297e-02   9.7516378520277698e+01   9.9083486761018058e-01
   2.5409520651690689e-02   9.7515725992492975e+01   9.9083427170785454e-01
   2.5409034353665459e-02   9.7515917378503531e+01   9.9083444705623791e-01
   2.5408938942386432e-02   9.7515954928713768e+01   9.9083448177566169e-01
   2.5406663048652512e-02   9.7516850674762722e+01   9.9083530073825565e-01
   2.5404849563602915e-02   9.7517564483487206e+01   9.9083595337708696e-01
   2.5405537340583793e-02   9.7517293760502085e+01   9.9083591010470007e-01
   2.5405746156579388e-02   9.7517211567736538e+01   9.9083597189280281e-01
   2.5406180796867885e-02   9.7517040489678863e+01   9.9083572612086213e-01
   2.5404876862375719e-02   9.7517553737996252e+01   9.9083619539496448e-01
   2.5404984086771630e-02   9.7517511531859924e+01   9.9083600385211279e-01
   2.5404996114722325e-02   9.7517506797376399e+01   9.9083599978295556e-01
   2.5402875452888461e-02   9.7518341574260248e+01   9.9083676279482680e-01
   2.5404487600074556e-02   9.7517706962625340e+01   9.9083618318920841e-01
   2.5405031736565938e-02   9.7517492775796370e+01   9.9083598763541680e-01
   2.5405737974392849e-02   9.7517214788341761e+01   9.9083573377465362e-01
   2.5405357889330772e-02   9.7517364395452404e+01   9.9083587063699052e-01
   2.5406181018341210e-02   9.7517040402505842e+01   9.9083557471646322e-01
   2.5408045809956384e-02   9.7516306438129163e+01   9.9083481820493768e-01
   2.5407264732753971e-02   9.7516613856186495e+01   9.9083509925427948e-01
   2.5407273407836703e-02   9.7516610441776749e+01   9.9083504234149056e-01
   2.5407364999747113e-02   9.7516574392357413e+01   9.9083507880649768e-01
   2.5407314692929728e-02   9.7516594192469384e+01   9.9083509698919980e-01
   2.5407330602450328e-02   9.7516587930683826e+01   9.9083509134342129e-01
   2.5407293768875822e-02   9.7516602427917633e+01   9.9083514237886716e-01
   2.5407457110271196e-02   9.7516538138949358e+01   9.9083508367356976e-01
   2.5407136880858550e-02   9.7516664177312535e+01   9.9083519889106331e-01
   2.5406994396445514e-02   9.7516720257937934e+01   9.9083525017297613e-01
   2.5407600469963806e-02   9.7516481714850102e+01   9.9083503220837477e-01
   2.5407676848671411e-02   9.7516451653533252e+01   9.9083500476237052e-01
   2.5407784059596081e-02   9.7516409457350136e+01   9.9083496621045808e-01
   2.5407671574971206e-02   9.7516453729166045e+01   9.9083499502436290e-01
   2.5407674793976851e-02   9.7516452462223725e+01   9.9083499873801861e-01
