   0.0000000000000000e+00   0.0000000000000000e+00   1.1365464794846965e-03
   0.0000000000000000e+00   1.0000000000000000e+00  -2.0938564991234297e-05
   0.0000000000000000e+00   2.0000000000000000e+00  -5.1000108167523327e-06
   0.0000000000000000e+00   3.0000000000000000e+00   5.3524469815955665e-06
   0.0000000000000000e+00   4.0000000000000000e+00   5.6331810395106059e-06
   0.0000000000000000e+00   5.0000000000000000e+00   1.4728663993736107e-06
   0.0000000000000000e+00   6.0000000000000000e+00  -1.4640841082233834e-06
   0.0000000000000000e+00   7.0000000000000000e+00   9.2511545049967064e-07
   0.0000000000000000e+00   8.0000000000000000e+00  -7.0498173837407342e-07
   0.0000000000000000e+00   9.0000000000000000e+00   1.2542645742791511e-07
   0.0000000000000000e+00   1.0000000000000000e+01   4.3456219468700355e-07
   0.0000000000000000e+00   1.1000000000000000e+01  -1.2707300130041526e-07
   0.0000000000000000e+00   1.2000000000000000e+01   5.8513890003209672e-07
   0.0000000000000000e+00   1.3000000000000000e+01   3.3242217525963864e-07
   0.0000000000000000e+00   1.4000000000000000e+01   1.8521553219759103e-07
   0.0000000000000000e+00   1.5000000000000000e+01   5.8892496514395909e-07
   0.0000000000000000e+00   1.6000000000000000e+01   2.2470069499348788e-07
   0.0000000000000000e+00   1.7000000000000000e+01   1.6464412332936172e-07
   0.0000000000000000e+00   1.8000000000000000e+01   3.7794360806326459e-07
   0.0000000000000000e+00   1.9000000000000000e+01  -2.9757166105588293e-09
   0.0000000000000000e+00   2.0000000000000000e+01  -1.2965619845076203e-08
   0.0000000000000000e+00   2.1000000000000000e+01   1.4675969378095294e-07
   0.0000000000000000e+00   2.2000000000000000e+01  -1.6233096299068507e-07
   0.0000000000000000e+00   2.3000000000000000e+01  -9.6120810648680109e-08
   0.0000000000000000e+00   2.4000000000000000e+01   1.1261712141723579e-07
   0.0000000000000000e+00   2.5000000000000000e+01  -8.3120570072986694e-08
   1.0000000000000000e+00   0.0000000000000000e+00  -8.8274061366591593e-05
   1.0000000000000000e+00   1.0000000000000000e+00   2.6792474183603685e-05
   1.0000000000000000e+00   2.0000000000000000e+00   5.7863310830397845e-06
   1.0000000000000000e+00   3.0000000000000000e+00  -5.6973610082620829e-06
   1.0000000000000000e+00   4.0000000000000000e+00   3.2245590243686588e-06
   1.0000000000000000e+00   5.0000000000000000e+00  -2.7437388389213496e-07
   1.0000000000000000e+00   6.0000000000000000e+00   5.9279165066123495e-07
   1.0000000000000000e+00   7.0000000000000000e+00  -4.8614363148453146e-08
   1.0000000000000000e+00   8.0000000000000000e+00  -3.2583922119772946e-07
   1.0000000000000000e+00   9.0000000000000000e+00   2.2031900147400177e-08
   1.0000000000000000e+00   1.0000000000000000e+01  -4.8450508019455678e-07
   1.0000000000000000e+00   1.1000000000000000e+01  -1.3917119134584286e-07
   1.0000000000000000e+00   1.2000000000000000e+01  -2.1349745363055287e-07
   1.0000000000000000e+00   1.3000000000000000e+01  -3.5295658662067791e-07
   1.0000000000000000e+00   1.4000000000000000e+01  -7.0133999417131454e-08
   1.0000000000000000e+00   1.5000000000000000e+01  -2.0187068023145382e-07
   1.0000000000000000e+00   1.6000000000000000e+01  -1.9792173912253533e-07
   1.0000000000000000e+00   1.7000000000000000e+01   9.6361820584425346e-08
   1.0000000000000000e+00   1.8000000000000000e+01  -5.5034439595628869e-08
   1.0000000000000000e+00   1.9000000000000000e+01   1.1328474255161574e-07
   1.0000000000000000e+00   2.0000000000000000e+01   3.2911152582777040e-07
   1.0000000000000000e+00   2.1000000000000000e+01   1.7286954739619424e-07
   1.0000000000000000e+00   2.2000000000000000e+01   2.7329754730743790e-07
   1.0000000000000000e+00   2.3000000000000000e+01   3.1877039315090272e-07
   1.0000000000000000e+00   2.4000000000000000e+01   4.8674538427574551e-08
   2.0000000000000000e+00   0.0000000000000000e+00   6.2627351478317691e-04
   2.0000000000000000e+00   1.0000000000000000e+00   1.1519676196572727e-05
   2.0000000000000000e+00   2.0000000000000000e+00  -9.3663801253993617e-07
   2.0000000000000000e+00   3.0000000000000000e+00   9.7451427769454093e-07
   2.0000000000000000e+00   4.0000000000000000e+00   5.2909503077118525e-06
   2.0000000000000000e+00   5.0000000000000000e+00   8.1932648005234087e-07
   2.0000000000000000e+00   6.0000000000000000e+00  -1.7945688341835655e-07
   2.0000000000000000e+00   7.0000000000000000e+00   5.2954956753645338e-07
   2.0000000000000000e+00   8.0000000000000000e+00  -3.3578503570716870e-07
   2.0000000000000000e+00   9.0000000000000000e+00   2.6345240367291884e-07
   2.0000000000000000e+00   1.0000000000000000e+01   1.6602915542922285e-07
   2.0000000000000000e+00   1.1000000000000000e+01   1.1433942073206726e-07
   2.0000000000000000e+00   1.2000000000000000e+01   4.2788886278267777e-07
   2.0000000000000000e+00   1.3000000000000000e+01   2.0346549875154251e-07
   2.0000000000000000e+00   1.4000000000000000e+01   3.7514508665953070e-07
   2.0000000000000000e+00   1.5000000000000000e+01   3.5884830438335404e-07
   2.0000000000000000e+00   1.6000000000000000e+01   2.8536980969918903e-07
   2.0000000000000000e+00   1.7000000000000000e+01   3.0796489098300796e-07
   2.0000000000000000e+00   1.8000000000000000e+01   3.2461104381796121e-07
   2.0000000000000000e+00   1.9000000000000000e+01   1.6574828835002482e-07
   2.0000000000000000e+00   2.0000000000000000e+01   2.5009206032953239e-07
   2.0000000000000000e+00   2.1000000000000000e+01   1.9322938712981806e-07
   2.0000000000000000e+00   2.2000000000000000e+01   9.3710033736403679e-08
   2.0000000000000000e+00   2.3000000000000000e+01   2.1877437725779881e-07
   3.0000000000000000e+00   0.0000000000000000e+00   4.2478748477549297e-05
   3.0000000000000000e+00   1.0000000000000000e+00   1.0741875977602445e-05
   3.0000000000000000e+00   2.0000000000000000e+00  -5.0684938262068896e-06
   3.0000000000000000e+00   3.0000000000000000e+00  -4.2237848420617699e-06
   3.0000000000000000e+00   4.0000000000000000e+00  -2.3819791868801476e-07
   3.0000000000000000e+00   5.0000000000000000e+00  -9.3084153049739292e-07
   3.0000000000000000e+00   6.0000000000000000e+00  -1.0511631750544851e-07
   3.0000000000000000e+00   7.0000000000000000e+00  -6.8115352407894464e-09
   3.0000000000000000e+00   8.0000000000000000e+00  -7.5496224496255436e-08
   3.0000000000000000e+00   9.0000000000000000e+00   2.6592750951777205e-08
   3.0000000000000000e+00   1.0000000000000000e+01  -1.3615207129915381e-07
   3.0000000000000000e+00   1.1000000000000000e+01  -6.1074572993855513e-08
   3.0000000000000000e+00   1.2000000000000000e+01  -1.3948963259649746e-07
   3.0000000000000000e+00   1.3000000000000000e+01  -5.5878452714140325e-08
   3.0000000000000000e+00   1.4000000000000000e+01  -7.0456790613396524e-08
   3.0000000000000000e+00   1.5000000000000000e+01   7.1224898878715690e-08
   3.0000000000000000e+00   1.6000000000000000e+01   4.1397282732392544e-08
   3.0000000000000000e+00   1.7000000000000000e+01   2.8032895862738831e-07
   3.0000000000000000e+00   1.8000000000000000e+01   2.3115645520043702e-07
   3.0000000000000000e+00   1.9000000000000000e+01   4.0993656915740156e-07
   3.0000000000000000e+00   2.0000000000000000e+01   4.1557361496737816e-07
   3.0000000000000000e+00   2.1000000000000000e+01   3.3555033797260163e-07
   3.0000000000000000e+00   2.2000000000000000e+01   3.6242567581142684e-07
   4.0000000000000000e+00   0.0000000000000000e+00   5.5139194678974698e-05
   4.0000000000000000e+00   1.0000000000000000e+00  -1.0329605038763671e-06
   4.0000000000000000e+00   2.0000000000000000e+00   3.2402682863814410e-06
   4.0000000000000000e+00   3.0000000000000000e+00  -2.2740866532494310e-06
   4.0000000000000000e+00   4.0000000000000000e+00   2.0187260426240458e-07
   4.0000000000000000e+00   5.0000000000000000e+00   8.7758606418005769e-08
   4.0000000000000000e+00   6.0000000000000000e+00  -4.1255723122608553e-07
   4.0000000000000000e+00   7.0000000000000000e+00   3.2484139255441484e-07
   4.0000000000000000e+00   8.0000000000000000e+00  -1.3494609519486453e-07
   4.0000000000000000e+00   9.0000000000000000e+00   2.3592638690010521e-08
   4.0000000000000000e+00   1.0000000000000000e+01   1.6976324498941222e-07
   4.0000000000000000e+00   1.1000000000000000e+01  -1.1336689334995179e-07
   4.0000000000000000e+00   1.2000000000000000e+01   1.7639167498656648e-07
   4.0000000000000000e+00   1.3000000000000000e+01   2.7291726149873063e-08
   4.0000000000000000e+00   1.4000000000000000e+01   5.8555901406634210e-08
   4.0000000000000000e+00   1.5000000000000000e+01   2.5277785064019565e-08
   4.0000000000000000e+00   1.6000000000000000e+01   1.0650124860212235e-07
   4.0000000000000000e+00   1.7000000000000000e+01  -1.0587070821191444e-07
   4.0000000000000000e+00   1.8000000000000000e+01   1.7122885660235399e-07
   4.0000000000000000e+00   1.9000000000000000e+01   4.8382585268825825e-08
   4.0000000000000000e+00   2.0000000000000000e+01   1.1038567969967095e-07
   4.0000000000000000e+00   2.1000000000000000e+01   3.0231791160020269e-07
   5.0000000000000000e+00   0.0000000000000000e+00   2.6567304937198280e-05
   5.0000000000000000e+00   1.0000000000000000e+00   1.8952757742486570e-06
   5.0000000000000000e+00   2.0000000000000000e+00  -2.5930563077210955e-06
   5.0000000000000000e+00   3.0000000000000000e+00  -2.7767544807764381e-06
   5.0000000000000000e+00   4.0000000000000000e+00  -1.0739605826972349e-06
   5.0000000000000000e+00   5.0000000000000000e+00  -8.3183196625688354e-07
   5.0000000000000000e+00   6.0000000000000000e+00  -5.3489896855315076e-07
   5.0000000000000000e+00   7.0000000000000000e+00   1.5411587176122439e-07
   5.0000000000000000e+00   8.0000000000000000e+00  -1.4181006248964490e-07
   5.0000000000000000e+00   9.0000000000000000e+00   5.4691095302546878e-08
   5.0000000000000000e+00   1.0000000000000000e+01   2.0917449029763711e-08
   5.0000000000000000e+00   1.1000000000000000e+01  -1.3420047534093208e-07
   5.0000000000000000e+00   1.2000000000000000e+01  -4.0918730169779367e-08
   5.0000000000000000e+00   1.3000000000000000e+01  -2.8718408155572053e-09
   5.0000000000000000e+00   1.4000000000000000e+01  -2.0091992427649727e-07
   5.0000000000000000e+00   1.5000000000000000e+01   1.1071827355540495e-07
   5.0000000000000000e+00   1.6000000000000000e+01  -1.5231087304214416e-07
   5.0000000000000000e+00   1.7000000000000000e+01   3.8032508029114497e-08
   5.0000000000000000e+00   1.8000000000000000e+01   4.0104449711570271e-08
   5.0000000000000000e+00   1.9000000000000000e+01   3.5663046339933289e-08
   5.0000000000000000e+00   2.0000000000000000e+01   5.1343289456206315e-08
   6.0000000000000000e+00   0.0000000000000000e+00  -9.6637628938304519e-06
   6.0000000000000000e+00   1.0000000000000000e+00  -2.8622322613815603e-06
   6.0000000000000000e+00   2.0000000000000000e+00   1.5911066600850192e-06
   6.0000000000000000e+00   3.0000000000000000e+00  -4.4756037502909241e-07
   6.0000000000000000e+00   4.0000000000000000e+00   8.0435654900681715e-07
   6.0000000000000000e+00   5.0000000000000000e+00   3.4142437788910115e-07
   6.0000000000000000e+00   6.0000000000000000e+00   3.2363335999125053e-07
   6.0000000000000000e+00   7.0000000000000000e+00   5.0090814904446411e-07
   6.0000000000000000e+00   8.0000000000000000e+00   3.7964166387964511e-08
   6.0000000000000000e+00   9.0000000000000000e+00   7.7124076003067775e-08
   6.0000000000000000e+00   1.0000000000000000e+01   2.9156102182142854e-08
   6.0000000000000000e+00   1.1000000000000000e+01  -1.3402262338554911e-07
   6.0000000000000000e+00   1.2000000000000000e+01   8.3916012989647500e-08
   6.0000000000000000e+00   1.3000000000000000e+01  -4.5544576926394553e-08
   6.0000000000000000e+00   1.4000000000000000e+01   1.6848549060459279e-08
   6.0000000000000000e+00   1.5000000000000000e+01  -3.2070395389047645e-08
   6.0000000000000000e+00   1.6000000000000000e+01  -2.1049939151655827e-08
   6.0000000000000000e+00   1.7000000000000000e+01  -1.2053278558696127e-07
   6.0000000000000000e+00   1.8000000000000000e+01  -1.3132136368602221e-09
   6.0000000000000000e+00   1.9000000000000000e+01  -8.7043580039361588e-08
   7.0000000000000000e+00   0.0000000000000000e+00  -2.0929809548443990e-06
   7.0000000000000000e+00   1.0000000000000000e+00  -2.2354132730523212e-06
   7.0000000000000000e+00   2.0000000000000000e+00  -9.2165306386465779e-07
   7.0000000000000000e+00   3.0000000000000000e+00  -2.3651638735703123e-06
   7.0000000000000000e+00   4.0000000000000000e+00  -8.2042807582691729e-07
   7.0000000000000000e+00   5.0000000000000000e+00  -7.9289613320645667e-07
   7.0000000000000000e+00   6.0000000000000000e+00  -3.9199556791716942e-07
   7.0000000000000000e+00   7.0000000000000000e+00   1.8500756772792160e-08
   7.0000000000000000e+00   8.0000000000000000e+00  -1.3863216283952445e-07
   7.0000000000000000e+00   9.0000000000000000e+00  -3.1622563659830302e-08
   7.0000000000000000e+00   1.0000000000000000e+01   8.6178681473659343e-09
   7.0000000000000000e+00   1.1000000000000000e+01  -5.2804789007976593e-08
   7.0000000000000000e+00   1.2000000000000000e+01   5.0904470038707594e-08
   7.0000000000000000e+00   1.3000000000000000e+01   6.5401601263822984e-08
   7.0000000000000000e+00   1.4000000000000000e+01  -1.2215346461998026e-08
   7.0000000000000000e+00   1.5000000000000000e+01   2.6593947959392459e-08
   7.0000000000000000e+00   1.6000000000000000e+01   1.7000341722546649e-08
   7.0000000000000000e+00   1.7000000000000000e+01  -6.7423024361243063e-08
   7.0000000000000000e+00   1.8000000000000000e+01  -1.1553941509940769e-09
   8.0000000000000000e+00   0.0000000000000000e+00   4.3368515249672293e-06
   8.0000000000000000e+00   1.0000000000000000e+00   5.9929496677501734e-07
   8.0000000000000000e+00   2.0000000000000000e+00   7.9786615412248431e-07
   8.0000000000000000e+00   3.0000000000000000e+00   1.8328417213727088e-07
   8.0000000000000000e+00   4.0000000000000000e+00   1.6765781497769799e-06
   8.0000000000000000e+00   5.0000000000000000e+00   8.0122924087597080e-07
   8.0000000000000000e+00   6.0000000000000000e+00   8.8624459380268861e-07
   8.0000000000000000e+00   7.0000000000000000e+00   5.6148958409020610e-07
   8.0000000000000000e+00   8.0000000000000000e+00   1.2400005157058617e-07
   8.0000000000000000e+00   9.0000000000000000e+00   7.3490330799399716e-08
   8.0000000000000000e+00   1.0000000000000000e+01  -4.1045445465502051e-08
   8.0000000000000000e+00   1.1000000000000000e+01   2.6173050396988580e-09
   8.0000000000000000e+00   1.2000000000000000e+01   1.8132365593438830e-08
   8.0000000000000000e+00   1.3000000000000000e+01   7.0110874311178058e-08
   8.0000000000000000e+00   1.4000000000000000e+01  -5.5117034877344128e-08
   8.0000000000000000e+00   1.5000000000000000e+01   3.9473331039441423e-08
   8.0000000000000000e+00   1.6000000000000000e+01  -8.8942251108243294e-08
   8.0000000000000000e+00   1.7000000000000000e+01   1.1080608193285740e-08
   9.0000000000000000e+00   0.0000000000000000e+00   2.3741125839200504e-06
   9.0000000000000000e+00   1.0000000000000000e+00  -2.5473455013425087e-06
   9.0000000000000000e+00   2.0000000000000000e+00  -1.6863312105720367e-07
   9.0000000000000000e+00   3.0000000000000000e+00  -1.8577406835205482e-06
   9.0000000000000000e+00   4.0000000000000000e+00  -9.8645957654797230e-08
   9.0000000000000000e+00   5.0000000000000000e+00  -8.9852128127769537e-07
   9.0000000000000000e+00   6.0000000000000000e+00  -3.2480220527746830e-07
   9.0000000000000000e+00   7.0000000000000000e+00  -3.4491785959363262e-07
   9.0000000000000000e+00   8.0000000000000000e+00  -4.3767555979352262e-07
   9.0000000000000000e+00   9.0000000000000000e+00  -1.6726218999754568e-07
   9.0000000000000000e+00   1.0000000000000000e+01  -1.5472234189841076e-07
   9.0000000000000000e+00   1.1000000000000000e+01  -6.1518275712461951e-08
   9.0000000000000000e+00   1.2000000000000000e+01   7.4699812075719035e-08
   9.0000000000000000e+00   1.3000000000000000e+01  -1.0408983164354098e-07
   9.0000000000000000e+00   1.4000000000000000e+01   5.0567366213300270e-08
   9.0000000000000000e+00   1.5000000000000000e+01  -8.0778919648068636e-08
   9.0000000000000000e+00   1.6000000000000000e+01   7.2628405442912609e-08
   1.0000000000000000e+01   0.0000000000000000e+00  -7.0955864548417252e-08
   1.0000000000000000e+01   1.0000000000000000e+00  -2.2021845356327309e-07
   1.0000000000000000e+01   2.0000000000000000e+00   8.6725935211535041e-07
   1.0000000000000000e+01   3.0000000000000000e+00   1.5159352399907196e-07
   1.0000000000000000e+01   4.0000000000000000e+00   1.5197079378254229e-06
   1.0000000000000000e+01   5.0000000000000000e+00   4.1477623825112364e-07
   1.0000000000000000e+01   6.0000000000000000e+00   6.6946995172558129e-07
   1.0000000000000000e+01   7.0000000000000000e+00   2.3455727075394890e-07
   1.0000000000000000e+01   8.0000000000000000e+00  -1.3865047620394956e-08
   1.0000000000000000e+01   9.0000000000000000e+00   1.7020106065356589e-07
   1.0000000000000000e+01   1.0000000000000000e+01   2.2411893598779470e-08
   1.0000000000000000e+01   1.1000000000000000e+01   1.6331634623295141e-07
   1.0000000000000000e+01   1.2000000000000000e+01   1.0319951570311399e-07
   1.0000000000000000e+01   1.3000000000000000e+01  -2.7229876264607447e-09
   1.0000000000000000e+01   1.4000000000000000e+01  -2.6357675440757018e-09
   1.0000000000000000e+01   1.5000000000000000e+01   2.0718504642551308e-08
   1.1000000000000000e+01   0.0000000000000000e+00   2.3621081293923359e-06
   1.1000000000000000e+01   1.0000000000000000e+00  -1.6518169578858885e-06
   1.1000000000000000e+01   2.0000000000000000e+00   9.2126395189857391e-07
   1.1000000000000000e+01   3.0000000000000000e+00  -9.7347067820670380e-07
   1.1000000000000000e+01   4.0000000000000000e+00   5.5660609177599363e-07
   1.1000000000000000e+01   5.0000000000000000e+00  -7.7118468855376501e-07
   1.1000000000000000e+01   6.0000000000000000e+00  -1.6421332113723500e-07
   1.1000000000000000e+01   7.0000000000000000e+00  -4.1408147657194202e-07
   1.1000000000000000e+01   8.0000000000000000e+00  -3.4879006483995123e-07
   1.1000000000000000e+01   9.0000000000000000e+00   4.3797759603742128e-08
   1.1000000000000000e+01   1.0000000000000000e+01  -9.2625860912548967e-08
   1.1000000000000000e+01   1.1000000000000000e+01   8.5252419575935631e-08
   1.1000000000000000e+01   1.2000000000000000e+01  -1.7415608875025122e-08
   1.1000000000000000e+01   1.3000000000000000e+01  -1.3185023467509490e-07
   1.1000000000000000e+01   1.4000000000000000e+01  -2.2058618066574814e-08
   1.2000000000000000e+01   0.0000000000000000e+00   1.4350715436804042e-06
   1.2000000000000000e+01   1.0000000000000000e+00  -1.4453365537052412e-06
   1.2000000000000000e+01   2.0000000000000000e+00   7.1518036256084494e-07
   1.2000000000000000e+01   3.0000000000000000e+00  -8.8310805409847696e-07
   1.2000000000000000e+01   4.0000000000000000e+00   6.8039758660774191e-07
   1.2000000000000000e+01   5.0000000000000000e+00  -5.4498920169816084e-07
   1.2000000000000000e+01   6.0000000000000000e+00   1.9493483058482036e-07
   1.2000000000000000e+01   7.0000000000000000e+00  -1.0995715433050891e-07
   1.2000000000000000e+01   8.0000000000000000e+00   1.6768314995330608e-08
   1.2000000000000000e+01   9.0000000000000000e+00   2.5664925264063182e-07
   1.2000000000000000e+01   1.0000000000000000e+01   3.4341611913838273e-08
   1.2000000000000000e+01   1.1000000000000000e+01   9.5016571663150977e-08
   1.2000000000000000e+01   1.2000000000000000e+01   1.4204678647759866e-08
   1.2000000000000000e+01   1.3000000000000000e+01  -1.6905852489843501e-07
   1.3000000000000000e+01   0.0000000000000000e+00   1.1224399269806831e-06
   1.3000000000000000e+01   1.0000000000000000e+00  -3.7554490599789194e-07
   1.3000000000000000e+01   2.0000000000000000e+00   9.9491537290056486e-07
   1.3000000000000000e+01   3.0000000000000000e+00   2.6939718892431648e-08
   1.3000000000000000e+01   4.0000000000000000e+00   8.2376419832359400e-07
   1.3000000000000000e+01   5.0000000000000000e+00  -2.7858822129769213e-07
   1.3000000000000000e+01   6.0000000000000000e+00   2.9959547228330081e-07
   1.3000000000000000e+01   7.0000000000000000e+00  -4.4438543618242229e-08
   1.3000000000000000e+01   8.0000000000000000e+00   1.1096746687052085e-07
   1.3000000000000000e+01   9.0000000000000000e+00   2.0813053243129959e-07
   1.3000000000000000e+01   1.0000000000000000e+01  -6.0888555471223934e-08
   1.3000000000000000e+01   1.1000000000000000e+01   5.9419925443947224e-08
   1.3000000000000000e+01   1.2000000000000000e+01  -1.1086668648473795e-07
   1.4000000000000000e+01   0.0000000000000000e+00   7.5806707758865973e-07
   1.4000000000000000e+01   1.0000000000000000e+00  -1.6650241018670528e-06
   1.4000000000000000e+01   2.0000000000000000e+00   4.8494992699545616e-07
   1.4000000000000000e+01   3.0000000000000000e+00  -1.1549526603540210e-06
   1.4000000000000000e+01   4.0000000000000000e+00  -1.1454411186808002e-07
   1.4000000000000000e+01   5.0000000000000000e+00  -7.9678206442910614e-07
   1.4000000000000000e+01   6.0000000000000000e+00  -4.1631952379340625e-08
   1.4000000000000000e+01   7.0000000000000000e+00  -1.5095354160601683e-07
   1.4000000000000000e+01   8.0000000000000000e+00   1.7708535809018572e-08
   1.4000000000000000e+01   9.0000000000000000e+00   5.9518524051572295e-08
   1.4000000000000000e+01   1.0000000000000000e+01  -1.8088211544077573e-07
   1.4000000000000000e+01   1.1000000000000000e+01  -5.7000875974034353e-08
   1.5000000000000000e+01   0.0000000000000000e+00  -1.1888615650745490e-06
   1.5000000000000000e+01   1.0000000000000000e+00   4.3519618746305033e-07
   1.5000000000000000e+01   2.0000000000000000e+00   4.9504178637190971e-07
   1.5000000000000000e+01   3.0000000000000000e+00   1.4462758929115498e-07
   1.5000000000000000e+01   4.0000000000000000e+00   5.5809182423187536e-07
   1.5000000000000000e+01   5.0000000000000000e+00   1.1373043885843252e-07
   1.5000000000000000e+01   6.0000000000000000e+00   4.6954439911357825e-07
   1.5000000000000000e+01   7.0000000000000000e+00   1.8630890203796629e-07
   1.5000000000000000e+01   8.0000000000000000e+00   1.5537806785498908e-07
   1.5000000000000000e+01   9.0000000000000000e+00   3.4117667042154439e-08
   1.5000000000000000e+01   1.0000000000000000e+01  -1.1805383572277463e-07
   1.6000000000000000e+01   0.0000000000000000e+00  -6.4202136875236491e-07
   1.6000000000000000e+01   1.0000000000000000e+00   3.8544612692792314e-07
   1.6000000000000000e+01   2.0000000000000000e+00  -8.9393405070165637e-09
   1.6000000000000000e+01   3.0000000000000000e+00   8.6281180480152135e-08
   1.6000000000000000e+01   4.0000000000000000e+00  -2.2397428448942471e-07
   1.6000000000000000e+01   5.0000000000000000e+00  -1.6044693829209070e-07
   1.6000000000000000e+01   6.0000000000000000e+00  -4.4585863111146855e-08
   1.6000000000000000e+01   7.0000000000000000e+00  -1.1181868787866721e-07
   1.6000000000000000e+01   8.0000000000000000e+00  -9.9411761087474214e-08
   1.6000000000000000e+01   9.0000000000000000e+00  -1.1541282361956284e-07
   1.7000000000000000e+01   0.0000000000000000e+00  -9.8557754862499174e-07
   1.7000000000000000e+01   1.0000000000000000e+00  -3.4399167470168950e-08
   1.7000000000000000e+01   2.0000000000000000e+00  -1.8221531917014093e-07
   1.7000000000000000e+01   3.0000000000000000e+00  -2.8014919362141081e-07
   1.7000000000000000e+01   4.0000000000000000e+00  -2.5977136652487215e-07
   1.7000000000000000e+01   5.0000000000000000e+00   5.3824206649307233e-08
   1.7000000000000000e+01   6.0000000000000000e+00  -1.4141666886281643e-08
   1.7000000000000000e+01   7.0000000000000000e+00   2.8021009355890107e-08
   1.7000000000000000e+01   8.0000000000000000e+00  -6.0853971041628676e-08
   1.8000000000000000e+01   0.0000000000000000e+00  -1.1464589136408815e-06
   1.8000000000000000e+01   1.0000000000000000e+00   1.6130864319677138e-06
   1.8000000000000000e+01   2.0000000000000000e+00  -3.6168828230169950e-07
   1.8000000000000000e+01   3.0000000000000000e+00   7.6171211203050244e-07
   1.8000000000000000e+01   4.0000000000000000e+00   1.0091814363566390e-07
   1.8000000000000000e+01   5.0000000000000000e+00   4.1839049227576858e-07
   1.8000000000000000e+01   6.0000000000000000e+00   3.3083591703833278e-08
   1.8000000000000000e+01   7.0000000000000000e+00   3.4185049611133309e-08
   1.9000000000000000e+01   0.0000000000000000e+00   4.8487460570163466e-07
   1.9000000000000000e+01   1.0000000000000000e+00   1.7877342767740740e-07
   1.9000000000000000e+01   2.0000000000000000e+00  -7.4366277116728162e-07
   1.9000000000000000e+01   3.0000000000000000e+00   8.7605172020258630e-08
   1.9000000000000000e+01   4.0000000000000000e+00  -6.3519370787365330e-07
   1.9000000000000000e+01   5.0000000000000000e+00  -3.2599176006844558e-08
   1.9000000000000000e+01   6.0000000000000000e+00  -3.3508591769096260e-07
   2.0000000000000000e+01   0.0000000000000000e+00   4.5476295655408100e-07
   2.0000000000000000e+01   1.0000000000000000e+00  -2.7680607177272676e-07
   2.0000000000000000e+01   2.0000000000000000e+00  -1.2979518962492437e-07
   2.0000000000000000e+01   3.0000000000000000e+00   8.9752944176252341e-09
   2.0000000000000000e+01   4.0000000000000000e+00   5.1245546415930746e-08
   2.0000000000000000e+01   5.0000000000000000e+00   2.8471415451837563e-07
   2.1000000000000000e+01   0.0000000000000000e+00   5.3551632498360253e-07
   2.1000000000000000e+01   1.0000000000000000e+00   4.2379801866992374e-07
   2.1000000000000000e+01   2.0000000000000000e+00  -1.1325910174178745e-07
   2.1000000000000000e+01   3.0000000000000000e+00   4.2459812524014729e-07
   2.1000000000000000e+01   4.0000000000000000e+00   1.4724512695581321e-07
   2.2000000000000000e+01   0.0000000000000000e+00   1.0386659145662573e-06
   2.2000000000000000e+01   1.0000000000000000e+00  -1.1767289058239162e-06
   2.2000000000000000e+01   2.0000000000000000e+00   3.7796445586954614e-08
   2.2000000000000000e+01   3.0000000000000000e+00  -3.2984702169843531e-07
   2.3000000000000000e+01   0.0000000000000000e+00  -2.1316851916539726e-07
   2.3000000000000000e+01   1.0000000000000000e+00  -6.4994471660041826e-07
   2.3000000000000000e+01   2.0000000000000000e+00   8.3503870632267303e-07
   2.4000000000000000e+01   0.0000000000000000e+00  -6.6435005780089881e-07
   2.4000000000000000e+01   1.0000000000000000e+00   5.5094894992635069e-07
   2.5000000000000000e+01   0.0000000000000000e+00  -2.4883409396374160e-07
