   0.0000000000000000e+00   0.0000000000000000e+00   6.1405322940381976e-04
   0.0000000000000000e+00   1.0000000000000000e+00  -1.4429130775363893e-05
   0.0000000000000000e+00   2.0000000000000000e+00  -3.5621687862484105e-05
   0.0000000000000000e+00   3.0000000000000000e+00  -1.4988569673218650e-05
   0.0000000000000000e+00   4.0000000000000000e+00   2.1829711642099023e-05
   0.0000000000000000e+00   5.0000000000000000e+00  -3.7218060775229031e-06
   0.0000000000000000e+00   6.0000000000000000e+00   4.4641329682726958e-06
   0.0000000000000000e+00   7.0000000000000000e+00  -3.7380766848051344e-06
   0.0000000000000000e+00   8.0000000000000000e+00   4.7685265264926573e-06
   0.0000000000000000e+00   9.0000000000000000e+00  -1.9109813264967863e-06
   0.0000000000000000e+00   1.0000000000000000e+01   2.6517082588342331e-06
   0.0000000000000000e+00   1.1000000000000000e+01  -1.0470569520171821e-06
   0.0000000000000000e+00   1.2000000000000000e+01   1.3299222970736801e-06
   0.0000000000000000e+00   1.3000000000000000e+01  -7.6777340885456641e-08
   0.0000000000000000e+00   1.4000000000000000e+01   4.4240459278750048e-07
   0.0000000000000000e+00   1.5000000000000000e+01   3.3285619508620084e-07
   0.0000000000000000e+00   1.6000000000000000e+01   1.1388118428364363e-07
   0.0000000000000000e+00   1.7000000000000000e+01   3.8336988554920444e-07
   0.0000000000000000e+00   1.8000000000000000e+01   1.0289791387630891e-07
   0.0000000000000000e+00   1.9000000000000000e+01   2.5646359851770054e-07
   0.0000000000000000e+00   2.0000000000000000e+01   1.8788633351409805e-07
   0.0000000000000000e+00   2.1000000000000000e+01   1.1452027678894311e-07
   0.0000000000000000e+00   2.2000000000000000e+01   2.1081783424064697e-07
   0.0000000000000000e+00   2.3000000000000000e+01   3.5428625255170107e-08
   0.0000000000000000e+00   2.4000000000000000e+01   1.5383762724335924e-07
   0.0000000000000000e+00   2.5000000000000000e+01   3.1432988086423344e-08
   1.0000000000000000e+00   0.0000000000000000e+00  -1.7841664348940394e-04
   1.0000000000000000e+00   1.0000000000000000e+00  -5.6503671977259743e-05
   1.0000000000000000e+00   2.0000000000000000e+00   2.5369245951625349e-05
   1.0000000000000000e+00   3.0000000000000000e+00   2.1219256000381417e-05
   1.0000000000000000e+00   4.0000000000000000e+00  -5.2269618749230335e-06
   1.0000000000000000e+00   5.0000000000000000e+00   1.2388271726052114e-06
   1.0000000000000000e+00   6.0000000000000000e+00  -2.2597018628571041e-06
   1.0000000000000000e+00   7.0000000000000000e+00   3.6598903044813280e-06
   1.0000000000000000e+00   8.0000000000000000e+00  -2.7244235684795224e-06
   1.0000000000000000e+00   9.0000000000000000e+00   1.5804868602901769e-06
   1.0000000000000000e+00   1.0000000000000000e+01  -1.7003972540878880e-06
   1.0000000000000000e+00   1.1000000000000000e+01   9.0410382099377891e-07
   1.0000000000000000e+00   1.2000000000000000e+01  -8.8989921615193871e-07
   1.0000000000000000e+00   1.3000000000000000e+01   9.2946821969858698e-08
   1.0000000000000000e+00   1.4000000000000000e+01  -3.7588198192159926e-07
   1.0000000000000000e+00   1.5000000000000000e+01  -2.8020330854714783e-07
   1.0000000000000000e+00   1.6000000000000000e+01  -2.3531200979549297e-07
   1.0000000000000000e+00   1.7000000000000000e+01  -3.7693695385178734e-07
   1.0000000000000000e+00   1.8000000000000000e+01  -1.9753009027410183e-07
   1.0000000000000000e+00   1.9000000000000000e+01  -3.1677756993537444e-07
   1.0000000000000000e+00   2.0000000000000000e+01  -1.3945609719756324e-07
   1.0000000000000000e+00   2.1000000000000000e+01  -2.0712834815105440e-07
   1.0000000000000000e+00   2.2000000000000000e+01  -1.1723253054473367e-07
   1.0000000000000000e+00   2.3000000000000000e+01  -1.4803380183086765e-07
   1.0000000000000000e+00   2.4000000000000000e+01  -1.1905450677329028e-07
   2.0000000000000000e+00   0.0000000000000000e+00  -5.7071350413889091e-05
   2.0000000000000000e+00   1.0000000000000000e+00   2.6539368589734934e-05
   2.0000000000000000e+00   2.0000000000000000e+00   3.4359571161416327e-05
   2.0000000000000000e+00   3.0000000000000000e+00   2.8726697007910435e-06
   2.0000000000000000e+00   4.0000000000000000e+00  -2.9320434923985348e-06
   2.0000000000000000e+00   5.0000000000000000e+00   1.9690257003175554e-06
   2.0000000000000000e+00   6.0000000000000000e+00   2.0187893013937628e-06
   2.0000000000000000e+00   7.0000000000000000e+00  -5.1450068871999046e-07
   2.0000000000000000e+00   8.0000000000000000e+00   2.3910398229438387e-07
   2.0000000000000000e+00   9.0000000000000000e+00  -1.6791951624875606e-07
   2.0000000000000000e+00   1.0000000000000000e+01   2.2361332595557322e-07
   2.0000000000000000e+00   1.1000000000000000e+01  -1.4387219803047851e-07
   2.0000000000000000e+00   1.2000000000000000e+01   1.9895377673770329e-07
   2.0000000000000000e+00   1.3000000000000000e+01  -1.9011694071537782e-08
   2.0000000000000000e+00   1.4000000000000000e+01   1.5097135876472669e-07
   2.0000000000000000e+00   1.5000000000000000e+01   6.1955558974971027e-08
   2.0000000000000000e+00   1.6000000000000000e+01   9.4063654391236925e-08
   2.0000000000000000e+00   1.7000000000000000e+01   6.6561821910586646e-08
   2.0000000000000000e+00   1.8000000000000000e+01   1.2368525309045595e-07
   2.0000000000000000e+00   1.9000000000000000e+01   9.1507562992537538e-08
   2.0000000000000000e+00   2.0000000000000000e+01   2.3821653554770996e-07
   2.0000000000000000e+00   2.1000000000000000e+01   1.7756274137176813e-07
   2.0000000000000000e+00   2.2000000000000000e+01   3.2942145889147183e-07
   2.0000000000000000e+00   2.3000000000000000e+01   2.2067284501617097e-07
   3.0000000000000000e+00   0.0000000000000000e+00   9.6302628260099747e-05
   3.0000000000000000e+00   1.0000000000000000e+00   4.2789690181691177e-05
   3.0000000000000000e+00   2.0000000000000000e+00   7.0628504243229562e-06
   3.0000000000000000e+00   3.0000000000000000e+00  -3.2068452241465732e-06
   3.0000000000000000e+00   4.0000000000000000e+00   8.0258425399208592e-06
   3.0000000000000000e+00   5.0000000000000000e+00   2.0305088255726502e-06
   3.0000000000000000e+00   6.0000000000000000e+00   3.7028401189632391e-07
   3.0000000000000000e+00   7.0000000000000000e+00  -1.1217784199744972e-06
   3.0000000000000000e+00   8.0000000000000000e+00  -1.5836798579569373e-07
   3.0000000000000000e+00   9.0000000000000000e+00  -6.1915260950488476e-07
   3.0000000000000000e+00   1.0000000000000000e+01  -2.6918425152678064e-07
   3.0000000000000000e+00   1.1000000000000000e+01  -4.8736437920202196e-07
   3.0000000000000000e+00   1.2000000000000000e+01   4.5443513484633269e-08
   3.0000000000000000e+00   1.3000000000000000e+01  -6.7331721301845449e-08
   3.0000000000000000e+00   1.4000000000000000e+01   2.0950704718806229e-07
   3.0000000000000000e+00   1.5000000000000000e+01   1.0321820256122534e-07
   3.0000000000000000e+00   1.6000000000000000e+01   1.3722202373846361e-07
   3.0000000000000000e+00   1.7000000000000000e+01   3.1109689665008189e-08
   3.0000000000000000e+00   1.8000000000000000e+01   1.8808572331348158e-08
   3.0000000000000000e+00   1.9000000000000000e+01  -1.1473868237950099e-07
   3.0000000000000000e+00   2.0000000000000000e+01  -4.1611861026063397e-08
   3.0000000000000000e+00   2.1000000000000000e+01  -2.1608665511160706e-07
   3.0000000000000000e+00   2.2000000000000000e+01  -1.2782322037684869e-07
   4.0000000000000000e+00   0.0000000000000000e+00   7.6210264648374237e-05
   4.0000000000000000e+00   1.0000000000000000e+00   4.4468298011114013e-06
   4.0000000000000000e+00   2.0000000000000000e+00   1.4637896660933458e-06
   4.0000000000000000e+00   3.0000000000000000e+00   1.0970571372445359e-05
   4.0000000000000000e+00   4.0000000000000000e+00   7.4169074352849148e-06
   4.0000000000000000e+00   5.0000000000000000e+00   9.1819917475479733e-07
   4.0000000000000000e+00   6.0000000000000000e+00   2.4264805975579968e-07
   4.0000000000000000e+00   7.0000000000000000e+00   6.9691138347894986e-07
   4.0000000000000000e+00   8.0000000000000000e+00  -1.9848088536133851e-07
   4.0000000000000000e+00   9.0000000000000000e+00  -8.4220030527515747e-08
   4.0000000000000000e+00   1.0000000000000000e+01  -3.4027325606452281e-07
   4.0000000000000000e+00   1.1000000000000000e+01   1.1219653310259807e-07
   4.0000000000000000e+00   1.2000000000000000e+01  -8.3593131188487950e-08
   4.0000000000000000e+00   1.3000000000000000e+01   1.3043260953677094e-07
   4.0000000000000000e+00   1.4000000000000000e+01   6.3857132848290715e-08
   4.0000000000000000e+00   1.5000000000000000e+01   3.8255621457677945e-08
   4.0000000000000000e+00   1.6000000000000000e+01   7.0074311480063479e-08
   4.0000000000000000e+00   1.7000000000000000e+01  -8.2519560345095443e-08
   4.0000000000000000e+00   1.8000000000000000e+01   1.4024281780166084e-08
   4.0000000000000000e+00   1.9000000000000000e+01  -8.1443036059373193e-08
   4.0000000000000000e+00   2.0000000000000000e+01   8.2095705551488459e-08
   4.0000000000000000e+00   2.1000000000000000e+01   2.6803144920948240e-08
   5.0000000000000000e+00   0.0000000000000000e+00   7.0779141437435753e-06
   5.0000000000000000e+00   1.0000000000000000e+00  -1.3572381411404388e-06
   5.0000000000000000e+00   2.0000000000000000e+00   1.6077275096290584e-05
   5.0000000000000000e+00   3.0000000000000000e+00   1.0504874361954167e-05
   5.0000000000000000e+00   4.0000000000000000e+00   2.4488696766937789e-06
   5.0000000000000000e+00   5.0000000000000000e+00   7.5987220843546271e-07
   5.0000000000000000e+00   6.0000000000000000e+00   1.6028562149381899e-06
   5.0000000000000000e+00   7.0000000000000000e+00  -1.0747724031773534e-08
   5.0000000000000000e+00   8.0000000000000000e+00   2.4736547993717534e-07
   5.0000000000000000e+00   9.0000000000000000e+00  -5.4230683335093262e-07
   5.0000000000000000e+00   1.0000000000000000e+01  -1.1392431843552478e-07
   5.0000000000000000e+00   1.1000000000000000e+01  -9.1308195770760177e-08
   5.0000000000000000e+00   1.2000000000000000e+01  -1.1331744169840820e-07
   5.0000000000000000e+00   1.3000000000000000e+01   7.6090977311582048e-08
   5.0000000000000000e+00   1.4000000000000000e+01  -6.8032197839858904e-09
   5.0000000000000000e+00   1.5000000000000000e+01   9.8211317636238968e-09
   5.0000000000000000e+00   1.6000000000000000e+01  -4.3248685809452426e-08
   5.0000000000000000e+00   1.7000000000000000e+01  -1.1580481102340146e-07
   5.0000000000000000e+00   1.8000000000000000e+01  -6.8336839037621031e-08
   5.0000000000000000e+00   1.9000000000000000e+01  -1.3222591038010561e-07
   5.0000000000000000e+00   2.0000000000000000e+01   3.5320624504960096e-09
   6.0000000000000000e+00   0.0000000000000000e+00  -5.8113015644941928e-06
   6.0000000000000000e+00   1.0000000000000000e+00   1.2063403193689251e-05
   6.0000000000000000e+00   2.0000000000000000e+00   1.2443034332867915e-05
   6.0000000000000000e+00   3.0000000000000000e+00  -8.3367071951869488e-08
   6.0000000000000000e+00   4.0000000000000000e+00   9.1745861617768794e-07
   6.0000000000000000e+00   5.0000000000000000e+00   1.7823702768716437e-06
   6.0000000000000000e+00   6.0000000000000000e+00   8.7245105184096502e-07
   6.0000000000000000e+00   7.0000000000000000e+00  -1.3335830824203008e-07
   6.0000000000000000e+00   8.0000000000000000e+00   1.3190725996337767e-07
   6.0000000000000000e+00   9.0000000000000000e+00   1.5172699038575517e-07
   6.0000000000000000e+00   1.0000000000000000e+01   1.7135446769945256e-07
   6.0000000000000000e+00   1.1000000000000000e+01   9.0793920689380713e-08
   6.0000000000000000e+00   1.2000000000000000e+01   1.0408969726678281e-07
   6.0000000000000000e+00   1.3000000000000000e+01  -2.3689052159434174e-08
   6.0000000000000000e+00   1.4000000000000000e+01   6.4764133721874025e-08
   6.0000000000000000e+00   1.5000000000000000e+01  -1.0321776301877669e-07
   6.0000000000000000e+00   1.6000000000000000e+01   7.2046396487588113e-08
   6.0000000000000000e+00   1.7000000000000000e+01  -6.0968633327354981e-08
   6.0000000000000000e+00   1.8000000000000000e+01   4.2993431834666539e-08
   6.0000000000000000e+00   1.9000000000000000e+01   6.0678377177913521e-10
   7.0000000000000000e+00   0.0000000000000000e+00   2.4373184918194220e-05
   7.0000000000000000e+00   1.0000000000000000e+00   7.2262567431826297e-06
   7.0000000000000000e+00   2.0000000000000000e+00  -1.6965869150403735e-06
   7.0000000000000000e+00   3.0000000000000000e+00  -2.3022397854666478e-06
   7.0000000000000000e+00   4.0000000000000000e+00   1.1804654007846670e-06
   7.0000000000000000e+00   5.0000000000000000e+00   5.8694631417942913e-07
   7.0000000000000000e+00   6.0000000000000000e+00  -3.4364499945840693e-07
   7.0000000000000000e+00   7.0000000000000000e+00  -3.2854006294165200e-09
   7.0000000000000000e+00   8.0000000000000000e+00  -8.4205650833096933e-08
   7.0000000000000000e+00   9.0000000000000000e+00   1.2000217738460034e-07
   7.0000000000000000e+00   1.0000000000000000e+01  -5.8034487683105842e-08
   7.0000000000000000e+00   1.1000000000000000e+01   2.0758714784807424e-08
   7.0000000000000000e+00   1.2000000000000000e+01   1.2847128215094435e-08
   7.0000000000000000e+00   1.3000000000000000e+01   1.4003556977168106e-08
   7.0000000000000000e+00   1.4000000000000000e+01   6.1208099006097171e-08
   7.0000000000000000e+00   1.5000000000000000e+01   1.1820104808919374e-08
   7.0000000000000000e+00   1.6000000000000000e+01   8.6069930315735740e-08
   7.0000000000000000e+00   1.7000000000000000e+01   3.6773754445491979e-08
   7.0000000000000000e+00   1.8000000000000000e+01   8.7158389413388726e-08
   8.0000000000000000e+00   0.0000000000000000e+00   1.6653073935537463e-05
   8.0000000000000000e+00   1.0000000000000000e+00  -5.1786478176425473e-06
   8.0000000000000000e+00   2.0000000000000000e+00  -3.9918834351818631e-06
   8.0000000000000000e+00   3.0000000000000000e+00   5.5006590305297176e-07
   8.0000000000000000e+00   4.0000000000000000e+00   3.2164163836520929e-07
   8.0000000000000000e+00   5.0000000000000000e+00  -1.1668797734802918e-06
   8.0000000000000000e+00   6.0000000000000000e+00   4.5496226410528400e-08
   8.0000000000000000e+00   7.0000000000000000e+00   1.0097985762302250e-07
   8.0000000000000000e+00   8.0000000000000000e+00   3.0806428130302428e-07
   8.0000000000000000e+00   9.0000000000000000e+00  -2.3520618536044744e-08
   8.0000000000000000e+00   1.0000000000000000e+01   2.0628470139228973e-07
   8.0000000000000000e+00   1.1000000000000000e+01   1.8322874802695138e-08
   8.0000000000000000e+00   1.2000000000000000e+01   5.9536395367954965e-08
   8.0000000000000000e+00   1.3000000000000000e+01   2.7017986938512820e-08
   8.0000000000000000e+00   1.4000000000000000e+01  -4.9660364051655880e-08
   8.0000000000000000e+00   1.5000000000000000e+01   2.0984848474490099e-08
   8.0000000000000000e+00   1.6000000000000000e+01  -7.7132698449983245e-08
   8.0000000000000000e+00   1.7000000000000000e+01  -1.3051797536026444e-08
   9.0000000000000000e+00   0.0000000000000000e+00  -8.6953470931016923e-06
   9.0000000000000000e+00   1.0000000000000000e+00  -4.3687427191378502e-06
   9.0000000000000000e+00   2.0000000000000000e+00  -4.7642747146115525e-07
   9.0000000000000000e+00   3.0000000000000000e+00   1.1726951450467524e-07
   9.0000000000000000e+00   4.0000000000000000e+00  -1.4507358157441292e-06
   9.0000000000000000e+00   5.0000000000000000e+00  -5.3335652985712631e-07
   9.0000000000000000e+00   6.0000000000000000e+00   9.7837473291776023e-08
   9.0000000000000000e+00   7.0000000000000000e+00   1.2524011978274866e-07
   9.0000000000000000e+00   8.0000000000000000e+00   1.0710714698793371e-07
   9.0000000000000000e+00   9.0000000000000000e+00   7.4882655187439751e-08
   9.0000000000000000e+00   1.0000000000000000e+01   2.9453303617409622e-07
   9.0000000000000000e+00   1.1000000000000000e+01   5.8317473121460297e-08
   9.0000000000000000e+00   1.2000000000000000e+01   2.3878367026138711e-07
   9.0000000000000000e+00   1.3000000000000000e+01  -4.4569561071188894e-08
   9.0000000000000000e+00   1.4000000000000000e+01   2.5826063977197456e-08
   9.0000000000000000e+00   1.5000000000000000e+01  -7.1263725487305999e-08
   9.0000000000000000e+00   1.6000000000000000e+01  -1.0334724953219699e-07
   1.0000000000000000e+01   0.0000000000000000e+00  -7.2731533718301656e-06
   1.0000000000000000e+01   1.0000000000000000e+00   1.8448989277843842e-06
   1.0000000000000000e+01   2.0000000000000000e+00   2.3293360818595348e-07
   1.0000000000000000e+01   3.0000000000000000e+00  -1.8736250873385144e-06
   1.0000000000000000e+01   4.0000000000000000e+00  -8.7683899024772378e-07
   1.0000000000000000e+01   5.0000000000000000e+00   3.6970451942943042e-07
   1.0000000000000000e+01   6.0000000000000000e+00  -1.4092786126268421e-08
   1.0000000000000000e+01   7.0000000000000000e+00   7.0345566521118519e-08
   1.0000000000000000e+01   8.0000000000000000e+00   1.0450259943604733e-07
   1.0000000000000000e+01   9.0000000000000000e+00   1.6412551475515410e-07
   1.0000000000000000e+01   1.0000000000000000e+01   1.9365517590749013e-07
   1.0000000000000000e+01   1.1000000000000000e+01   8.7081442452299238e-09
   1.0000000000000000e+01   1.2000000000000000e+01   1.3087863163103253e-07
   1.0000000000000000e+01   1.3000000000000000e+01  -6.3446181559678058e-08
   1.0000000000000000e+01   1.4000000000000000e+01   7.3388845356576641e-08
   1.0000000000000000e+01   1.5000000000000000e+01  -2.9297408493953390e-08
   1.1000000000000000e+01   0.0000000000000000e+00  -4.5274332155514067e-07
   1.1000000000000000e+01   1.0000000000000000e+00   1.0257939803723370e-06
   1.1000000000000000e+01   2.0000000000000000e+00  -5.8911944524758256e-07
   1.1000000000000000e+01   3.0000000000000000e+00  -4.0217829813453508e-07
   1.1000000000000000e+01   4.0000000000000000e+00   2.1263580734215344e-07
   1.1000000000000000e+01   5.0000000000000000e+00   3.4731059284114674e-07
   1.1000000000000000e+01   6.0000000000000000e+00  -4.2530331006217970e-08
   1.1000000000000000e+01   7.0000000000000000e+00   1.0338357858254631e-07
   1.1000000000000000e+01   8.0000000000000000e+00   2.4375366698265733e-07
   1.1000000000000000e+01   9.0000000000000000e+00   7.5753401322375051e-08
   1.1000000000000000e+01   1.0000000000000000e+01   1.1929336010511720e-07
   1.1000000000000000e+01   1.1000000000000000e+01   2.1593661912192362e-08
   1.1000000000000000e+01   1.2000000000000000e+01   6.1887932124799872e-08
   1.1000000000000000e+01   1.3000000000000000e+01   2.2479121651116464e-08
   1.1000000000000000e+01   1.4000000000000000e+01   9.4478990182106630e-08
   1.2000000000000000e+01   0.0000000000000000e+00  -7.4989719545368567e-07
   1.2000000000000000e+01   1.0000000000000000e+00  -2.1564833017644149e-06
   1.2000000000000000e+01   2.0000000000000000e+00  -2.5024088063643473e-07
   1.2000000000000000e+01   3.0000000000000000e+00   1.1852241489191140e-06
   1.2000000000000000e+01   4.0000000000000000e+00   6.2362199053848689e-07
   1.2000000000000000e+01   5.0000000000000000e+00  -3.7952025877878103e-07
   1.2000000000000000e+01   6.0000000000000000e+00   2.9121031742903178e-07
   1.2000000000000000e+01   7.0000000000000000e+00  -5.0181807351540802e-08
   1.2000000000000000e+01   8.0000000000000000e+00   1.0526592879774071e-07
   1.2000000000000000e+01   9.0000000000000000e+00  -9.4901821497815978e-08
   1.2000000000000000e+01   1.0000000000000000e+01   6.9065031923279863e-10
   1.2000000000000000e+01   1.1000000000000000e+01  -7.4083323780698274e-09
   1.2000000000000000e+01   1.2000000000000000e+01   3.6513314201507482e-08
   1.2000000000000000e+01   1.3000000000000000e+01   4.2540790232216832e-08
   1.3000000000000000e+01   0.0000000000000000e+00   1.5199353467614021e-06
   1.3000000000000000e+01   1.0000000000000000e+00  -1.9146076618511727e-07
   1.3000000000000000e+01   2.0000000000000000e+00  -1.1429563882715248e-07
   1.3000000000000000e+01   3.0000000000000000e+00   1.0651497641329173e-06
   1.3000000000000000e+01   4.0000000000000000e+00  -1.0605465470511564e-07
   1.3000000000000000e+01   5.0000000000000000e+00   2.1343462896771617e-07
   1.3000000000000000e+01   6.0000000000000000e+00  -1.1041133557663874e-07
   1.3000000000000000e+01   7.0000000000000000e+00   1.4710483099493148e-07
   1.3000000000000000e+01   8.0000000000000000e+00  -6.6599338564384189e-08
   1.3000000000000000e+01   9.0000000000000000e+00  -1.2180091934957668e-07
   1.3000000000000000e+01   1.0000000000000000e+01   9.9712041660466241e-09
   1.3000000000000000e+01   1.1000000000000000e+01  -1.1381144545482135e-07
   1.3000000000000000e+01   1.2000000000000000e+01   2.9277181455765985e-08
   1.4000000000000000e+01   0.0000000000000000e+00   1.6687544411186727e-06
   1.4000000000000000e+01   1.0000000000000000e+00   1.8407916825494346e-06
   1.4000000000000000e+01   2.0000000000000000e+00   4.8593032323548127e-07
   1.4000000000000000e+01   3.0000000000000000e+00  -6.5625290762289895e-07
   1.4000000000000000e+01   4.0000000000000000e+00   3.7668044442698622e-07
   1.4000000000000000e+01   5.0000000000000000e+00  -3.5621991005195316e-08
   1.4000000000000000e+01   6.0000000000000000e+00   1.1792653525500423e-07
   1.4000000000000000e+01   7.0000000000000000e+00  -1.1504297723443908e-07
   1.4000000000000000e+01   8.0000000000000000e+00  -4.0107110650401837e-08
   1.4000000000000000e+01   9.0000000000000000e+00  -6.0223857821409560e-08
   1.4000000000000000e+01   1.0000000000000000e+01   3.3703913602871589e-09
   1.4000000000000000e+01   1.1000000000000000e+01  -5.6605431398275525e-08
   1.5000000000000000e+01   0.0000000000000000e+00  -1.6606808463573888e-06
   1.5000000000000000e+01   1.0000000000000000e+00   4.8305380913747295e-07
   1.5000000000000000e+01   2.0000000000000000e+00   2.6491456171001450e-07
   1.5000000000000000e+01   3.0000000000000000e+00  -3.3301168065658791e-07
   1.5000000000000000e+01   4.0000000000000000e+00  -1.8412163086060341e-07
   1.5000000000000000e+01   5.0000000000000000e+00   1.9231047618769513e-07
   1.5000000000000000e+01   6.0000000000000000e+00  -1.4081641030002406e-07
   1.5000000000000000e+01   7.0000000000000000e+00   9.0760309370515130e-08
   1.5000000000000000e+01   8.0000000000000000e+00  -1.0639366858133944e-07
   1.5000000000000000e+01   9.0000000000000000e+00   4.3371598482127306e-08
   1.5000000000000000e+01   1.0000000000000000e+01  -3.8012915077363305e-08
   1.6000000000000000e+01   0.0000000000000000e+00   6.1931311460127240e-08
   1.6000000000000000e+01   1.0000000000000000e+00  -1.0071246553308149e-06
   1.6000000000000000e+01   2.0000000000000000e+00  -8.1687166585923999e-09
   1.6000000000000000e+01   3.0000000000000000e+00  -2.0347959857729995e-08
   1.6000000000000000e+01   4.0000000000000000e+00   4.3201989750079325e-08
   1.6000000000000000e+01   5.0000000000000000e+00  -2.2345587761609110e-07
   1.6000000000000000e+01   6.0000000000000000e+00   2.1588879559904926e-07
   1.6000000000000000e+01   7.0000000000000000e+00   6.0703603255352470e-08
   1.6000000000000000e+01   8.0000000000000000e+00  -1.5826192036823944e-08
   1.6000000000000000e+01   9.0000000000000000e+00   2.3822642363009246e-07
   1.7000000000000000e+01   0.0000000000000000e+00   2.1004896211818685e-06
   1.7000000000000000e+01   1.0000000000000000e+00  -4.1060142193546086e-07
   1.7000000000000000e+01   2.0000000000000000e+00  -3.3902998672072333e-07
   1.7000000000000000e+01   3.0000000000000000e+00   4.2376733352759157e-07
   1.7000000000000000e+01   4.0000000000000000e+00  -1.5331824734708095e-07
   1.7000000000000000e+01   5.0000000000000000e+00   1.6705867367021227e-07
   1.7000000000000000e+01   6.0000000000000000e+00   4.2376020326452166e-09
   1.7000000000000000e+01   7.0000000000000000e+00   4.1433431911881862e-08
   1.7000000000000000e+01   8.0000000000000000e+00   1.9007910252494323e-07
   1.8000000000000000e+01   0.0000000000000000e+00  -5.5169665483562467e-07
   1.8000000000000000e+01   1.0000000000000000e+00   2.9960342176813721e-07
   1.8000000000000000e+01   2.0000000000000000e+00   1.0155744093507836e-07
   1.8000000000000000e+01   3.0000000000000000e+00  -2.3961186960866180e-07
   1.8000000000000000e+01   4.0000000000000000e+00   2.0207968475069490e-07
   1.8000000000000000e+01   5.0000000000000000e+00   7.3489080950429349e-08
   1.8000000000000000e+01   6.0000000000000000e+00   1.1765606517131673e-07
   1.8000000000000000e+01   7.0000000000000000e+00   7.9825283067672767e-08
   1.9000000000000000e+01   0.0000000000000000e+00  -2.2574430463108478e-06
   1.9000000000000000e+01   1.0000000000000000e+00   4.0269515733879030e-08
   1.9000000000000000e+01   2.0000000000000000e+00   8.7996007816192135e-08
   1.9000000000000000e+01   3.0000000000000000e+00   1.0018842546494037e-07
   1.9000000000000000e+01   4.0000000000000000e+00  -1.9864406088298983e-07
   1.9000000000000000e+01   5.0000000000000000e+00   1.3492257644617055e-07
   1.9000000000000000e+01   6.0000000000000000e+00  -2.3445764094388800e-08
   2.0000000000000000e+01   0.0000000000000000e+00   8.2115097452752175e-07
   2.0000000000000000e+01   1.0000000000000000e+00  -6.5620568956149290e-08
   2.0000000000000000e+01   2.0000000000000000e+00  -1.1469366797560384e-07
   2.0000000000000000e+01   3.0000000000000000e+00  -1.3586436385425729e-07
   2.0000000000000000e+01   4.0000000000000000e+00   1.7822754829735071e-07
   2.0000000000000000e+01   5.0000000000000000e+00  -5.0104309457364955e-08
   2.1000000000000000e+01   0.0000000000000000e+00   1.5862659948568135e-06
   2.1000000000000000e+01   1.0000000000000000e+00   1.7367970883652277e-08
   2.1000000000000000e+01   2.0000000000000000e+00  -2.7773607162700893e-07
   2.1000000000000000e+01   3.0000000000000000e+00   1.1614637906961066e-07
   2.1000000000000000e+01   4.0000000000000000e+00   1.3690116799098629e-07
   2.2000000000000000e+01   0.0000000000000000e+00  -3.1835161481170264e-07
   2.2000000000000000e+01   1.0000000000000000e+00   1.7464244510437657e-07
   2.2000000000000000e+01   2.0000000000000000e+00   1.6309506635029711e-07
   2.2000000000000000e+01   3.0000000000000000e+00  -1.7002092759067443e-08
   2.3000000000000000e+01   0.0000000000000000e+00  -1.3382530972731228e-06
   2.3000000000000000e+01   1.0000000000000000e+00  -1.3158228575555328e-07
   2.3000000000000000e+01   2.0000000000000000e+00   4.0950567863936917e-07
   2.4000000000000000e+01   0.0000000000000000e+00   5.3220158857525925e-07
   2.4000000000000000e+01   1.0000000000000000e+00  -5.4058324341205250e-08
   2.5000000000000000e+01   0.0000000000000000e+00   8.1625466188869319e-07
