   0.0000000000000000e+00   0.0000000000000000e+00   9.5032397008541716e+30
   0.0000000000000000e+00   1.0000000000000000e+00  -5.4721223503389290e+29
   0.0000000000000000e+00   2.0000000000000000e+00   4.4710017532658470e+28
   0.0000000000000000e+00   3.0000000000000000e+00  -4.4891493512347992e+27
   0.0000000000000000e+00   4.0000000000000000e+00   5.2224239544246570e+26
   0.0000000000000000e+00   5.0000000000000000e+00  -6.8160061564092403e+25
   0.0000000000000000e+00   6.0000000000000000e+00   9.7788741103317217e+24
   0.0000000000000000e+00   7.0000000000000000e+00  -1.5207139917542828e+24
   0.0000000000000000e+00   8.0000000000000000e+00   2.5371432732457782e+23
   0.0000000000000000e+00   9.0000000000000000e+00  -4.5058659605859189e+22
   0.0000000000000000e+00   1.0000000000000000e+01   8.4657810679325021e+21
   0.0000000000000000e+00   1.1000000000000000e+01  -1.6743509299338776e+21
   0.0000000000000000e+00   1.2000000000000000e+01   3.4716234474608787e+20
   0.0000000000000000e+00   1.3000000000000000e+01  -7.5202223466730521e+19
   0.0000000000000000e+00   1.4000000000000000e+01   1.6969574639127032e+19
   0.0000000000000000e+00   1.5000000000000000e+01  -3.9788922402580009e+18
   0.0000000000000000e+00   1.6000000000000000e+01   9.6729084730610496e+17
   0.0000000000000000e+00   1.7000000000000000e+01  -2.4334716285219798e+17
   0.0000000000000000e+00   1.8000000000000000e+01   6.3246748777316808e+16
   0.0000000000000000e+00   1.9000000000000000e+01  -1.6956774732867652e+16
   0.0000000000000000e+00   2.0000000000000000e+01   4.6834009838938310e+15
   0.0000000000000000e+00   2.1000000000000000e+01  -1.3309809492202132e+15
   0.0000000000000000e+00   2.2000000000000000e+01   3.8878128668035988e+14
   0.0000000000000000e+00   2.3000000000000000e+01  -1.1661033173989655e+14
   0.0000000000000000e+00   2.4000000000000000e+01   3.5882359119751023e+13
   0.0000000000000000e+00   2.5000000000000000e+01  -1.1318416104119203e+13
   1.0000000000000000e+00   0.0000000000000000e+00  -1.6521283379299560e+30
   1.0000000000000000e+00   1.0000000000000000e+00   9.5133114234834555e+28
   1.0000000000000000e+00   2.0000000000000000e+00  -7.7729268884672571e+27
   1.0000000000000000e+00   3.0000000000000000e+00   7.8045458102441214e+26
   1.0000000000000000e+00   4.0000000000000000e+00  -9.0794501846724448e+25
   1.0000000000000000e+00   5.0000000000000000e+00   1.1850079189799756e+25
   1.0000000000000000e+00   6.0000000000000000e+00  -1.7001372918559486e+24
   1.0000000000000000e+00   7.0000000000000000e+00   2.6439092572916873e+23
   1.0000000000000000e+00   8.0000000000000000e+00  -4.4111097779642729e+22
   1.0000000000000000e+00   9.0000000000000000e+00   7.8340261099931204e+21
   1.0000000000000000e+00   1.0000000000000000e+01  -1.4718977936762455e+21
   1.0000000000000000e+00   1.1000000000000000e+01   2.9111258737451309e+20
   1.0000000000000000e+00   1.2000000000000000e+01  -6.0360243589870354e+19
   1.0000000000000000e+00   1.3000000000000000e+01   1.3075337981338735e+19
   1.0000000000000000e+00   1.4000000000000000e+01  -2.9505098286009349e+18
   1.0000000000000000e+00   1.5000000000000000e+01   6.9181846149062451e+17
   1.0000000000000000e+00   1.6000000000000000e+01  -1.6818640988153283e+17
   1.0000000000000000e+00   1.7000000000000000e+01   4.2312038598666000e+16
   1.0000000000000000e+00   1.8000000000000000e+01  -1.0997138540667414e+16
   1.0000000000000000e+00   1.9000000000000000e+01   2.9484146048066760e+15
   1.0000000000000000e+00   2.0000000000000000e+01  -8.1434876012745738e+14
   1.0000000000000000e+00   2.1000000000000000e+01   2.3143269244869775e+14
   1.0000000000000000e+00   2.2000000000000000e+01  -6.7602377269526977e+13
   1.0000000000000000e+00   2.3000000000000000e+01   2.0276704180530250e+13
   1.0000000000000000e+00   2.4000000000000000e+01  -6.2394313317148652e+12
   2.0000000000000000e+00   0.0000000000000000e+00   4.1888495095787028e+29
   2.0000000000000000e+00   1.0000000000000000e+00  -2.4120527330364744e+28
   2.0000000000000000e+00   2.0000000000000000e+00   1.9708055760310609e+27
   2.0000000000000000e+00   3.0000000000000000e+00  -1.9788412560636959e+26
   2.0000000000000000e+00   4.0000000000000000e+00   2.3021149281156019e+25
   2.0000000000000000e+00   5.0000000000000000e+00  -3.0046427175088435e+24
   2.0000000000000000e+00   6.0000000000000000e+00   4.3108182835926522e+23
   2.0000000000000000e+00   7.0000000000000000e+00  -6.7038827275016882e+22
   2.0000000000000000e+00   8.0000000000000000e+00   1.1184893947604204e+22
   2.0000000000000000e+00   9.0000000000000000e+00  -1.9864295184433514e+21
   2.0000000000000000e+00   1.0000000000000000e+01   3.7322432286782921e+20
   2.0000000000000000e+00   1.1000000000000000e+01  -7.3817172117958492e+19
   2.0000000000000000e+00   1.2000000000000000e+01   1.5305641340424255e+19
   2.0000000000000000e+00   1.3000000000000000e+01  -3.3155653563709000e+18
   2.0000000000000000e+00   1.4000000000000000e+01   7.4817957135454733e+17
   2.0000000000000000e+00   1.5000000000000000e+01  -1.7543046933286730e+17
   2.0000000000000000e+00   1.6000000000000000e+01   4.2648902594881160e+16
   2.0000000000000000e+00   1.7000000000000000e+01  -1.0729635655830190e+16
   2.0000000000000000e+00   1.8000000000000000e+01   2.7887190533075805e+15
   2.0000000000000000e+00   1.9000000000000000e+01  -7.4768322961515900e+14
   2.0000000000000000e+00   2.0000000000000000e+01   2.0651115482282550e+14
   2.0000000000000000e+00   2.1000000000000000e+01  -5.8689680009715672e+13
   2.0000000000000000e+00   2.2000000000000000e+01   1.7143635481766492e+13
   2.0000000000000000e+00   2.3000000000000000e+01  -5.1421199349052061e+12
   3.0000000000000000e+00   0.0000000000000000e+00  -1.3454019352546012e+29
   3.0000000000000000e+00   1.0000000000000000e+00   7.7472663374518386e+27
   3.0000000000000000e+00   2.0000000000000000e+00  -6.3300898368561699e+26
   3.0000000000000000e+00   3.0000000000000000e+00   6.3559643681724529e+25
   3.0000000000000000e+00   4.0000000000000000e+00  -7.3943824144708721e+24
   3.0000000000000000e+00   5.0000000000000000e+00   9.6509963757286316e+23
   3.0000000000000000e+00   6.0000000000000000e+00  -1.3846609332413079e+23
   3.0000000000000000e+00   7.0000000000000000e+00   2.1533495629918784e+22
   3.0000000000000000e+00   8.0000000000000000e+00  -3.5927284979978973e+21
   3.0000000000000000e+00   9.0000000000000000e+00   6.3807257985197998e+20
   3.0000000000000000e+00   1.0000000000000000e+01  -1.1988676592549288e+20
   3.0000000000000000e+00   1.1000000000000000e+01   2.3711721344085225e+19
   3.0000000000000000e+00   1.2000000000000000e+01  -4.9165625641013361e+18
   3.0000000000000000e+00   1.3000000000000000e+01   1.0650548466762253e+18
   3.0000000000000000e+00   1.4000000000000000e+01  -2.4033916505477661e+17
   3.0000000000000000e+00   1.5000000000000000e+01   5.6354425516618928e+16
   3.0000000000000000e+00   1.6000000000000000e+01  -1.3700459568468536e+16
   3.0000000000000000e+00   1.7000000000000000e+01   3.4468032396451180e+15
   3.0000000000000000e+00   1.8000000000000000e+01  -8.9586071028159188e+14
   3.0000000000000000e+00   1.9000000000000000e+01   2.4019144574512844e+14
   3.0000000000000000e+00   2.0000000000000000e+01  -6.6341844075023930e+13
   3.0000000000000000e+00   2.1000000000000000e+01   1.8854275333378324e+13
   3.0000000000000000e+00   2.2000000000000000e+01  -5.5075069403055879e+12
   4.0000000000000000e+00   0.0000000000000000e+00   5.1800754104025697e+28
   4.0000000000000000e+00   1.0000000000000000e+00  -2.9828896550158959e+27
   4.0000000000000000e+00   2.0000000000000000e+00   2.4372677417704844e+26
   4.0000000000000000e+00   3.0000000000000000e+00  -2.4472564537061092e+25
   4.0000000000000000e+00   4.0000000000000000e+00   2.8471122625143000e+24
   4.0000000000000000e+00   5.0000000000000000e+00  -3.7160323452308313e+23
   4.0000000000000000e+00   6.0000000000000000e+00   5.3315736216534587e+22
   4.0000000000000000e+00   7.0000000000000000e+00  -8.2914623666828429e+21
   4.0000000000000000e+00   8.0000000000000000e+00   1.3833931065114577e+21
   4.0000000000000000e+00   9.0000000000000000e+00  -2.4569475393912114e+20
   4.0000000000000000e+00   1.0000000000000000e+01   4.6163807240709136e+19
   4.0000000000000000e+00   1.1000000000000000e+01  -9.1305724158726216e+18
   4.0000000000000000e+00   1.2000000000000000e+01   1.8932196953783557e+18
   4.0000000000000000e+00   1.3000000000000000e+01  -4.1012468219563981e+17
   4.0000000000000000e+00   1.4000000000000000e+01   9.2549257060323600e+16
   4.0000000000000000e+00   1.5000000000000000e+01  -2.1701054171960540e+16
   4.0000000000000000e+00   1.6000000000000000e+01   5.2758484400399860e+15
   4.0000000000000000e+00   1.7000000000000000e+01  -1.3273271889963460e+15
   4.0000000000000000e+00   1.8000000000000000e+01   3.4498980126545756e+14
   4.0000000000000000e+00   1.9000000000000000e+01  -9.2496970903834953e+13
   4.0000000000000000e+00   2.0000000000000000e+01   2.5548279317777500e+13
   4.0000000000000000e+00   2.1000000000000000e+01  -7.2608594551502676e+12
   5.0000000000000000e+00   0.0000000000000000e+00  -2.3256706293354660e+28
   5.0000000000000000e+00   1.0000000000000000e+00   1.3392269343337713e+27
   5.0000000000000000e+00   2.0000000000000000e+00  -1.0942714660645462e+26
   5.0000000000000000e+00   3.0000000000000000e+00   1.0987683657826738e+25
   5.0000000000000000e+00   4.0000000000000000e+00  -1.2783096511917321e+24
   5.0000000000000000e+00   5.0000000000000000e+00   1.6684598121389921e+23
   5.0000000000000000e+00   6.0000000000000000e+00  -2.3938472713373562e+22
   5.0000000000000000e+00   7.0000000000000000e+00   3.7228616447928859e+21
   5.0000000000000000e+00   8.0000000000000000e+00  -6.2114940261113030e+20
   5.0000000000000000e+00   9.0000000000000000e+00   1.1031917713060330e+20
   5.0000000000000000e+00   1.0000000000000000e+01  -2.0728189683544039e+19
   5.0000000000000000e+00   1.1000000000000000e+01   4.0997968797139318e+18
   5.0000000000000000e+00   1.2000000000000000e+01  -8.5009973211353984e+17
   5.0000000000000000e+00   1.3000000000000000e+01   1.8415743085341805e+17
   5.0000000000000000e+00   1.4000000000000000e+01  -4.1557622356945112e+16
   5.0000000000000000e+00   1.5000000000000000e+01   9.7445757245595940e+15
   5.0000000000000000e+00   1.6000000000000000e+01  -2.3690743483045470e+15
   5.0000000000000000e+00   1.7000000000000000e+01   5.9603061240694150e+14
   5.0000000000000000e+00   1.8000000000000000e+01  -1.5491766442835200e+14
   5.0000000000000000e+00   1.9000000000000000e+01   4.1536147151963273e+13
   5.0000000000000000e+00   2.0000000000000000e+01  -1.1472663759115146e+13
   6.0000000000000000e+00   0.0000000000000000e+00   1.2001896509966484e+28
   6.0000000000000000e+00   1.0000000000000000e+00  -6.9113153207468844e+26
   6.0000000000000000e+00   2.0000000000000000e+00   5.6472424589185551e+25
   6.0000000000000000e+00   3.0000000000000000e+00  -5.6705122591112309e+24
   6.0000000000000000e+00   4.0000000000000000e+00   6.5971590912095945e+23
   6.0000000000000000e+00   5.0000000000000000e+00  -8.6107570229829815e+22
   6.0000000000000000e+00   6.0000000000000000e+00   1.2354542416957960e+22
   6.0000000000000000e+00   7.0000000000000000e+00  -1.9213731020466652e+21
   6.0000000000000000e+00   8.0000000000000000e+00   3.2057924572818073e+20
   6.0000000000000000e+00   9.0000000000000000e+00  -5.6937028339907461e+19
   6.0000000000000000e+00   1.0000000000000000e+01   1.0698170973617103e+19
   6.0000000000000000e+00   1.1000000000000000e+01  -2.1159957768112172e+18
   6.0000000000000000e+00   1.2000000000000000e+01   4.3875951024345722e+17
   6.0000000000000000e+00   1.3000000000000000e+01  -9.5049540874889808e+16
   6.0000000000000000e+00   1.4000000000000000e+01   2.1449416221044904e+16
   6.0000000000000000e+00   1.5000000000000000e+01  -5.0295787903654390e+15
   6.0000000000000000e+00   1.6000000000000000e+01   1.2227879408069368e+15
   6.0000000000000000e+00   1.7000000000000000e+01  -3.0764132093015356e+14
   6.0000000000000000e+00   1.8000000000000000e+01   7.9961428858223141e+13
   6.0000000000000000e+00   1.9000000000000000e+01  -2.1439229137140508e+13
   7.0000000000000000e+00   0.0000000000000000e+00  -7.0775923282081201e+27
   7.0000000000000000e+00   1.0000000000000000e+00   4.0756865723996861e+26
   7.0000000000000000e+00   2.0000000000000000e+00  -3.3302806420981732e+25
   7.0000000000000000e+00   3.0000000000000000e+00   3.3440359460217542e+24
   7.0000000000000000e+00   4.0000000000000000e+00  -3.8905388459967430e+23
   7.0000000000000000e+00   5.0000000000000000e+00   5.0780642616551787e+22
   7.0000000000000000e+00   6.0000000000000000e+00  -7.2859716784510898e+21
   7.0000000000000000e+00   7.0000000000000000e+00   1.1331212022444027e+21
   7.0000000000000000e+00   8.0000000000000000e+00  -1.8906180011735600e+20
   7.0000000000000000e+00   9.0000000000000000e+00   3.3578924489071784e+19
   7.0000000000000000e+00   1.0000000000000000e+01  -6.3093552668411412e+18
   7.0000000000000000e+00   1.1000000000000000e+01   1.2479395859454694e+18
   7.0000000000000000e+00   1.2000000000000000e+01  -2.5876674784278550e+17
   7.0000000000000000e+00   1.3000000000000000e+01   5.6057656798015296e+16
   7.0000000000000000e+00   1.4000000000000000e+01  -1.2650369370215756e+16
   7.0000000000000000e+00   1.5000000000000000e+01   2.9663470901415080e+15
   7.0000000000000000e+00   1.6000000000000000e+01  -7.2118039485294162e+14
   7.0000000000000000e+00   1.7000000000000000e+01   1.8144275306095425e+14
   7.0000000000000000e+00   1.8000000000000000e+01  -4.7160398294359734e+13
   8.0000000000000000e+00   0.0000000000000000e+00   4.7761175461541401e+27
   8.0000000000000000e+00   1.0000000000000000e+00  -2.7503823025446556e+26
   8.0000000000000000e+00   2.0000000000000000e+00   2.2473762345983503e+25
   8.0000000000000000e+00   3.0000000000000000e+00  -2.2566717129405357e+24
   8.0000000000000000e+00   4.0000000000000000e+00   2.6254848876155759e+23
   8.0000000000000000e+00   5.0000000000000000e+00  -3.4268894086393756e+22
   8.0000000000000000e+00   6.0000000000000000e+00   4.9168992010527897e+21
   8.0000000000000000e+00   7.0000000000000000e+00  -7.6468383444100252e+20
   8.0000000000000000e+00   8.0000000000000000e+00   1.2758829192420735e+20
   8.0000000000000000e+00   9.0000000000000000e+00  -2.2660791175261102e+19
   8.0000000000000000e+00   1.0000000000000000e+01   4.2578883302004316e+18
   8.0000000000000000e+00   1.1000000000000000e+01  -8.4217738384435494e+17
   8.0000000000000000e+00   1.2000000000000000e+01   1.7463002784907283e+17
   8.0000000000000000e+00   1.3000000000000000e+01  -3.7830800784915336e+16
   8.0000000000000000e+00   1.4000000000000000e+01   8.5371638374767130e+15
   8.0000000000000000e+00   1.5000000000000000e+01  -2.0018514586435502e+15
   8.0000000000000000e+00   1.6000000000000000e+01   4.8669053860178875e+14
   8.0000000000000000e+00   1.7000000000000000e+01  -1.2244677193240053e+14
   9.0000000000000000e+00   0.0000000000000000e+00  -3.7260910435557387e+27
   9.0000000000000000e+00   1.0000000000000000e+00   2.1457038884441534e+26
   9.0000000000000000e+00   2.0000000000000000e+00  -1.7532766290054738e+25
   9.0000000000000000e+00   3.0000000000000000e+00   1.7605186604142899e+24
   9.0000000000000000e+00   4.0000000000000000e+00  -2.0482312675736390e+23
   9.0000000000000000e+00   5.0000000000000000e+00   2.6734150815272671e+22
   9.0000000000000000e+00   6.0000000000000000e+00  -3.8357830824842882e+21
   9.0000000000000000e+00   7.0000000000000000e+00   5.9654147833991358e+20
   9.0000000000000000e+00   8.0000000000000000e+00  -9.9532545979935998e+19
   9.0000000000000000e+00   9.0000000000000000e+00   1.7677646195817366e+19
   9.0000000000000000e+00   1.0000000000000000e+01  -3.3215302807366851e+18
   9.0000000000000000e+00   1.1000000000000000e+01   6.5696400789751322e+17
   9.0000000000000000e+00   1.2000000000000000e+01  -1.3622299515266738e+17
   9.0000000000000000e+00   1.3000000000000000e+01   2.9510050309323976e+16
   9.0000000000000000e+00   1.4000000000000000e+01  -6.6593268012819220e+15
   9.0000000000000000e+00   1.5000000000000000e+01   1.5614935889125648e+15
   9.0000000000000000e+00   1.6000000000000000e+01  -3.7962273742217788e+14
   1.0000000000000000e+01   0.0000000000000000e+00   3.4450802338339695e+27
   1.0000000000000000e+01   1.0000000000000000e+00  -1.9838109486723623e+26
   1.0000000000000000e+01   2.0000000000000000e+00   1.6209320098830771e+25
   1.0000000000000000e+01   3.0000000000000000e+00  -1.6275639378163791e+24
   1.0000000000000000e+01   4.0000000000000000e+00   1.8934710231048879e+23
   1.0000000000000000e+01   5.0000000000000000e+00  -2.4713112617334115e+22
   1.0000000000000000e+01   6.0000000000000000e+00   3.5456476431056723e+21
   1.0000000000000000e+01   7.0000000000000000e+00  -5.5139359528357029e+20
   1.0000000000000000e+01   8.0000000000000000e+00   9.1995107621152047e+19
   1.0000000000000000e+01   9.0000000000000000e+00  -1.6338100695527643e+19
   1.0000000000000000e+01   1.0000000000000000e+01   3.0696705970191022e+18
   1.0000000000000000e+01   1.1000000000000000e+01  -6.0711424905670554e+17
   1.0000000000000000e+01   1.2000000000000000e+01   1.2587902544832685e+17
   1.0000000000000000e+01   1.3000000000000000e+01  -2.7267526529594212e+16
   1.0000000000000000e+01   1.4000000000000000e+01   6.1528688364090020e+15
   1.0000000000000000e+01   1.5000000000000000e+01  -1.4426390726261535e+15
   1.1000000000000000e+01   0.0000000000000000e+00  -3.9998480752882220e+27
   1.1000000000000000e+01   1.0000000000000000e+00   2.3029236535368249e+26
   1.1000000000000000e+01   2.0000000000000000e+00  -1.8813825441550932e+25
   1.1000000000000000e+01   3.0000000000000000e+00   1.8887796486831739e+24
   1.1000000000000000e+01   4.0000000000000000e+00  -2.1970027975270294e+23
   1.1000000000000000e+01   5.0000000000000000e+00   2.8669875209893638e+22
   1.1000000000000000e+01   6.0000000000000000e+00  -4.1126139094544364e+21
   1.1000000000000000e+01   7.0000000000000000e+00   6.3944853895984854e+20
   1.1000000000000000e+01   8.0000000000000000e+00  -1.0666637406912881e+20
   1.1000000000000000e+01   9.0000000000000000e+00   1.8940026401701720e+19
   1.1000000000000000e+01   1.0000000000000000e+01  -3.5578216644323200e+18
   1.1000000000000000e+01   1.1000000000000000e+01   7.0351485714881114e+17
   1.1000000000000000e+01   1.2000000000000000e+01  -1.4583561444361581e+17
   1.1000000000000000e+01   1.3000000000000000e+01   3.1583491556141668e+16
   1.1000000000000000e+01   1.4000000000000000e+01  -7.1251313838000880e+15
   1.2000000000000000e+01   0.0000000000000000e+00   6.8757278553014096e+27
   1.2000000000000000e+01   1.0000000000000000e+00  -3.9555921668919280e+26
   1.2000000000000000e+01   2.0000000000000000e+00   3.2289256418645719e+25
   1.2000000000000000e+01   3.0000000000000000e+00  -3.2389415898077663e+24
   1.2000000000000000e+01   4.0000000000000000e+00   3.7643064399534157e+23
   1.2000000000000000e+01   5.0000000000000000e+00  -4.9079945456542806e+22
   1.2000000000000000e+01   6.0000000000000000e+00   7.0341429527852425e+21
   1.2000000000000000e+01   7.0000000000000000e+00  -1.0927091882840223e+21
   1.2000000000000000e+01   8.0000000000000000e+00   1.8210535383153492e+20
   1.2000000000000000e+01   9.0000000000000000e+00  -3.2304427608572432e+19
   1.2000000000000000e+01   1.0000000000000000e+01   6.0623594302842501e+18
   1.2000000000000000e+01   1.1000000000000000e+01  -1.1975569946989855e+18
   1.2000000000000000e+01   1.2000000000000000e+01   2.4799385069427066e+17
   1.2000000000000000e+01   1.3000000000000000e+01  -5.3651322447022688e+16
   1.3000000000000000e+01   0.0000000000000000e+00  -2.4833371201291753e+28
   1.3000000000000000e+01   1.0000000000000000e+00   1.4203573153333746e+27
   1.3000000000000000e+01   2.0000000000000000e+00  -1.1526071212820160e+26
   1.3000000000000000e+01   3.0000000000000000e+00   1.1492932322720225e+25
   1.3000000000000000e+01   4.0000000000000000e+00  -1.3276505060856462e+24
   1.3000000000000000e+01   5.0000000000000000e+00   1.7204408209504906e+23
   1.3000000000000000e+01   6.0000000000000000e+00  -2.4504663365474513e+22
   1.3000000000000000e+01   7.0000000000000000e+00   3.7827549732694896e+21
   1.3000000000000000e+01   8.0000000000000000e+00  -6.2640572337552608e+20
   1.3000000000000000e+01   9.0000000000000000e+00   1.1040452406311564e+20
   1.3000000000000000e+01   1.0000000000000000e+01  -2.0583528299916071e+19
   1.3000000000000000e+01   1.1000000000000000e+01   4.0391333540469878e+18
   1.3000000000000000e+01   1.2000000000000000e+01  -8.3081879937835290e+17
   1.4000000000000000e+01   0.0000000000000000e+00  -3.9583728640934581e+27
   1.4000000000000000e+01   1.0000000000000000e+00   2.2646620534541987e+26
   1.4000000000000000e+01   2.0000000000000000e+00  -1.8381152151200845e+25
   1.4000000000000000e+01   3.0000000000000000e+00   1.8330164068301640e+24
   1.4000000000000000e+01   4.0000000000000000e+00  -2.1174792703781824e+23
   1.4000000000000000e+01   5.0000000000000000e+00   2.7436460764897510e+22
   1.4000000000000000e+01   6.0000000000000000e+00  -3.9069703430507636e+21
   1.4000000000000000e+01   7.0000000000000000e+00   6.0290586609586104e+20
   1.4000000000000000e+01   8.0000000000000000e+00  -9.9790784917469577e+19
   1.4000000000000000e+01   9.0000000000000000e+00   1.7577409375652127e+19
   1.4000000000000000e+01   1.0000000000000000e+01  -3.2745908046385700e+18
   1.4000000000000000e+01   1.1000000000000000e+01   6.4198720728287514e+17
   1.5000000000000000e+01   0.0000000000000000e+00   3.9352657810098813e+27
   1.5000000000000000e+01   1.0000000000000000e+00  -2.2626166235095374e+26
   1.5000000000000000e+01   2.0000000000000000e+00   1.8458513915541443e+25
   1.5000000000000000e+01   3.0000000000000000e+00  -1.8504443970161041e+24
   1.5000000000000000e+01   4.0000000000000000e+00   2.1492502918493507e+23
   1.5000000000000000e+01   5.0000000000000000e+00  -2.8004634647971513e+22
   1.5000000000000000e+01   6.0000000000000000e+00   4.0110253449128255e+21
   1.5000000000000000e+01   7.0000000000000000e+00  -6.2267522409256439e+20
   1.5000000000000000e+01   8.0000000000000000e+00   1.0370189901428677e+20
   1.5000000000000000e+01   9.0000000000000000e+00  -1.8383453656226916e+19
   1.5000000000000000e+01   1.0000000000000000e+01   3.4474792961993871e+18
   1.6000000000000000e+01   0.0000000000000000e+00  -5.4737834128412830e+27
   1.6000000000000000e+01   1.0000000000000000e+00   3.1478010367251697e+26
   1.6000000000000000e+01   2.0000000000000000e+00  -2.5684940936891916e+25
   1.6000000000000000e+01   3.0000000000000000e+00   2.5754096786039948e+24
   1.6000000000000000e+01   4.0000000000000000e+00  -2.9919116862899536e+23
   1.6000000000000000e+01   5.0000000000000000e+00   3.8992975020330265e+22
   1.6000000000000000e+01   6.0000000000000000e+00  -5.5861153394107739e+21
   1.6000000000000000e+01   7.0000000000000000e+00   8.6739641185551673e+20
   1.6000000000000000e+01   8.0000000000000000e+00  -1.4449338752804930e+20
   1.6000000000000000e+01   9.0000000000000000e+00   2.5621081899518312e+19
   1.7000000000000000e+01   0.0000000000000000e+00   1.7099270230734456e+28
   1.7000000000000000e+01   1.0000000000000000e+00  -9.7880169295665518e+26
   1.7000000000000000e+01   2.0000000000000000e+00   7.9495486646177632e+25
   1.7000000000000000e+01   3.0000000000000000e+00  -7.9335073640890752e+24
   1.7000000000000000e+01   4.0000000000000000e+00   9.1727753397334932e+23
   1.7000000000000000e+01   5.0000000000000000e+00  -1.1897317024162621e+23
   1.7000000000000000e+01   6.0000000000000000e+00   1.6961346808720667e+22
   1.7000000000000000e+01   7.0000000000000000e+00  -2.6207911386673982e+21
   1.7000000000000000e+01   8.0000000000000000e+00   4.3441335298750710e+20
   1.8000000000000000e+01   0.0000000000000000e+00   3.0814151893416036e+27
   1.8000000000000000e+01   1.0000000000000000e+00  -1.7501915192113682e+26
   1.8000000000000000e+01   2.0000000000000000e+00   1.4098917919996760e+25
   1.8000000000000000e+01   3.0000000000000000e+00  -1.3950367147782782e+24
   1.8000000000000000e+01   4.0000000000000000e+00   1.5984998666973890e+23
   1.8000000000000000e+01   5.0000000000000000e+00  -2.0537876613497394e+22
   1.8000000000000000e+01   6.0000000000000000e+00   2.8990299651673660e+21
   1.8000000000000000e+01   7.0000000000000000e+00  -4.4329093488284015e+20
   1.9000000000000000e+01   0.0000000000000000e+00  -4.0806939681090928e+27
   1.9000000000000000e+01   1.0000000000000000e+00   2.3442385006289577e+26
   1.9000000000000000e+01   2.0000000000000000e+00  -1.9107767344668950e+25
   1.9000000000000000e+01   3.0000000000000000e+00   1.9138278465140890e+24
   1.9000000000000000e+01   4.0000000000000000e+00  -2.2208455479629890e+23
   1.9000000000000000e+01   5.0000000000000000e+00   2.8910552357157426e+22
   1.9000000000000000e+01   6.0000000000000000e+00  -4.1368258621287495e+21
   2.0000000000000000e+01   0.0000000000000000e+00   6.7347189712732285e+27
   2.0000000000000000e+01   1.0000000000000000e+00  -3.8690117986426485e+26
   2.0000000000000000e+01   2.0000000000000000e+00   3.1537301134674883e+25
   2.0000000000000000e+01   3.0000000000000000e+00  -3.1589117830097235e+24
   2.0000000000000000e+01   4.0000000000000000e+00   3.6658693972469279e+23
   2.0000000000000000e+01   5.0000000000000000e+00  -4.7724701876439721e+22
   2.1000000000000000e+01   0.0000000000000000e+00  -1.5928455000243676e+28
   2.1000000000000000e+01   1.0000000000000000e+00   9.1372533192755308e+26
   2.1000000000000000e+01   2.0000000000000000e+00  -7.4365058609122540e+25
   2.1000000000000000e+01   3.0000000000000000e+00   7.4366536012215994e+24
   2.1000000000000000e+01   4.0000000000000000e+00  -8.6154718304223099e+23
   2.2000000000000000e+01   0.0000000000000000e+00  -3.6625822895412633e+27
   2.2000000000000000e+01   1.0000000000000000e+00   2.0966073196147776e+26
   2.2000000000000000e+01   2.0000000000000000e+00  -1.7027287789507226e+25
   2.2000000000000000e+01   3.0000000000000000e+00   1.6990854246065716e+24
   2.3000000000000000e+01   0.0000000000000000e+00   4.9095396233990886e+27
   2.3000000000000000e+01   1.0000000000000000e+00  -2.8200139484178555e+26
   2.3000000000000000e+01   2.0000000000000000e+00   2.2982779011888984e+25
   2.4000000000000000e+01   0.0000000000000000e+00  -1.3338689777328950e+28
   2.4000000000000000e+01   1.0000000000000000e+00   7.6355755965495606e+26
   2.5000000000000000e+01   0.0000000000000000e+00  -2.3436137892131927e+27
