   0.0000000000000000e+00   0.0000000000000000e+00   6.9409698734356135e-04
   0.0000000000000000e+00   1.0000000000000000e+00  -1.9481380974094992e-05
   0.0000000000000000e+00   2.0000000000000000e+00   2.9118144376763500e-04
   0.0000000000000000e+00   3.0000000000000000e+00  -1.3298969716885731e-04
   0.0000000000000000e+00   4.0000000000000000e+00   1.3998220163379026e-05
   0.0000000000000000e+00   5.0000000000000000e+00  -6.9698396426149486e-06
   0.0000000000000000e+00   6.0000000000000000e+00   9.3793515543017669e-07
   0.0000000000000000e+00   7.0000000000000000e+00   2.1821975303249491e-06
   0.0000000000000000e+00   8.0000000000000000e+00  -5.4472358029205757e-08
   0.0000000000000000e+00   9.0000000000000000e+00  -1.9431148718352119e-07
   0.0000000000000000e+00   1.0000000000000000e+01  -9.5856981306191842e-07
   0.0000000000000000e+00   1.1000000000000000e+01   1.2261775101827892e-06
   0.0000000000000000e+00   1.2000000000000000e+01  -4.6019356416119779e-07
   0.0000000000000000e+00   1.3000000000000000e+01  -1.9427159748783470e-07
   0.0000000000000000e+00   1.4000000000000000e+01   4.3783244426000367e-07
   0.0000000000000000e+00   1.5000000000000000e+01  -3.5366109591340323e-07
   0.0000000000000000e+00   1.6000000000000000e+01   2.0766661134966655e-07
   0.0000000000000000e+00   1.7000000000000000e+01  -1.3173006131236260e-07
   0.0000000000000000e+00   1.8000000000000000e+01  -2.2762902620123922e-07
   0.0000000000000000e+00   1.9000000000000000e+01   4.8158609198804712e-07
   0.0000000000000000e+00   2.0000000000000000e+01  -1.6324209003747505e-07
   0.0000000000000000e+00   2.1000000000000000e+01  -1.8929592079928517e-07
   0.0000000000000000e+00   2.2000000000000000e+01   3.1225844018841371e-07
   0.0000000000000000e+00   2.3000000000000000e+01  -2.8380804175038430e-07
   0.0000000000000000e+00   2.4000000000000000e+01  -8.2864099993807513e-08
   0.0000000000000000e+00   2.5000000000000000e+01   3.9554211185212784e-07
   1.0000000000000000e+00   0.0000000000000000e+00   5.3833546763869418e-04
   1.0000000000000000e+00   1.0000000000000000e+00   1.9848552650672007e-04
   1.0000000000000000e+00   2.0000000000000000e+00   1.3434071052243987e-04
   1.0000000000000000e+00   3.0000000000000000e+00  -5.6441586117117728e-05
   1.0000000000000000e+00   4.0000000000000000e+00  -7.3672665811899278e-07
   1.0000000000000000e+00   5.0000000000000000e+00  -1.4915467463819790e-06
   1.0000000000000000e+00   6.0000000000000000e+00   3.2596352037459167e-06
   1.0000000000000000e+00   7.0000000000000000e+00   4.6047341367679416e-06
   1.0000000000000000e+00   8.0000000000000000e+00  -5.7489597700367815e-06
   1.0000000000000000e+00   9.0000000000000000e+00   1.4424119753069415e-06
   1.0000000000000000e+00   1.0000000000000000e+01  -8.8058453295163971e-07
   1.0000000000000000e+00   1.1000000000000000e+01   6.8091006014603280e-07
   1.0000000000000000e+00   1.2000000000000000e+01   6.8681660575142900e-07
   1.0000000000000000e+00   1.3000000000000000e+01  -8.3991415026117644e-07
   1.0000000000000000e+00   1.4000000000000000e+01   6.6513060436496579e-07
   1.0000000000000000e+00   1.5000000000000000e+01  -4.7498420997355469e-07
   1.0000000000000000e+00   1.6000000000000000e+01  -2.1963650339446109e-07
   1.0000000000000000e+00   1.7000000000000000e+01   5.4683012769820684e-07
   1.0000000000000000e+00   1.8000000000000000e+01  -3.6837719125889757e-07
   1.0000000000000000e+00   1.9000000000000000e+01   6.9958681320080932e-08
   1.0000000000000000e+00   2.0000000000000000e+01   2.3607121642277216e-07
   1.0000000000000000e+00   2.1000000000000000e+01  -2.5610678656967420e-07
   1.0000000000000000e+00   2.2000000000000000e+01   1.2774476694294173e-07
   1.0000000000000000e+00   2.3000000000000000e+01   1.8326573239681709e-08
   1.0000000000000000e+00   2.4000000000000000e+01  -2.6226836393688363e-07
   2.0000000000000000e+00   0.0000000000000000e+00   3.4479334196096609e-04
   2.0000000000000000e+00   1.0000000000000000e+00   1.7871897203673045e-04
   2.0000000000000000e+00   2.0000000000000000e+00   7.9195999615737397e-05
   2.0000000000000000e+00   3.0000000000000000e+00  -2.4071973217837354e-05
   2.0000000000000000e+00   4.0000000000000000e+00  -9.1693326224814514e-06
   2.0000000000000000e+00   5.0000000000000000e+00   9.5871058325339053e-07
   2.0000000000000000e+00   6.0000000000000000e+00   5.1629522249031869e-06
   2.0000000000000000e+00   7.0000000000000000e+00   4.5509617824839902e-06
   2.0000000000000000e+00   8.0000000000000000e+00  -1.0186434167381086e-06
   2.0000000000000000e+00   9.0000000000000000e+00  -1.1757124460665072e-06
   2.0000000000000000e+00   1.0000000000000000e+01   1.4990714792675381e-07
   2.0000000000000000e+00   1.1000000000000000e+01  -1.3412570329449512e-06
   2.0000000000000000e+00   1.2000000000000000e+01   7.4848992746419608e-07
   2.0000000000000000e+00   1.3000000000000000e+01  -6.4005039176638443e-08
   2.0000000000000000e+00   1.4000000000000000e+01   1.2086285792750878e-07
   2.0000000000000000e+00   1.5000000000000000e+01   6.6599674251351817e-07
   2.0000000000000000e+00   1.6000000000000000e+01  -8.6937424215951414e-07
   2.0000000000000000e+00   1.7000000000000000e+01   3.0024311785301975e-08
   2.0000000000000000e+00   1.8000000000000000e+01   2.1974285231029607e-07
   2.0000000000000000e+00   1.9000000000000000e+01  -2.2235280710588443e-07
   2.0000000000000000e+00   2.0000000000000000e+01   5.8986623343036470e-07
   2.0000000000000000e+00   2.1000000000000000e+01  -2.4177176352510856e-07
   2.0000000000000000e+00   2.2000000000000000e+01  -5.1370461083043337e-07
   2.0000000000000000e+00   2.3000000000000000e+01   4.6643640014015865e-07
   3.0000000000000000e+00   0.0000000000000000e+00   1.5704572412417298e-04
   3.0000000000000000e+00   1.0000000000000000e+00   9.4716549725453762e-05
   3.0000000000000000e+00   2.0000000000000000e+00   3.2670945150178327e-05
   3.0000000000000000e+00   3.0000000000000000e+00  -8.1398605598027471e-06
   3.0000000000000000e+00   4.0000000000000000e+00   1.3494168866335502e-06
   3.0000000000000000e+00   5.0000000000000000e+00   7.7326937244128303e-07
   3.0000000000000000e+00   6.0000000000000000e+00   2.9790157345982986e-06
   3.0000000000000000e+00   7.0000000000000000e+00   2.9228720911088129e-06
   3.0000000000000000e+00   8.0000000000000000e+00   3.2409023316216338e-07
   3.0000000000000000e+00   9.0000000000000000e+00   1.8934361459156643e-06
   3.0000000000000000e+00   1.0000000000000000e+01   3.9906513105734657e-07
   3.0000000000000000e+00   1.1000000000000000e+01  -1.3081035653212298e-06
   3.0000000000000000e+00   1.2000000000000000e+01  -9.0772494018460221e-07
   3.0000000000000000e+00   1.3000000000000000e+01  -3.1639686191691930e-07
   3.0000000000000000e+00   1.4000000000000000e+01   1.1212966037594837e-07
   3.0000000000000000e+00   1.5000000000000000e+01   6.2195030849999274e-07
   3.0000000000000000e+00   1.6000000000000000e+01   1.8042154920769177e-07
   3.0000000000000000e+00   1.7000000000000000e+01  -1.9257788966513187e-07
   3.0000000000000000e+00   1.8000000000000000e+01   3.4432399206727111e-08
   3.0000000000000000e+00   1.9000000000000000e+01  -2.6902291821740859e-07
   3.0000000000000000e+00   2.0000000000000000e+01  -3.6091519903080421e-08
   3.0000000000000000e+00   2.1000000000000000e+01   3.9438503129079663e-07
   3.0000000000000000e+00   2.2000000000000000e+01  -1.1497822691515182e-07
   4.0000000000000000e+00   0.0000000000000000e+00   5.0173496610913730e-05
   4.0000000000000000e+00   1.0000000000000000e+00   3.1648740576129703e-05
   4.0000000000000000e+00   2.0000000000000000e+00   1.4148521241151116e-05
   4.0000000000000000e+00   3.0000000000000000e+00  -2.5253708615105183e-06
   4.0000000000000000e+00   4.0000000000000000e+00  -3.8623521822446565e-07
   4.0000000000000000e+00   5.0000000000000000e+00   3.6682267001660140e-06
   4.0000000000000000e+00   6.0000000000000000e+00   2.2377159553952329e-06
   4.0000000000000000e+00   7.0000000000000000e+00   3.9946571787995054e-06
   4.0000000000000000e+00   8.0000000000000000e+00   6.5113362897605588e-07
   4.0000000000000000e+00   9.0000000000000000e+00   1.4310058257750307e-06
   4.0000000000000000e+00   1.0000000000000000e+01   4.8674019029861578e-07
   4.0000000000000000e+00   1.1000000000000000e+01   2.7852188542950716e-07
   4.0000000000000000e+00   1.2000000000000000e+01  -2.8006205361373113e-07
   4.0000000000000000e+00   1.3000000000000000e+01  -1.4191110743205849e-06
   4.0000000000000000e+00   1.4000000000000000e+01  -8.3524798471143987e-07
   4.0000000000000000e+00   1.5000000000000000e+01   2.8129981872064736e-07
   4.0000000000000000e+00   1.6000000000000000e+01   7.3016356315678577e-07
   4.0000000000000000e+00   1.7000000000000000e+01   4.4810766553107272e-07
   4.0000000000000000e+00   1.8000000000000000e+01   6.3214228968437246e-08
   4.0000000000000000e+00   1.9000000000000000e+01  -3.0129591329150017e-07
   4.0000000000000000e+00   2.0000000000000000e+01  -3.2992577232336918e-07
   4.0000000000000000e+00   2.1000000000000000e+01   6.9822085809820519e-08
   5.0000000000000000e+00   0.0000000000000000e+00   1.3006747188777268e-05
   5.0000000000000000e+00   1.0000000000000000e+00   2.3998560503378506e-06
   5.0000000000000000e+00   2.0000000000000000e+00   4.1532305033807994e-06
   5.0000000000000000e+00   3.0000000000000000e+00  -1.3095288074550694e-06
   5.0000000000000000e+00   4.0000000000000000e+00   2.2132522522060662e-06
   5.0000000000000000e+00   5.0000000000000000e+00   2.4509678266487666e-06
   5.0000000000000000e+00   6.0000000000000000e+00   1.7852501143874064e-06
   5.0000000000000000e+00   7.0000000000000000e+00   2.7819026257665564e-06
   5.0000000000000000e+00   8.0000000000000000e+00   2.4505596991467344e-06
   5.0000000000000000e+00   9.0000000000000000e+00   1.1640165567422388e-06
   5.0000000000000000e+00   1.0000000000000000e+01   1.7251215070071905e-06
   5.0000000000000000e+00   1.1000000000000000e+01  -9.2179168280560415e-07
   5.0000000000000000e+00   1.2000000000000000e+01  -3.5202276625564955e-07
   5.0000000000000000e+00   1.3000000000000000e+01  -2.7364101826615379e-07
   5.0000000000000000e+00   1.4000000000000000e+01  -8.8003872151715428e-07
   5.0000000000000000e+00   1.5000000000000000e+01  -1.7320800226852933e-07
   5.0000000000000000e+00   1.6000000000000000e+01  -2.9554143473550044e-07
   5.0000000000000000e+00   1.7000000000000000e+01   4.7742740575494624e-07
   5.0000000000000000e+00   1.8000000000000000e+01   1.1291473992426637e-06
   5.0000000000000000e+00   1.9000000000000000e+01   8.4720253942776309e-08
   5.0000000000000000e+00   2.0000000000000000e+01  -6.6010308013241506e-07
   6.0000000000000000e+00   0.0000000000000000e+00   5.5520268300892380e-06
   6.0000000000000000e+00   1.0000000000000000e+00   1.0904926146197004e-06
   6.0000000000000000e+00   2.0000000000000000e+00  -2.3668757876983267e-06
   6.0000000000000000e+00   3.0000000000000000e+00  -1.2043500458491556e-06
   6.0000000000000000e+00   4.0000000000000000e+00   1.7734904095092748e-06
   6.0000000000000000e+00   5.0000000000000000e+00   2.1474375582404820e-06
   6.0000000000000000e+00   6.0000000000000000e+00   1.9424385532640467e-06
   6.0000000000000000e+00   7.0000000000000000e+00   1.5906091124941375e-06
   6.0000000000000000e+00   8.0000000000000000e+00   2.3189530916333269e-06
   6.0000000000000000e+00   9.0000000000000000e+00   1.3875292036299517e-06
   6.0000000000000000e+00   1.0000000000000000e+01   1.1703953628567674e-06
   6.0000000000000000e+00   1.1000000000000000e+01   3.2533847504563591e-07
   6.0000000000000000e+00   1.2000000000000000e+01  -7.1955374569566762e-07
   6.0000000000000000e+00   1.3000000000000000e+01  -6.0694617770666759e-07
   6.0000000000000000e+00   1.4000000000000000e+01  -7.7985298882889138e-07
   6.0000000000000000e+00   1.5000000000000000e+01  -2.3474245575589772e-08
   6.0000000000000000e+00   1.6000000000000000e+01   3.5084899821082810e-07
   6.0000000000000000e+00   1.7000000000000000e+01  -1.9837000191387811e-07
   6.0000000000000000e+00   1.8000000000000000e+01   3.0481894416554442e-07
   6.0000000000000000e+00   1.9000000000000000e+01   5.0803985478555073e-07
   7.0000000000000000e+00   0.0000000000000000e+00   6.9172731097524791e-06
   7.0000000000000000e+00   1.0000000000000000e+00   3.3380182317500873e-06
   7.0000000000000000e+00   2.0000000000000000e+00  -1.5094730201592840e-06
   7.0000000000000000e+00   3.0000000000000000e+00  -1.0473789493981439e-06
   7.0000000000000000e+00   4.0000000000000000e+00  -1.2202445742731388e-06
   7.0000000000000000e+00   5.0000000000000000e+00   2.1215780823063071e-06
   7.0000000000000000e+00   6.0000000000000000e+00   8.7610997978705820e-07
   7.0000000000000000e+00   7.0000000000000000e+00   2.0577145082523556e-06
   7.0000000000000000e+00   8.0000000000000000e+00   1.1913358599881828e-06
   7.0000000000000000e+00   9.0000000000000000e+00   1.0958864405163584e-06
   7.0000000000000000e+00   1.0000000000000000e+01   4.3561721045468212e-07
   7.0000000000000000e+00   1.1000000000000000e+01   8.1664129183856580e-07
   7.0000000000000000e+00   1.2000000000000000e+01  -5.0849756442428054e-07
   7.0000000000000000e+00   1.3000000000000000e+01  -6.1972747255624462e-07
   7.0000000000000000e+00   1.4000000000000000e+01  -3.0576403915613273e-07
   7.0000000000000000e+00   1.5000000000000000e+01  -4.7352420786416650e-07
   7.0000000000000000e+00   1.6000000000000000e+01   4.4714012535603563e-07
   7.0000000000000000e+00   1.7000000000000000e+01   2.3328003663930797e-07
   7.0000000000000000e+00   1.8000000000000000e+01  -2.2462505576835084e-07
   8.0000000000000000e+00   0.0000000000000000e+00   6.4739321223341598e-06
   8.0000000000000000e+00   1.0000000000000000e+00   3.2232445176129092e-06
   8.0000000000000000e+00   2.0000000000000000e+00  -2.7983875073417175e-06
   8.0000000000000000e+00   3.0000000000000000e+00  -1.3915399085537468e-06
   8.0000000000000000e+00   4.0000000000000000e+00  -2.8654620484183951e-09
   8.0000000000000000e+00   5.0000000000000000e+00   6.8561807389624225e-07
   8.0000000000000000e+00   6.0000000000000000e+00   4.8530316632346725e-07
   8.0000000000000000e+00   7.0000000000000000e+00   4.6666097972362356e-07
   8.0000000000000000e+00   8.0000000000000000e+00   7.9016819436774168e-07
   8.0000000000000000e+00   9.0000000000000000e+00   4.5881834771623387e-07
   8.0000000000000000e+00   1.0000000000000000e+01   8.5039209248886035e-07
   8.0000000000000000e+00   1.1000000000000000e+01  -1.5823955800298312e-07
   8.0000000000000000e+00   1.2000000000000000e+01  -3.3890827071253087e-07
   8.0000000000000000e+00   1.3000000000000000e+01  -2.6046931611418773e-07
   8.0000000000000000e+00   1.4000000000000000e+01   9.9609527315433926e-08
   8.0000000000000000e+00   1.5000000000000000e+01  -5.2762569278697562e-08
   8.0000000000000000e+00   1.6000000000000000e+01  -2.7297695961181929e-07
   8.0000000000000000e+00   1.7000000000000000e+01   1.8920974722326374e-07
   9.0000000000000000e+00   0.0000000000000000e+00   4.0701651346383761e-06
   9.0000000000000000e+00   1.0000000000000000e+00   2.4049580007454097e-06
   9.0000000000000000e+00   2.0000000000000000e+00  -3.1883015592400384e-06
   9.0000000000000000e+00   3.0000000000000000e+00  -1.8046105591441713e-06
   9.0000000000000000e+00   4.0000000000000000e+00  -1.8581830100233536e-07
   9.0000000000000000e+00   5.0000000000000000e+00   3.2710479528697226e-07
   9.0000000000000000e+00   6.0000000000000000e+00   5.6719217191810550e-07
   9.0000000000000000e+00   7.0000000000000000e+00  -1.0299155808812284e-06
   9.0000000000000000e+00   8.0000000000000000e+00   5.9965030138807278e-07
   9.0000000000000000e+00   9.0000000000000000e+00  -2.1199742508906429e-07
   9.0000000000000000e+00   1.0000000000000000e+01   9.1454797233446822e-09
   9.0000000000000000e+00   1.1000000000000000e+01   3.5380667275831717e-07
   9.0000000000000000e+00   1.2000000000000000e+01  -1.1500139543973902e-07
   9.0000000000000000e+00   1.3000000000000000e+01  -4.1849074844772870e-07
   9.0000000000000000e+00   1.4000000000000000e+01  -1.8037457900170098e-07
   9.0000000000000000e+00   1.5000000000000000e+01   4.2388268394383574e-07
   9.0000000000000000e+00   1.6000000000000000e+01   2.7836556618291960e-07
   1.0000000000000000e+01   0.0000000000000000e+00   3.1710406571583246e-06
   1.0000000000000000e+01   1.0000000000000000e+00   1.5945684846539477e-06
   1.0000000000000000e+01   2.0000000000000000e+00  -1.7490979764983491e-06
   1.0000000000000000e+01   3.0000000000000000e+00  -2.0512255908483393e-06
   1.0000000000000000e+01   4.0000000000000000e+00  -1.0900104554110448e-06
   1.0000000000000000e+01   5.0000000000000000e+00   6.7730507521873466e-07
   1.0000000000000000e+01   6.0000000000000000e+00  -1.9383361706500803e-07
   1.0000000000000000e+01   7.0000000000000000e+00  -5.5902390478650192e-07
   1.0000000000000000e+01   8.0000000000000000e+00  -7.6123412826438274e-07
   1.0000000000000000e+01   9.0000000000000000e+00   3.5835606380300050e-08
   1.0000000000000000e+01   1.0000000000000000e+01  -2.9502378274742945e-07
   1.0000000000000000e+01   1.1000000000000000e+01   4.0728422717883736e-07
   1.0000000000000000e+01   1.2000000000000000e+01  -3.9895902945883811e-07
   1.0000000000000000e+01   1.3000000000000000e+01  -2.8761407828371701e-07
   1.0000000000000000e+01   1.4000000000000000e+01   2.9334518976772359e-07
   1.0000000000000000e+01   1.5000000000000000e+01   2.0953072113817902e-07
   1.1000000000000000e+01   0.0000000000000000e+00   1.9196848786136279e-06
   1.1000000000000000e+01   1.0000000000000000e+00   1.2022736773418024e-06
   1.1000000000000000e+01   2.0000000000000000e+00  -2.2601074773340741e-06
   1.1000000000000000e+01   3.0000000000000000e+00  -1.6134906637540696e-06
   1.1000000000000000e+01   4.0000000000000000e+00   7.0518117885834958e-07
   1.1000000000000000e+01   5.0000000000000000e+00   9.1873231162365716e-08
   1.1000000000000000e+01   6.0000000000000000e+00  -6.7222275252134470e-07
   1.1000000000000000e+01   7.0000000000000000e+00  -5.8098248858584635e-07
   1.1000000000000000e+01   8.0000000000000000e+00  -9.1929380844456822e-07
   1.1000000000000000e+01   9.0000000000000000e+00   9.7214068113910190e-08
   1.1000000000000000e+01   1.0000000000000000e+01  -5.7744290590939475e-08
   1.1000000000000000e+01   1.1000000000000000e+01  -3.3304638131438563e-07
   1.1000000000000000e+01   1.2000000000000000e+01   2.5169163171764542e-07
   1.1000000000000000e+01   1.3000000000000000e+01  -1.5920685056085439e-07
   1.1000000000000000e+01   1.4000000000000000e+01   5.4837753335559661e-08
   1.2000000000000000e+01   0.0000000000000000e+00   2.8948450078215352e-06
   1.2000000000000000e+01   1.0000000000000000e+00   2.1798448024239810e-06
   1.2000000000000000e+01   2.0000000000000000e+00  -1.6995613958418896e-06
   1.2000000000000000e+01   3.0000000000000000e+00  -2.3193855148278400e-06
   1.2000000000000000e+01   4.0000000000000000e+00   9.4092888318491631e-07
   1.2000000000000000e+01   5.0000000000000000e+00   1.2680843066124383e-06
   1.2000000000000000e+01   6.0000000000000000e+00   3.5325143269672994e-07
   1.2000000000000000e+01   7.0000000000000000e+00  -1.7907775431859875e-06
   1.2000000000000000e+01   8.0000000000000000e+00  -7.6794853764909255e-07
   1.2000000000000000e+01   9.0000000000000000e+00  -5.7010267515212702e-08
   1.2000000000000000e+01   1.0000000000000000e+01   4.0162869122479280e-07
   1.2000000000000000e+01   1.1000000000000000e+01  -1.1471462725782372e-07
   1.2000000000000000e+01   1.2000000000000000e+01   2.0102159820177056e-07
   1.2000000000000000e+01   1.3000000000000000e+01  -1.9893476226128043e-07
   1.3000000000000000e+01   0.0000000000000000e+00   1.9424274528479976e-06
   1.3000000000000000e+01   1.0000000000000000e+00   6.7380292794259514e-07
   1.3000000000000000e+01   2.0000000000000000e+00   3.2651753780396736e-07
   1.3000000000000000e+01   3.0000000000000000e+00  -1.0263629591858261e-06
   1.3000000000000000e+01   4.0000000000000000e+00   4.5753996312967352e-07
   1.3000000000000000e+01   5.0000000000000000e+00   1.4744452245682767e-06
   1.3000000000000000e+01   6.0000000000000000e+00  -1.4091115322877847e-07
   1.3000000000000000e+01   7.0000000000000000e+00  -8.1669604780709461e-07
   1.3000000000000000e+01   8.0000000000000000e+00  -5.2075605631379458e-07
   1.3000000000000000e+01   9.0000000000000000e+00   1.8410451441937015e-07
   1.3000000000000000e+01   1.0000000000000000e+01  -6.2520503623497441e-10
   1.3000000000000000e+01   1.1000000000000000e+01   5.4210194176564570e-09
   1.3000000000000000e+01   1.2000000000000000e+01  -2.8728743134684323e-08
   1.4000000000000000e+01   0.0000000000000000e+00   2.9216497634285194e-06
   1.4000000000000000e+01   1.0000000000000000e+00   1.6852552571440691e-06
   1.4000000000000000e+01   2.0000000000000000e+00  -2.0257044860696851e-07
   1.4000000000000000e+01   3.0000000000000000e+00  -1.2450239293023660e-06
   1.4000000000000000e+01   4.0000000000000000e+00   6.5742721999878716e-07
   1.4000000000000000e+01   5.0000000000000000e+00   1.6644248671942933e-06
   1.4000000000000000e+01   6.0000000000000000e+00  -6.8352839968946480e-08
   1.4000000000000000e+01   7.0000000000000000e+00  -5.6652090789495672e-07
   1.4000000000000000e+01   8.0000000000000000e+00  -6.9760567433876526e-07
   1.4000000000000000e+01   9.0000000000000000e+00   9.0167119731166757e-07
   1.4000000000000000e+01   1.0000000000000000e+01   5.9217638758366957e-07
   1.4000000000000000e+01   1.1000000000000000e+01  -6.1445873237750428e-07
   1.5000000000000000e+01   0.0000000000000000e+00   9.7578625114297030e-07
   1.5000000000000000e+01   1.0000000000000000e+00   1.0077613708582089e-06
   1.5000000000000000e+01   2.0000000000000000e+00   3.9791361202100554e-08
   1.5000000000000000e+01   3.0000000000000000e+00  -5.9716459511831036e-07
   1.5000000000000000e+01   4.0000000000000000e+00   8.4581335241733280e-10
   1.5000000000000000e+01   5.0000000000000000e+00   8.2240327277481234e-07
   1.5000000000000000e+01   6.0000000000000000e+00   5.1682486349844983e-07
   1.5000000000000000e+01   7.0000000000000000e+00  -6.6734959534937787e-07
   1.5000000000000000e+01   8.0000000000000000e+00   4.6685387365676833e-07
   1.5000000000000000e+01   9.0000000000000000e+00   4.2552432757029192e-07
   1.5000000000000000e+01   1.0000000000000000e+01   3.8134442373096032e-07
   1.6000000000000000e+01   0.0000000000000000e+00   3.5628641622116765e-06
   1.6000000000000000e+01   1.0000000000000000e+00   2.1850506779615041e-06
   1.6000000000000000e+01   2.0000000000000000e+00  -3.1303022583855506e-07
   1.6000000000000000e+01   3.0000000000000000e+00  -1.4239396134700313e-06
   1.6000000000000000e+01   4.0000000000000000e+00  -7.4912585359357880e-07
   1.6000000000000000e+01   5.0000000000000000e+00   1.2119424051878660e-06
   1.6000000000000000e+01   6.0000000000000000e+00   5.2890770975928387e-07
   1.6000000000000000e+01   7.0000000000000000e+00  -8.1492795657533919e-07
   1.6000000000000000e+01   8.0000000000000000e+00   3.4662335111561756e-07
   1.6000000000000000e+01   9.0000000000000000e+00   8.5201889671411103e-07
   1.7000000000000000e+01   0.0000000000000000e+00  -1.5524959042160009e-06
   1.7000000000000000e+01   1.0000000000000000e+00  -2.8846065948698781e-07
   1.7000000000000000e+01   2.0000000000000000e+00  -9.1113738634629093e-08
   1.7000000000000000e+01   3.0000000000000000e+00   1.7968970765162037e-07
   1.7000000000000000e+01   4.0000000000000000e+00  -6.6667040009218524e-07
   1.7000000000000000e+01   5.0000000000000000e+00  -3.1329728403809396e-07
   1.7000000000000000e+01   6.0000000000000000e+00   1.9527821429151813e-07
   1.7000000000000000e+01   7.0000000000000000e+00   5.4431160498152873e-07
   1.7000000000000000e+01   8.0000000000000000e+00  -5.8637059203658479e-07
   1.8000000000000000e+01   0.0000000000000000e+00   4.7732407403632419e-06
   1.8000000000000000e+01   1.0000000000000000e+00   2.9819115884854120e-06
   1.8000000000000000e+01   2.0000000000000000e+00  -1.7559287509433693e-06
   1.8000000000000000e+01   3.0000000000000000e+00  -2.0969542940181066e-06
   1.8000000000000000e+01   4.0000000000000000e+00   1.4998069730404892e-07
   1.8000000000000000e+01   5.0000000000000000e+00   7.3476932985455646e-07
   1.8000000000000000e+01   6.0000000000000000e+00   3.8238122394185183e-07
   1.8000000000000000e+01   7.0000000000000000e+00  -8.0072592521645804e-07
   1.9000000000000000e+01   0.0000000000000000e+00  -5.5128883253135192e-06
   1.9000000000000000e+01   1.0000000000000000e+00  -2.8680601329754164e-06
   1.9000000000000000e+01   2.0000000000000000e+00   9.3811277010859303e-07
   1.9000000000000000e+01   3.0000000000000000e+00   8.8853699528578965e-07
   1.9000000000000000e+01   4.0000000000000000e+00  -2.7049622112545542e-08
   1.9000000000000000e+01   5.0000000000000000e+00  -5.7428479339641423e-07
   1.9000000000000000e+01   6.0000000000000000e+00   2.0525131071445641e-07
   2.0000000000000000e+01   0.0000000000000000e+00   7.9117624234188179e-06
   2.0000000000000000e+01   1.0000000000000000e+00   4.0032673914667654e-06
   2.0000000000000000e+01   2.0000000000000000e+00  -8.0327857679397851e-07
   2.0000000000000000e+01   3.0000000000000000e+00  -1.7805575221743548e-06
   2.0000000000000000e+01   4.0000000000000000e+00   3.3225556847860538e-07
   2.0000000000000000e+01   5.0000000000000000e+00   1.1587690339001110e-06
   2.1000000000000000e+01   0.0000000000000000e+00  -1.0606458428847049e-05
   2.1000000000000000e+01   1.0000000000000000e+00  -5.1535379878117546e-06
   2.1000000000000000e+01   2.0000000000000000e+00   1.2906725200449447e-06
   2.1000000000000000e+01   3.0000000000000000e+00   2.0139344755064708e-06
   2.1000000000000000e+01   4.0000000000000000e+00   1.9469860766917537e-07
   2.2000000000000000e+01   0.0000000000000000e+00   1.3755593254326443e-05
   2.2000000000000000e+01   1.0000000000000000e+00   6.0699404968636827e-06
   2.2000000000000000e+01   2.0000000000000000e+00  -7.9060036674345432e-07
   2.2000000000000000e+01   3.0000000000000000e+00  -1.8144727606012037e-06
   2.3000000000000000e+01   0.0000000000000000e+00  -1.7525970706319442e-05
   2.3000000000000000e+01   1.0000000000000000e+00  -7.9153475147390985e-06
   2.3000000000000000e+01   2.0000000000000000e+00   1.1287879660534991e-06
   2.4000000000000000e+01   0.0000000000000000e+00   2.0358990099582976e-05
   2.4000000000000000e+01   1.0000000000000000e+00   9.1535949511745048e-06
   2.5000000000000000e+01   0.0000000000000000e+00  -2.5276113518573817e-05
