0.000000000000000000e+00 0.000000000000000000e+00 2.009368220190216325e-02
0.000000000000000000e+00 1.000000000000000000e+00 -4.433011642334198357e-04
0.000000000000000000e+00 2.000000000000000000e+00 2.708354182212373978e-02
0.000000000000000000e+00 3.000000000000000000e+00 8.368497941482795285e-03
0.000000000000000000e+00 4.000000000000000000e+00 7.074358276087402281e-03
0.000000000000000000e+00 5.000000000000000000e+00 1.673887182191050212e-03
0.000000000000000000e+00 6.000000000000000000e+00 -5.918388705683515216e-03
0.000000000000000000e+00 7.000000000000000000e+00 -2.434955057614705473e-03
0.000000000000000000e+00 8.000000000000000000e+00 -7.598752110940499259e-04
0.000000000000000000e+00 9.000000000000000000e+00 1.655608247546551219e-04
0.000000000000000000e+00 1.000000000000000000e+01 2.058405362124886197e-03
0.000000000000000000e+00 1.100000000000000000e+01 6.328668915258439751e-04
0.000000000000000000e+00 1.200000000000000000e+01 -1.115654154498369171e-03
0.000000000000000000e+00 1.300000000000000000e+01 3.961566022575407063e-04
0.000000000000000000e+00 1.400000000000000000e+01 2.295027290378913616e-04
0.000000000000000000e+00 1.500000000000000000e+01 -1.275780757209948619e-03
0.000000000000000000e+00 1.600000000000000000e+01 1.262607653951048812e-04
0.000000000000000000e+00 1.700000000000000000e+01 1.184838291051763977e-03
0.000000000000000000e+00 1.800000000000000000e+01 -8.805092188861927494e-05
0.000000000000000000e+00 1.900000000000000000e+01 -1.078560674105767192e-03
0.000000000000000000e+00 2.000000000000000000e+01 -1.759577575192036649e-05
0.000000000000000000e+00 2.100000000000000000e+01 6.663938898465115133e-04
0.000000000000000000e+00 2.200000000000000000e+01 4.055007196888709071e-06
0.000000000000000000e+00 2.300000000000000000e+01 2.120087630249215194e-05
0.000000000000000000e+00 2.400000000000000000e+01 2.282583038915796613e-04
1.000000000000000000e+00 0.000000000000000000e+00 1.333427703723842096e-03
1.000000000000000000e+00 1.000000000000000000e+00 4.312050128110947629e-03
1.000000000000000000e+00 2.000000000000000000e+00 4.556914004317203296e-03
1.000000000000000000e+00 3.000000000000000000e+00 6.222128840507633492e-03
1.000000000000000000e+00 4.000000000000000000e+00 3.475342786856593525e-03
1.000000000000000000e+00 5.000000000000000000e+00 1.985757107425462076e-03
1.000000000000000000e+00 6.000000000000000000e+00 -8.070572462876813517e-04
1.000000000000000000e+00 7.000000000000000000e+00 -2.575228622729175236e-03
1.000000000000000000e+00 8.000000000000000000e+00 -6.199026207811397923e-04
1.000000000000000000e+00 9.000000000000000000e+00 -4.088774743309414226e-04
1.000000000000000000e+00 1.000000000000000000e+01 -2.384920723300621933e-04
1.000000000000000000e+00 1.100000000000000000e+01 1.074712588161792727e-03
1.000000000000000000e+00 1.200000000000000000e+01 5.361354002402769856e-04
1.000000000000000000e+00 1.300000000000000000e+01 -6.326906469697989033e-04
1.000000000000000000e+00 1.400000000000000000e+01 -4.764100374272940393e-04
1.000000000000000000e+00 1.500000000000000000e+01 -2.912595715100497250e-05
1.000000000000000000e+00 1.600000000000000000e+01 -1.741245802400167892e-04
1.000000000000000000e+00 1.700000000000000000e+01 4.220345247234493207e-04
1.000000000000000000e+00 1.800000000000000000e+01 6.100408075855031980e-04
1.000000000000000000e+00 1.900000000000000000e+01 -3.485680663034636424e-04
1.000000000000000000e+00 2.000000000000000000e+01 -5.185245195431234999e-04
1.000000000000000000e+00 2.100000000000000000e+01 -1.418915173757467104e-04
1.000000000000000000e+00 2.200000000000000000e+01 2.430855576226051895e-04
1.000000000000000000e+00 2.300000000000000000e+01 5.481445530172339778e-04
1.000000000000000000e+00 2.400000000000000000e+01 -2.096250428168181380e-04
2.000000000000000000e+00 0.000000000000000000e+00 1.169900430926754109e-02
2.000000000000000000e+00 1.000000000000000000e+00 -6.238955950402251711e-04
2.000000000000000000e+00 2.000000000000000000e+00 1.402033728299718722e-02
2.000000000000000000e+00 3.000000000000000000e+00 4.590949169879043543e-03
2.000000000000000000e+00 4.000000000000000000e+00 4.060434391992325670e-03
2.000000000000000000e+00 5.000000000000000000e+00 2.869652718278528549e-03
2.000000000000000000e+00 6.000000000000000000e+00 -2.962817887860084900e-03
2.000000000000000000e+00 7.000000000000000000e+00 -2.219703000654417880e-03
2.000000000000000000e+00 8.000000000000000000e+00 -7.944189358763674739e-04
2.000000000000000000e+00 9.000000000000000000e+00 -5.380591750130583054e-05
2.000000000000000000e+00 1.000000000000000000e+01 1.004436065485559944e-03
2.000000000000000000e+00 1.100000000000000000e+01 1.000989333401497037e-03
2.000000000000000000e+00 1.200000000000000000e+01 -6.063646706466834072e-05
2.000000000000000000e+00 1.300000000000000000e+01 -6.608962660746085360e-04
2.000000000000000000e+00 1.400000000000000000e+01 -4.446402552892105052e-04
2.000000000000000000e+00 1.500000000000000000e+01 -3.925909732183116107e-04
2.000000000000000000e+00 1.600000000000000000e+01 3.343968889540909362e-04
2.000000000000000000e+00 1.700000000000000000e+01 1.026257314591203602e-03
2.000000000000000000e+00 1.800000000000000000e+01 6.684645241588875876e-05
2.000000000000000000e+00 1.900000000000000000e+01 -1.075159429333842143e-03
2.000000000000000000e+00 2.000000000000000000e+01 -4.922632376450483335e-04
2.000000000000000000e+00 2.100000000000000000e+01 6.317846164638897359e-04
2.000000000000000000e+00 2.200000000000000000e+01 5.682943789297717875e-04
2.000000000000000000e+00 2.300000000000000000e+01 -1.694421589666933600e-04
3.000000000000000000e+00 0.000000000000000000e+00 1.432169929718705298e-03
3.000000000000000000e+00 1.000000000000000000e+00 6.212530013437321530e-03
3.000000000000000000e+00 2.000000000000000000e+00 4.553124027068906551e-03
3.000000000000000000e+00 3.000000000000000000e+00 6.582295615762919112e-03
3.000000000000000000e+00 4.000000000000000000e+00 2.757479200825899927e-03
3.000000000000000000e+00 5.000000000000000000e+00 1.299568670974869276e-03
3.000000000000000000e+00 6.000000000000000000e+00 -2.020423956876936714e-04
3.000000000000000000e+00 7.000000000000000000e+00 -2.285769206923395948e-03
3.000000000000000000e+00 8.000000000000000000e+00 -1.242463805043053345e-03
3.000000000000000000e+00 9.000000000000000000e+00 -1.601814606446725698e-04
3.000000000000000000e+00 1.000000000000000000e+01 -1.275777464131824302e-04
3.000000000000000000e+00 1.100000000000000000e+01 1.308652036170302206e-03
3.000000000000000000e+00 1.200000000000000000e+01 7.331627645391077886e-04
3.000000000000000000e+00 1.300000000000000000e+01 -9.371792492951770649e-04
3.000000000000000000e+00 1.400000000000000000e+01 -7.411175404456724937e-04
3.000000000000000000e+00 1.500000000000000000e+01 4.975234350138077585e-05
3.000000000000000000e+00 1.600000000000000000e+01 2.806836197885476288e-04
3.000000000000000000e+00 1.700000000000000000e+01 4.738442117562903034e-04
3.000000000000000000e+00 1.800000000000000000e+01 3.068217802878701601e-04
3.000000000000000000e+00 1.900000000000000000e+01 -5.140501370679233630e-04
3.000000000000000000e+00 2.000000000000000000e+01 -6.761487521711951254e-04
3.000000000000000000e+00 2.100000000000000000e+01 1.655829433507676742e-04
3.000000000000000000e+00 2.200000000000000000e+01 5.160726890906600908e-04
4.000000000000000000e+00 0.000000000000000000e+00 7.670753990375757739e-03
4.000000000000000000e+00 1.000000000000000000e+00 5.744934402498345569e-04
4.000000000000000000e+00 2.000000000000000000e+00 1.036418111447300755e-02
4.000000000000000000e+00 3.000000000000000000e+00 3.244835151212334921e-03
4.000000000000000000e+00 4.000000000000000000e+00 2.784560730465667714e-03
4.000000000000000000e+00 5.000000000000000000e+00 2.304322499889337964e-03
4.000000000000000000e+00 6.000000000000000000e+00 -1.873818285931547721e-03
4.000000000000000000e+00 7.000000000000000000e+00 -1.541330474851025948e-03
4.000000000000000000e+00 8.000000000000000000e+00 -5.774237613114972193e-04
4.000000000000000000e+00 9.000000000000000000e+00 -4.739840897954384941e-04
4.000000000000000000e+00 1.000000000000000000e+01 9.151293991890836841e-04
4.000000000000000000e+00 1.100000000000000000e+01 1.364705641271556384e-03
4.000000000000000000e+00 1.200000000000000000e+01 -8.064493854560368430e-05
4.000000000000000000e+00 1.300000000000000000e+01 -8.223126039018639104e-04
4.000000000000000000e+00 1.400000000000000000e+01 -6.542639496106547386e-04
4.000000000000000000e+00 1.500000000000000000e+01 1.082683078995306473e-04
4.000000000000000000e+00 1.600000000000000000e+01 5.790834928780917322e-04
4.000000000000000000e+00 1.700000000000000000e+01 1.899210250426431571e-04
4.000000000000000000e+00 1.800000000000000000e+01 -1.861392906333595701e-04
4.000000000000000000e+00 1.900000000000000000e+01 -2.902898409621470317e-04
4.000000000000000000e+00 2.000000000000000000e+01 -9.590568945969632270e-05
4.000000000000000000e+00 2.100000000000000000e+01 1.516561075898438667e-04
5.000000000000000000e+00 0.000000000000000000e+00 2.018382363317296809e-03
5.000000000000000000e+00 1.000000000000000000e+00 6.498645980351410237e-03
5.000000000000000000e+00 2.000000000000000000e+00 5.577629109450314010e-03
5.000000000000000000e+00 3.000000000000000000e+00 5.247211053869897147e-03
5.000000000000000000e+00 4.000000000000000000e+00 2.611635949388011087e-03
5.000000000000000000e+00 5.000000000000000000e+00 7.097491777637031417e-04
5.000000000000000000e+00 6.000000000000000000e+00 -1.862121846322302118e-04
5.000000000000000000e+00 7.000000000000000000e+00 -1.704791516423065324e-03
5.000000000000000000e+00 8.000000000000000000e+00 -1.214052762576965953e-03
5.000000000000000000e+00 9.000000000000000000e+00 -2.285009873366139130e-04
5.000000000000000000e+00 1.000000000000000000e+01 3.221198727063839893e-04
5.000000000000000000e+00 1.100000000000000000e+01 1.006003361045953656e-03
5.000000000000000000e+00 1.200000000000000000e+01 5.228869993702259722e-04
5.000000000000000000e+00 1.300000000000000000e+01 -9.176356398216896403e-04
5.000000000000000000e+00 1.400000000000000000e+01 -9.088909277216750690e-04
5.000000000000000000e+00 1.500000000000000000e+01 3.426436952773683994e-04
5.000000000000000000e+00 1.600000000000000000e+01 5.994981192668106867e-04
5.000000000000000000e+00 1.700000000000000000e+01 2.235707911529306326e-04
5.000000000000000000e+00 1.800000000000000000e+01 -1.092926424766940620e-04
5.000000000000000000e+00 1.900000000000000000e+01 -3.281423109680673398e-04
5.000000000000000000e+00 2.000000000000000000e+01 -1.377074111105973484e-04
6.000000000000000000e+00 0.000000000000000000e+00 5.738423758338118304e-03
6.000000000000000000e+00 1.000000000000000000e+00 2.102979780203416242e-03
6.000000000000000000e+00 2.000000000000000000e+00 7.749984151082849916e-03
6.000000000000000000e+00 3.000000000000000000e+00 2.662459998062444155e-03
6.000000000000000000e+00 4.000000000000000000e+00 1.581153924825214963e-03
6.000000000000000000e+00 5.000000000000000000e+00 1.807353486284406013e-03
6.000000000000000000e+00 6.000000000000000000e+00 -1.180693183960869778e-03
6.000000000000000000e+00 7.000000000000000000e+00 -1.248448689164919018e-03
6.000000000000000000e+00 8.000000000000000000e+00 -6.101011798463671200e-04
6.000000000000000000e+00 9.000000000000000000e+00 -9.490994903082847645e-04
6.000000000000000000e+00 1.000000000000000000e+01 5.749624572349176137e-04
6.000000000000000000e+00 1.100000000000000000e+01 1.615066420390418511e-03
6.000000000000000000e+00 1.200000000000000000e+01 2.259255674820157000e-04
6.000000000000000000e+00 1.300000000000000000e+01 -8.606344437034643647e-04
6.000000000000000000e+00 1.400000000000000000e+01 -4.588786108547395328e-04
6.000000000000000000e+00 1.500000000000000000e+01 -2.199687679183025537e-05
6.000000000000000000e+00 1.600000000000000000e+01 3.854764396446556354e-04
6.000000000000000000e+00 1.700000000000000000e+01 5.240024663510148544e-04
6.000000000000000000e+00 1.800000000000000000e+01 -2.188592103900316628e-04
6.000000000000000000e+00 1.900000000000000000e+01 -8.132368569129157926e-04
7.000000000000000000e+00 0.000000000000000000e+00 2.252809285239075997e-03
7.000000000000000000e+00 1.000000000000000000e+00 6.088395788091665629e-03
7.000000000000000000e+00 2.000000000000000000e+00 5.108472580991293456e-03
7.000000000000000000e+00 3.000000000000000000e+00 3.204129817555449559e-03
7.000000000000000000e+00 4.000000000000000000e+00 1.948771850828792370e-03
7.000000000000000000e+00 5.000000000000000000e+00 7.900484207928982561e-04
7.000000000000000000e+00 6.000000000000000000e+00 -1.499135239577338075e-04
7.000000000000000000e+00 7.000000000000000000e+00 -1.031096603719689484e-03
7.000000000000000000e+00 8.000000000000000000e+00 -1.302515496957368669e-03
7.000000000000000000e+00 9.000000000000000000e+00 -6.054715085150349889e-04
7.000000000000000000e+00 1.000000000000000000e+01 4.221836165035664249e-04
7.000000000000000000e+00 1.100000000000000000e+01 1.085281853724952717e-03
7.000000000000000000e+00 1.200000000000000000e+01 4.355564600600254238e-04
7.000000000000000000e+00 1.300000000000000000e+01 -4.837617946384244303e-04
7.000000000000000000e+00 1.400000000000000000e+01 -1.052627685716862188e-03
7.000000000000000000e+00 1.500000000000000000e+01 -2.353915289371791817e-04
7.000000000000000000e+00 1.600000000000000000e+01 9.619120855712602440e-04
7.000000000000000000e+00 1.700000000000000000e+01 4.073196227261024083e-04
7.000000000000000000e+00 1.800000000000000000e+01 -3.124974044231884195e-04
8.000000000000000000e+00 0.000000000000000000e+00 5.226424286395447635e-03
8.000000000000000000e+00 1.000000000000000000e+00 3.389167984596458405e-03
8.000000000000000000e+00 2.000000000000000000e+00 6.297369139662367318e-03
8.000000000000000000e+00 3.000000000000000000e+00 2.830181543301570155e-03
8.000000000000000000e+00 4.000000000000000000e+00 7.258063007569220352e-04
8.000000000000000000e+00 5.000000000000000000e+00 9.085362892920241908e-04
8.000000000000000000e+00 6.000000000000000000e+00 -6.035200693096894661e-04
8.000000000000000000e+00 7.000000000000000000e+00 -8.579638832842979151e-04
8.000000000000000000e+00 8.000000000000000000e+00 -4.875571149112711529e-04
8.000000000000000000e+00 9.000000000000000000e+00 -4.530909760393991652e-04
8.000000000000000000e+00 1.000000000000000000e+01 5.869789833431452363e-04
8.000000000000000000e+00 1.100000000000000000e+01 1.184003841462210119e-03
8.000000000000000000e+00 1.200000000000000000e+01 4.651220122252607849e-04
8.000000000000000000e+00 1.300000000000000000e+01 -6.445345362505357223e-04
8.000000000000000000e+00 1.400000000000000000e+01 -7.674712118376099922e-04
8.000000000000000000e+00 1.500000000000000000e+01 1.815247681446579262e-04
8.000000000000000000e+00 1.600000000000000000e+01 3.275183819779291629e-04
8.000000000000000000e+00 1.700000000000000000e+01 1.812040210006974326e-04
9.000000000000000000e+00 0.000000000000000000e+00 2.631334237790651683e-03
9.000000000000000000e+00 1.000000000000000000e+00 6.046561431371127830e-03
9.000000000000000000e+00 2.000000000000000000e+00 4.699840386491510071e-03
9.000000000000000000e+00 3.000000000000000000e+00 2.523069397554787013e-03
9.000000000000000000e+00 4.000000000000000000e+00 1.653443085425653630e-03
9.000000000000000000e+00 5.000000000000000000e+00 5.572571077678130326e-04
9.000000000000000000e+00 6.000000000000000000e+00 -2.084338520687951609e-04
9.000000000000000000e+00 7.000000000000000000e+00 -5.701035081937251385e-04
9.000000000000000000e+00 8.000000000000000000e+00 -9.310596851648029635e-04
9.000000000000000000e+00 9.000000000000000000e+00 -6.913897282679233331e-04
9.000000000000000000e+00 1.000000000000000000e+01 3.967274365833301820e-04
9.000000000000000000e+00 1.100000000000000000e+01 8.930328651012407358e-04
9.000000000000000000e+00 1.200000000000000000e+01 1.390376821030852542e-04
9.000000000000000000e+00 1.300000000000000000e+01 -3.791318783234807858e-04
9.000000000000000000e+00 1.400000000000000000e+01 -5.047088595195426504e-04
9.000000000000000000e+00 1.500000000000000000e+01 -1.085105936905146943e-04
9.000000000000000000e+00 1.600000000000000000e+01 4.872307798176005850e-04
1.000000000000000000e+01 0.000000000000000000e+00 4.149823016947273846e-03
1.000000000000000000e+01 1.000000000000000000e+00 3.856695421037962569e-03
1.000000000000000000e+01 2.000000000000000000e+00 5.065108208893972022e-03
1.000000000000000000e+01 3.000000000000000000e+00 2.613836809636370991e-03
1.000000000000000000e+01 4.000000000000000000e+00 4.453813951408252896e-04
1.000000000000000000e+01 5.000000000000000000e+00 2.559580961337926358e-04
1.000000000000000000e+01 6.000000000000000000e+00 -5.673423972487878775e-04
1.000000000000000000e+01 7.000000000000000000e+00 -7.655379419652068437e-04
1.000000000000000000e+01 8.000000000000000000e+00 -5.527578969062927998e-04
1.000000000000000000e+01 9.000000000000000000e+00 -1.740941678764061802e-04
1.000000000000000000e+01 1.000000000000000000e+01 4.731642787916181940e-04
1.000000000000000000e+01 1.100000000000000000e+01 7.702667692724133762e-04
1.000000000000000000e+01 1.200000000000000000e+01 4.335479062641279255e-04
1.000000000000000000e+01 1.300000000000000000e+01 -6.673080848303689951e-04
1.000000000000000000e+01 1.400000000000000000e+01 -5.608890161230715900e-04
1.000000000000000000e+01 1.500000000000000000e+01 2.717922468992394727e-04
1.100000000000000000e+01 0.000000000000000000e+00 2.386464731122222259e-03
1.100000000000000000e+01 1.000000000000000000e+00 5.642043629902849730e-03
1.100000000000000000e+01 2.000000000000000000e+00 4.155796968143677002e-03
1.100000000000000000e+01 3.000000000000000000e+00 2.369608249913413792e-03
1.100000000000000000e+01 4.000000000000000000e+00 1.371707653459475554e-03
1.100000000000000000e+01 5.000000000000000000e+00 3.525892684596025790e-05
1.100000000000000000e+01 6.000000000000000000e+00 -5.584358076303406722e-04
1.100000000000000000e+01 7.000000000000000000e+00 -7.278730429795606405e-04
1.100000000000000000e+01 8.000000000000000000e+00 -7.457446148810198058e-04
1.100000000000000000e+01 9.000000000000000000e+00 -3.224443134715560769e-04
1.100000000000000000e+01 1.000000000000000000e+01 3.938690182421507161e-04
1.100000000000000000e+01 1.100000000000000000e+01 5.790659267747139648e-04
1.100000000000000000e+01 1.200000000000000000e+01 -1.453059526733766068e-04
1.100000000000000000e+01 1.300000000000000000e+01 -3.588218376785556971e-04
1.100000000000000000e+01 1.400000000000000000e+01 -1.984899281198789281e-04
1.200000000000000000e+01 0.000000000000000000e+00 3.588463115046533567e-03
1.200000000000000000e+01 1.000000000000000000e+00 3.981492510215465033e-03
1.200000000000000000e+01 2.000000000000000000e+00 4.576362916001538127e-03
1.200000000000000000e+01 3.000000000000000000e+00 2.558658065266635525e-03
1.200000000000000000e+01 4.000000000000000000e+00 3.163919944203739672e-04
1.200000000000000000e+01 5.000000000000000000e+00 -8.778541230711539773e-05
1.200000000000000000e+01 6.000000000000000000e+00 -9.100923350687913299e-04
1.200000000000000000e+01 7.000000000000000000e+00 -8.964667512110206403e-04
1.200000000000000000e+01 8.000000000000000000e+00 -4.624596537142835226e-04
1.200000000000000000e+01 9.000000000000000000e+00 1.028466522811830302e-04
1.200000000000000000e+01 1.000000000000000000e+01 6.305858524632122373e-04
1.200000000000000000e+01 1.100000000000000000e+01 4.174383687733546370e-04
1.200000000000000000e+01 1.200000000000000000e+01 7.582729752318231062e-05
1.200000000000000000e+01 1.300000000000000000e+01 -4.524764073273932733e-04
1.300000000000000000e+01 0.000000000000000000e+00 2.405785119884514336e-03
1.300000000000000000e+01 1.000000000000000000e+00 5.040525468539737951e-03
1.300000000000000000e+01 2.000000000000000000e+00 3.947312311898106864e-03
1.300000000000000000e+01 3.000000000000000000e+00 2.138537165354773527e-03
1.300000000000000000e+01 4.000000000000000000e+00 1.004793203933117707e-03
1.300000000000000000e+01 5.000000000000000000e+00 -2.885981009223804149e-04
1.300000000000000000e+01 6.000000000000000000e+00 -7.265369445138630203e-04
1.300000000000000000e+01 7.000000000000000000e+00 -7.200271512541612509e-04
1.300000000000000000e+01 8.000000000000000000e+00 -4.921326152360249373e-04
1.300000000000000000e+01 9.000000000000000000e+00 -8.519870225116418154e-05
1.300000000000000000e+01 1.000000000000000000e+01 3.159459026796128996e-04
1.300000000000000000e+01 1.100000000000000000e+01 2.663591519975738991e-04
1.300000000000000000e+01 1.200000000000000000e+01 -1.482446956324063724e-04
1.400000000000000000e+01 0.000000000000000000e+00 3.177536355602397257e-03
1.400000000000000000e+01 1.000000000000000000e+00 3.717485503825277478e-03
1.400000000000000000e+01 2.000000000000000000e+00 4.293047373027076598e-03
1.400000000000000000e+01 3.000000000000000000e+00 2.402038134812524428e-03
1.400000000000000000e+01 4.000000000000000000e+00 3.760180251222356622e-04
1.400000000000000000e+01 5.000000000000000000e+00 -3.965202923860664539e-04
1.400000000000000000e+01 6.000000000000000000e+00 -9.396588644651043256e-04
1.400000000000000000e+01 7.000000000000000000e+00 -8.076113744524565262e-04
1.400000000000000000e+01 8.000000000000000000e+00 -2.672049382300811359e-04
1.400000000000000000e+01 9.000000000000000000e+00 1.722356445984714085e-04
1.400000000000000000e+01 1.000000000000000000e+01 6.657851687580036747e-04
1.400000000000000000e+01 1.100000000000000000e+01 3.135777333874478268e-04
1.500000000000000000e+01 0.000000000000000000e+00 2.338460665374521644e-03
1.500000000000000000e+01 1.000000000000000000e+00 4.484278485395793400e-03
1.500000000000000000e+01 2.000000000000000000e+00 3.809410971992040294e-03
1.500000000000000000e+01 3.000000000000000000e+00 2.189247909548325179e-03
1.500000000000000000e+01 4.000000000000000000e+00 8.451453814764825099e-04
1.500000000000000000e+01 5.000000000000000000e+00 -3.881217168252557893e-04
1.500000000000000000e+01 6.000000000000000000e+00 -7.350091880085764902e-04
1.500000000000000000e+01 7.000000000000000000e+00 -6.557780816795912406e-04
1.500000000000000000e+01 8.000000000000000000e+00 -2.383171095511008725e-04
1.500000000000000000e+01 9.000000000000000000e+00 9.372768890498567535e-05
1.500000000000000000e+01 1.000000000000000000e+01 3.854374890808934901e-04
1.600000000000000000e+01 0.000000000000000000e+00 2.700490816860211252e-03
1.600000000000000000e+01 1.000000000000000000e+00 3.495994458536493162e-03
1.600000000000000000e+01 2.000000000000000000e+00 3.946865592524971718e-03
1.600000000000000000e+01 3.000000000000000000e+00 2.382611502703285873e-03
1.600000000000000000e+01 4.000000000000000000e+00 4.390961398460181057e-04
1.600000000000000000e+01 5.000000000000000000e+00 -5.733397988216906195e-04
1.600000000000000000e+01 6.000000000000000000e+00 -1.006078748728725597e-03
1.600000000000000000e+01 7.000000000000000000e+00 -6.790555697529528480e-04
1.600000000000000000e+01 8.000000000000000000e+00 -7.802772594293144943e-05
1.600000000000000000e+01 9.000000000000000000e+00 3.671639298293706121e-04
1.700000000000000000e+01 0.000000000000000000e+00 2.068590386403843743e-03
1.700000000000000000e+01 1.000000000000000000e+00 3.808885494459534216e-03
1.700000000000000000e+01 2.000000000000000000e+00 3.446796776929541770e-03
1.700000000000000000e+01 3.000000000000000000e+00 2.156274838886939639e-03
1.700000000000000000e+01 4.000000000000000000e+00 6.523513891884783356e-04
1.700000000000000000e+01 5.000000000000000000e+00 -5.078489860796275455e-04
1.700000000000000000e+01 6.000000000000000000e+00 -7.361187224605723932e-04
1.700000000000000000e+01 7.000000000000000000e+00 -5.044284297301100195e-04
1.700000000000000000e+01 8.000000000000000000e+00 -5.883279323016698452e-05
1.800000000000000000e+01 0.000000000000000000e+00 2.069773033809616577e-03
1.800000000000000000e+01 1.000000000000000000e+00 3.245730000710405749e-03
1.800000000000000000e+01 2.000000000000000000e+00 3.389851400986206627e-03
1.800000000000000000e+01 3.000000000000000000e+00 2.158824122826075859e-03
1.800000000000000000e+01 4.000000000000000000e+00 2.869840804239186661e-04
1.800000000000000000e+01 5.000000000000000000e+00 -6.932358970568818467e-04
1.800000000000000000e+01 6.000000000000000000e+00 -1.025252265414732878e-03
1.800000000000000000e+01 7.000000000000000000e+00 -5.606073321556407415e-04
1.900000000000000000e+01 0.000000000000000000e+00 1.833784508500112004e-03
1.900000000000000000e+01 1.000000000000000000e+00 3.156888063114444715e-03
1.900000000000000000e+01 2.000000000000000000e+00 2.996877606297282566e-03
1.900000000000000000e+01 3.000000000000000000e+00 2.083634762182337650e-03
1.900000000000000000e+01 4.000000000000000000e+00 4.106432499024520628e-04
1.900000000000000000e+01 5.000000000000000000e+00 -6.321194776764467883e-04
1.900000000000000000e+01 6.000000000000000000e+00 -7.549698025263720455e-04
2.000000000000000000e+01 0.000000000000000000e+00 1.507941266673833462e-03
2.000000000000000000e+01 1.000000000000000000e+00 2.920110470495143780e-03
2.000000000000000000e+01 2.000000000000000000e+00 2.889913652133957542e-03
2.000000000000000000e+01 3.000000000000000000e+00 1.832122154704219318e-03
2.000000000000000000e+01 4.000000000000000000e+00 5.571162414666481463e-05
2.000000000000000000e+01 5.000000000000000000e+00 -8.323304676697883611e-04
2.100000000000000000e+01 0.000000000000000000e+00 1.582354467672704391e-03
2.100000000000000000e+01 1.000000000000000000e+00 2.489201287938951242e-03
2.100000000000000000e+01 2.000000000000000000e+00 2.466636694738386527e-03
2.100000000000000000e+01 3.000000000000000000e+00 1.829218814107102121e-03
2.100000000000000000e+01 4.000000000000000000e+00 1.713536385336084859e-04
2.200000000000000000e+01 0.000000000000000000e+00 1.039035362584892017e-03
2.200000000000000000e+01 1.000000000000000000e+00 2.377185819457810177e-03
2.200000000000000000e+01 2.000000000000000000e+00 2.476502572533068047e-03
2.200000000000000000e+01 3.000000000000000000e+00 1.437034929220134226e-03
2.300000000000000000e+01 0.000000000000000000e+00 1.282630040485803393e-03
2.300000000000000000e+01 1.000000000000000000e+00 1.916974115230827809e-03
2.300000000000000000e+01 2.000000000000000000e+00 1.983826217786021154e-03
2.400000000000000000e+01 0.000000000000000000e+00 7.495742623107643941e-04
2.400000000000000000e+01 1.000000000000000000e+00 1.800557981966015818e-03
0.000000000000000000e+00 0.000000000000000000e+00 0.000000000000000000e+00
0.000000000000000000e+00 0.000000000000000000e+00 0.000000000000000000e+00
