0.000000000000000000e+00 0.000000000000000000e+00 1.080447622835907636e-03
0.000000000000000000e+00 1.000000000000000000e+00 -4.659324561044087551e-04
0.000000000000000000e+00 2.000000000000000000e+00 -9.637456113196947178e-05
0.000000000000000000e+00 3.000000000000000000e+00 2.243294795076946724e-04
0.000000000000000000e+00 4.000000000000000000e+00 1.775556049580757976e-04
0.000000000000000000e+00 5.000000000000000000e+00 -1.861395561392606077e-04
0.000000000000000000e+00 6.000000000000000000e+00 8.080479755413874686e-05
0.000000000000000000e+00 7.000000000000000000e+00 5.434895001983928103e-05
0.000000000000000000e+00 8.000000000000000000e+00 6.183465368091951094e-05
0.000000000000000000e+00 9.000000000000000000e+00 -9.474603315930561396e-05
0.000000000000000000e+00 1.000000000000000000e+01 8.615931464723732816e-05
0.000000000000000000e+00 1.100000000000000000e+01 -2.787252247003713725e-05
0.000000000000000000e+00 1.200000000000000000e+01 5.518100827462911598e-05
0.000000000000000000e+00 1.300000000000000000e+01 -7.039632032705056477e-05
0.000000000000000000e+00 1.400000000000000000e+01 6.539202467749057404e-05
0.000000000000000000e+00 1.500000000000000000e+01 -4.637780169698956938e-05
0.000000000000000000e+00 1.600000000000000000e+01 4.474134377532099901e-05
0.000000000000000000e+00 1.700000000000000000e+01 -5.316709275125008145e-05
0.000000000000000000e+00 1.800000000000000000e+01 4.340277888467737881e-05
0.000000000000000000e+00 1.900000000000000000e+01 -3.008708526893491667e-05
0.000000000000000000e+00 2.000000000000000000e+01 2.289992971081224817e-05
0.000000000000000000e+00 2.100000000000000000e+01 -2.376604393613855013e-05
0.000000000000000000e+00 2.200000000000000000e+01 1.794935696811157479e-05
0.000000000000000000e+00 2.300000000000000000e+01 -1.152372879352762872e-05
0.000000000000000000e+00 2.400000000000000000e+01 3.492884708054387620e-06
1.000000000000000000e+00 0.000000000000000000e+00 -9.691128264586048680e-05
1.000000000000000000e+00 1.000000000000000000e+00 1.636555689813322552e-04
1.000000000000000000e+00 2.000000000000000000e+00 3.382429865862894217e-05
1.000000000000000000e+00 3.000000000000000000e+00 1.549844903957634180e-05
1.000000000000000000e+00 4.000000000000000000e+00 -3.392776915281638447e-05
1.000000000000000000e+00 5.000000000000000000e+00 8.032605212420649763e-05
1.000000000000000000e+00 6.000000000000000000e+00 -1.832286894271251113e-05
1.000000000000000000e+00 7.000000000000000000e+00 1.517573145969356509e-05
1.000000000000000000e+00 8.000000000000000000e+00 -2.506833684543988190e-05
1.000000000000000000e+00 9.000000000000000000e+00 3.688921645718730338e-05
1.000000000000000000e+00 1.000000000000000000e+01 -1.862775667956805995e-05
1.000000000000000000e+00 1.100000000000000000e+01 1.536823597536410922e-05
1.000000000000000000e+00 1.200000000000000000e+01 -2.212862727209236049e-05
1.000000000000000000e+00 1.300000000000000000e+01 3.148820319388348623e-05
1.000000000000000000e+00 1.400000000000000000e+01 -2.757440297715385412e-05
1.000000000000000000e+00 1.500000000000000000e+01 2.520401909326642841e-05
1.000000000000000000e+00 1.600000000000000000e+01 -2.885941840622761919e-05
1.000000000000000000e+00 1.700000000000000000e+01 3.076126776112010587e-05
1.000000000000000000e+00 1.800000000000000000e+01 -2.750482081982956193e-05
1.000000000000000000e+00 1.900000000000000000e+01 2.342659840774076772e-05
1.000000000000000000e+00 2.000000000000000000e+01 -1.855562901264982891e-05
1.000000000000000000e+00 2.100000000000000000e+01 1.591167883808185403e-05
1.000000000000000000e+00 2.200000000000000000e+01 -1.432998855598288444e-05
1.000000000000000000e+00 2.300000000000000000e+01 8.686679257993181513e-06
1.000000000000000000e+00 2.400000000000000000e+01 -7.194798405135809196e-06
2.000000000000000000e+00 0.000000000000000000e+00 -1.391630489740369660e-04
2.000000000000000000e+00 1.000000000000000000e+00 1.744591600970794919e-04
2.000000000000000000e+00 2.000000000000000000e+00 1.454205263397576942e-04
2.000000000000000000e+00 3.000000000000000000e+00 -1.191278756594532320e-04
2.000000000000000000e+00 4.000000000000000000e+00 4.337073123161905823e-05
2.000000000000000000e+00 5.000000000000000000e+00 4.896920868289503882e-05
2.000000000000000000e+00 6.000000000000000000e+00 3.989422386529759788e-05
2.000000000000000000e+00 7.000000000000000000e+00 -7.036395083191361490e-05
2.000000000000000000e+00 8.000000000000000000e+00 3.874664662018682950e-05
2.000000000000000000e+00 9.000000000000000000e+00 -7.322091273768970980e-06
2.000000000000000000e+00 1.000000000000000000e+01 1.202077469735793513e-05
2.000000000000000000e+00 1.100000000000000000e+01 -4.219874893188175986e-05
2.000000000000000000e+00 1.200000000000000000e+01 3.049161712259324458e-05
2.000000000000000000e+00 1.300000000000000000e+01 -2.437102441367451652e-05
2.000000000000000000e+00 1.400000000000000000e+01 1.856853685536559524e-05
2.000000000000000000e+00 1.500000000000000000e+01 -2.816558613141588972e-05
2.000000000000000000e+00 1.600000000000000000e+01 2.309733100752457116e-05
2.000000000000000000e+00 1.700000000000000000e+01 -1.872917382367966240e-05
2.000000000000000000e+00 1.800000000000000000e+01 1.105405946534533829e-05
2.000000000000000000e+00 1.900000000000000000e+01 -1.479178531181382773e-05
2.000000000000000000e+00 2.000000000000000000e+01 1.194708485700586989e-05
2.000000000000000000e+00 2.100000000000000000e+01 -8.530256949085136860e-06
2.000000000000000000e+00 2.200000000000000000e+01 4.189232025822413166e-06
2.000000000000000000e+00 2.300000000000000000e+01 -5.026058461396735010e-06
3.000000000000000000e+00 0.000000000000000000e+00 1.938238870842035153e-04
3.000000000000000000e+00 1.000000000000000000e+00 -3.554204240242875604e-05
3.000000000000000000e+00 2.000000000000000000e+00 -5.034668757826985528e-05
3.000000000000000000e+00 3.000000000000000000e+00 6.969565216072382365e-05
3.000000000000000000e+00 4.000000000000000000e+00 7.941319398630086583e-06
3.000000000000000000e+00 5.000000000000000000e+00 1.756907985202539683e-05
3.000000000000000000e+00 6.000000000000000000e+00 -2.422779742624614282e-05
3.000000000000000000e+00 7.000000000000000000e+00 4.682630985599301815e-05
3.000000000000000000e+00 8.000000000000000000e+00 -2.406826476677876030e-05
3.000000000000000000e+00 9.000000000000000000e+00 1.779773848425356199e-05
3.000000000000000000e+00 1.000000000000000000e+01 -2.576131071412438833e-05
3.000000000000000000e+00 1.100000000000000000e+01 3.304601572066561576e-05
3.000000000000000000e+00 1.200000000000000000e+01 -2.333706219039679089e-05
3.000000000000000000e+00 1.300000000000000000e+01 1.842218909115905914e-05
3.000000000000000000e+00 1.400000000000000000e+01 -1.564157264747779506e-05
3.000000000000000000e+00 1.500000000000000000e+01 2.034076013004865879e-05
3.000000000000000000e+00 1.600000000000000000e+01 -1.034645027559739550e-05
3.000000000000000000e+00 1.700000000000000000e+01 7.735094072622106262e-06
3.000000000000000000e+00 1.800000000000000000e+01 -5.353842604323638007e-06
3.000000000000000000e+00 1.900000000000000000e+01 7.362044569893236248e-06
3.000000000000000000e+00 2.000000000000000000e+01 -3.086420505682476843e-06
3.000000000000000000e+00 2.100000000000000000e+01 4.794644108426841214e-06
3.000000000000000000e+00 2.200000000000000000e+01 5.938144143280090179e-09
4.000000000000000000e+00 0.000000000000000000e+00 2.766975452441599996e-04
4.000000000000000000e+00 1.000000000000000000e+00 -1.064823033877729269e-04
4.000000000000000000e+00 2.000000000000000000e+00 -1.903234515751982083e-05
4.000000000000000000e+00 3.000000000000000000e+00 7.545589950451385788e-05
4.000000000000000000e+00 4.000000000000000000e+00 1.827436004659442826e-05
4.000000000000000000e+00 5.000000000000000000e+00 -3.950934670828369600e-05
4.000000000000000000e+00 6.000000000000000000e+00 2.608569464180706603e-05
4.000000000000000000e+00 7.000000000000000000e+00 4.267530750609154080e-06
4.000000000000000000e+00 8.000000000000000000e+00 8.794016914698715939e-06
4.000000000000000000e+00 9.000000000000000000e+00 -3.019833141153062200e-05
4.000000000000000000e+00 1.000000000000000000e+01 2.068896073647484446e-05
4.000000000000000000e+00 1.100000000000000000e+01 -9.141075303053875016e-06
4.000000000000000000e+00 1.200000000000000000e+01 6.348734974301122658e-06
4.000000000000000000e+00 1.300000000000000000e+01 -1.490660884586478627e-05
4.000000000000000000e+00 1.400000000000000000e+01 9.729439306813826330e-06
4.000000000000000000e+00 1.500000000000000000e+01 -5.049858751865697853e-06
4.000000000000000000e+00 1.600000000000000000e+01 9.911975019052620907e-07
4.000000000000000000e+00 1.700000000000000000e+01 -5.208574189163705060e-06
4.000000000000000000e+00 1.800000000000000000e+01 3.020368827738741498e-06
4.000000000000000000e+00 1.900000000000000000e+01 -2.300066671950023812e-06
4.000000000000000000e+00 2.000000000000000000e+01 -5.919744425957032827e-07
4.000000000000000000e+00 2.100000000000000000e+01 -7.456332477877628886e-07
5.000000000000000000e+00 0.000000000000000000e+00 -6.640394644269656109e-05
5.000000000000000000e+00 1.000000000000000000e+00 4.579545699379925254e-05
5.000000000000000000e+00 2.000000000000000000e+00 3.439446433350514762e-05
5.000000000000000000e+00 3.000000000000000000e+00 -3.053201385261173728e-05
5.000000000000000000e+00 4.000000000000000000e+00 -1.983048538055177254e-05
5.000000000000000000e+00 5.000000000000000000e+00 3.047042319254831402e-05
5.000000000000000000e+00 6.000000000000000000e+00 -9.925471366519219110e-06
5.000000000000000000e+00 7.000000000000000000e+00 3.161668894935073736e-06
5.000000000000000000e+00 8.000000000000000000e+00 -1.454253683139165573e-05
5.000000000000000000e+00 9.000000000000000000e+00 2.211423349940026757e-05
5.000000000000000000e+00 1.000000000000000000e+01 -1.540001282272637572e-05
5.000000000000000000e+00 1.100000000000000000e+01 1.055185117543895551e-05
5.000000000000000000e+00 1.200000000000000000e+01 -1.009258419086934737e-05
5.000000000000000000e+00 1.300000000000000000e+01 1.561330703906032896e-05
5.000000000000000000e+00 1.400000000000000000e+01 -1.023295655396877144e-05
5.000000000000000000e+00 1.500000000000000000e+01 8.093445644890781633e-06
5.000000000000000000e+00 1.600000000000000000e+01 -7.198122629308487267e-06
5.000000000000000000e+00 1.700000000000000000e+01 9.305900575603202857e-06
5.000000000000000000e+00 1.800000000000000000e+01 -4.896065645708501779e-06
5.000000000000000000e+00 1.900000000000000000e+01 4.881153109638705199e-06
5.000000000000000000e+00 2.000000000000000000e+01 -1.840169053038921427e-06
6.000000000000000000e+00 0.000000000000000000e+00 -1.291656932672307192e-04
6.000000000000000000e+00 1.000000000000000000e+00 8.330649232526417963e-05
6.000000000000000000e+00 2.000000000000000000e+00 2.728074748968365487e-05
6.000000000000000000e+00 3.000000000000000000e+00 -5.338564439488976152e-05
6.000000000000000000e+00 4.000000000000000000e+00 1.086593139149924510e-05
6.000000000000000000e+00 5.000000000000000000e+00 9.098834028948311203e-06
6.000000000000000000e+00 6.000000000000000000e+00 6.519266606040573494e-06
6.000000000000000000e+00 7.000000000000000000e+00 -2.742412489038815879e-05
6.000000000000000000e+00 8.000000000000000000e+00 1.977606060108333023e-05
6.000000000000000000e+00 9.000000000000000000e+00 -6.404514024494287234e-06
6.000000000000000000e+00 1.000000000000000000e+01 8.379383822465664571e-06
6.000000000000000000e+00 1.100000000000000000e+01 -1.608447847607202339e-05
6.000000000000000000e+00 1.200000000000000000e+01 1.414091754123377897e-05
6.000000000000000000e+00 1.300000000000000000e+01 -8.341262806328015252e-06
6.000000000000000000e+00 1.400000000000000000e+01 5.495923338824109622e-06
6.000000000000000000e+00 1.500000000000000000e+01 -9.462376707699732777e-06
6.000000000000000000e+00 1.600000000000000000e+01 7.092408170086853751e-06
6.000000000000000000e+00 1.700000000000000000e+01 -3.739985807290744540e-06
6.000000000000000000e+00 1.800000000000000000e+01 2.758390542412126765e-06
6.000000000000000000e+00 1.900000000000000000e+01 -2.341252170738352546e-06
7.000000000000000000e+00 0.000000000000000000e+00 4.046877886894617853e-05
7.000000000000000000e+00 1.000000000000000000e+00 -1.157884354652445590e-05
7.000000000000000000e+00 2.000000000000000000e+00 -2.846836023058141695e-05
7.000000000000000000e+00 3.000000000000000000e+00 4.030516964835513207e-05
7.000000000000000000e+00 4.000000000000000000e+00 5.752148188909234228e-06
7.000000000000000000e+00 5.000000000000000000e+00 -6.404198231208667905e-06
7.000000000000000000e+00 6.000000000000000000e+00 -9.758542193334597382e-06
7.000000000000000000e+00 7.000000000000000000e+00 1.865943962487946094e-05
7.000000000000000000e+00 8.000000000000000000e+00 -8.076907450537410471e-06
7.000000000000000000e+00 9.000000000000000000e+00 1.807235913239969913e-06
7.000000000000000000e+00 1.000000000000000000e+01 -6.636169342682748419e-06
7.000000000000000000e+00 1.100000000000000000e+01 1.070454131917455001e-05
7.000000000000000000e+00 1.200000000000000000e+01 -7.552238691872400887e-06
7.000000000000000000e+00 1.300000000000000000e+01 3.639767538371803051e-06
7.000000000000000000e+00 1.400000000000000000e+01 -5.254087299509708007e-06
7.000000000000000000e+00 1.500000000000000000e+01 4.911160194494384234e-06
7.000000000000000000e+00 1.600000000000000000e+01 -4.117758604354654349e-06
7.000000000000000000e+00 1.700000000000000000e+01 2.448979762996853845e-06
7.000000000000000000e+00 1.800000000000000000e+01 -1.476022450204405195e-06
8.000000000000000000e+00 0.000000000000000000e+00 6.838880034057382654e-05
8.000000000000000000e+00 1.000000000000000000e+00 -5.754255834543400047e-05
8.000000000000000000e+00 2.000000000000000000e+00 -2.523602568408410346e-06
8.000000000000000000e+00 3.000000000000000000e+00 2.977518654873011263e-05
8.000000000000000000e+00 4.000000000000000000e+00 4.496035487828576422e-06
8.000000000000000000e+00 5.000000000000000000e+00 -1.766851569279452206e-05
8.000000000000000000e+00 6.000000000000000000e+00 1.184369028135201122e-05
8.000000000000000000e+00 7.000000000000000000e+00 4.113671075189284227e-06
8.000000000000000000e+00 8.000000000000000000e+00 2.423197868573797312e-06
8.000000000000000000e+00 9.000000000000000000e+00 -9.368801172109769964e-06
8.000000000000000000e+00 1.000000000000000000e+01 8.798733089314960093e-06
8.000000000000000000e+00 1.100000000000000000e+01 -2.867495001215878674e-06
8.000000000000000000e+00 1.200000000000000000e+01 4.342258883056429280e-06
8.000000000000000000e+00 1.300000000000000000e+01 -6.383370581930356062e-06
8.000000000000000000e+00 1.400000000000000000e+01 8.092345060422678743e-06
8.000000000000000000e+00 1.500000000000000000e+01 -2.332218482143612114e-06
8.000000000000000000e+00 1.600000000000000000e+01 3.320630904250045291e-06
8.000000000000000000e+00 1.700000000000000000e+01 -1.698619053211287609e-06
9.000000000000000000e+00 0.000000000000000000e+00 -4.861211877184315141e-05
9.000000000000000000e+00 1.000000000000000000e+00 2.432842829688720181e-05
9.000000000000000000e+00 2.000000000000000000e+00 1.080720238501629281e-05
9.000000000000000000e+00 3.000000000000000000e+00 -8.314314456293618981e-06
9.000000000000000000e+00 4.000000000000000000e+00 -1.019634187611107309e-05
9.000000000000000000e+00 5.000000000000000000e+00 1.863000078385964391e-05
9.000000000000000000e+00 6.000000000000000000e+00 -5.289534808208398039e-06
9.000000000000000000e+00 7.000000000000000000e+00 2.913867977468817436e-06
9.000000000000000000e+00 8.000000000000000000e+00 -7.598286363378390299e-06
9.000000000000000000e+00 9.000000000000000000e+00 1.325316154235183891e-05
9.000000000000000000e+00 1.000000000000000000e+01 -8.443938329748382592e-06
9.000000000000000000e+00 1.100000000000000000e+01 5.679172747858501890e-06
9.000000000000000000e+00 1.200000000000000000e+01 -5.911281768830624633e-06
9.000000000000000000e+00 1.300000000000000000e+01 8.368170570628796979e-06
9.000000000000000000e+00 1.400000000000000000e+01 -4.228799400516538064e-06
9.000000000000000000e+00 1.500000000000000000e+01 3.055816672854705319e-06
9.000000000000000000e+00 1.600000000000000000e+01 -1.111561343472569141e-06
1.000000000000000000e+01 0.000000000000000000e+00 -4.529251900255184507e-05
1.000000000000000000e+01 1.000000000000000000e+00 2.813288112127979791e-05
1.000000000000000000e+01 2.000000000000000000e+00 1.157369303048304527e-05
1.000000000000000000e+01 3.000000000000000000e+00 -2.588072961921562007e-05
1.000000000000000000e+01 4.000000000000000000e+00 9.440287972552963489e-06
1.000000000000000000e+01 5.000000000000000000e+00 2.671368614260224006e-06
1.000000000000000000e+01 6.000000000000000000e+00 2.972793622396660966e-06
1.000000000000000000e+01 7.000000000000000000e+00 -9.616593397731948323e-06
1.000000000000000000e+01 8.000000000000000000e+00 7.938079543977947267e-06
1.000000000000000000e+01 9.000000000000000000e+00 -2.953702119091977980e-06
1.000000000000000000e+01 1.000000000000000000e+01 1.758402340655159220e-06
1.000000000000000000e+01 1.100000000000000000e+01 -5.500863948036234600e-06
1.000000000000000000e+01 1.200000000000000000e+01 3.160093234691530246e-06
1.000000000000000000e+01 1.300000000000000000e+01 -7.974107922501001948e-07
1.000000000000000000e+01 1.400000000000000000e+01 -5.737494618777982057e-07
1.000000000000000000e+01 1.500000000000000000e+01 -2.136195061769262360e-06
1.100000000000000000e+01 0.000000000000000000e+00 3.942566725117430587e-05
1.100000000000000000e+01 1.000000000000000000e+00 -1.917882186986721488e-05
1.100000000000000000e+01 2.000000000000000000e+00 -1.253528353839747897e-05
1.100000000000000000e+01 3.000000000000000000e+00 1.227346765536048068e-05
1.100000000000000000e+01 4.000000000000000000e+00 -2.770633362908709540e-06
1.100000000000000000e+01 5.000000000000000000e+00 1.024011338020106556e-06
1.100000000000000000e+01 6.000000000000000000e+00 -2.667349010764690732e-06
1.100000000000000000e+01 7.000000000000000000e+00 9.403549556451906084e-06
1.100000000000000000e+01 8.000000000000000000e+00 -2.396741695143667390e-06
1.100000000000000000e+01 9.000000000000000000e+00 3.259465641416820328e-06
1.100000000000000000e+01 1.000000000000000000e+01 -2.873515872619314147e-06
1.100000000000000000e+01 1.100000000000000000e+01 6.108259638891484331e-06
1.100000000000000000e+01 1.200000000000000000e+01 -2.346813902067677034e-06
1.100000000000000000e+01 1.300000000000000000e+01 1.452806002355404913e-06
1.100000000000000000e+01 1.400000000000000000e+01 -1.063018954458081099e-06
1.200000000000000000e+01 0.000000000000000000e+00 3.650270274079243460e-05
1.200000000000000000e+01 1.000000000000000000e+00 -2.182628307684927478e-05
1.200000000000000000e+01 2.000000000000000000e+00 -6.968918881073065572e-06
1.200000000000000000e+01 3.000000000000000000e+00 5.319027589996296504e-06
1.200000000000000000e+01 4.000000000000000000e+00 -8.753988749897004623e-07
1.200000000000000000e+01 5.000000000000000000e+00 -6.377332874058979269e-06
1.200000000000000000e+01 6.000000000000000000e+00 1.831982016987477764e-06
1.200000000000000000e+01 7.000000000000000000e+00 2.717779030985440675e-06
1.200000000000000000e+01 8.000000000000000000e+00 -1.815990034566753466e-06
1.200000000000000000e+01 9.000000000000000000e+00 -2.981102625913289372e-06
1.200000000000000000e+01 1.000000000000000000e+01 2.506355152588285764e-06
1.200000000000000000e+01 1.100000000000000000e+01 -3.933719530724768226e-07
1.200000000000000000e+01 1.200000000000000000e+01 -8.018071303486680064e-07
1.200000000000000000e+01 1.300000000000000000e+01 -6.757955726716932968e-07
1.300000000000000000e+01 0.000000000000000000e+00 -2.588297681853125797e-05
1.300000000000000000e+01 1.000000000000000000e+00 1.376353069993322797e-05
1.300000000000000000e+01 2.000000000000000000e+00 7.099678628425257924e-06
1.300000000000000000e+01 3.000000000000000000e+00 -5.290777339177817926e-06
1.300000000000000000e+01 4.000000000000000000e+00 -4.590042367622028435e-07
1.300000000000000000e+01 5.000000000000000000e+00 4.069233953188849982e-06
1.300000000000000000e+01 6.000000000000000000e+00 -3.106950636990552240e-06
1.300000000000000000e+01 7.000000000000000000e+00 -2.831901297656194611e-06
1.300000000000000000e+01 8.000000000000000000e+00 -8.423933433179771923e-07
1.300000000000000000e+01 9.000000000000000000e+00 3.543988296247947056e-06
1.300000000000000000e+01 1.000000000000000000e+01 -1.244198110630973276e-06
1.300000000000000000e+01 1.100000000000000000e+01 2.434673087025473302e-06
1.300000000000000000e+01 1.200000000000000000e+01 -1.438818365098386596e-06
1.400000000000000000e+01 0.000000000000000000e+00 -2.427401622036317892e-05
1.400000000000000000e+01 1.000000000000000000e+00 1.549428226875819664e-05
1.400000000000000000e+01 2.000000000000000000e+00 5.519599311054583010e-06
1.400000000000000000e+01 3.000000000000000000e+00 -5.122377340147772348e-06
1.400000000000000000e+01 4.000000000000000000e+00 -1.205159962515161992e-06
1.400000000000000000e+01 5.000000000000000000e+00 1.241927537578255592e-06
1.400000000000000000e+01 6.000000000000000000e+00 -4.981080975810218105e-06
1.400000000000000000e+01 7.000000000000000000e+00 -2.370124316517618112e-06
1.400000000000000000e+01 8.000000000000000000e+00 -6.425696580924903262e-07
1.400000000000000000e+01 9.000000000000000000e+00 4.613007137481179488e-07
1.400000000000000000e+01 1.000000000000000000e+01 -2.298144062255482529e-06
1.400000000000000000e+01 1.100000000000000000e+01 -5.678517096308701902e-07
1.500000000000000000e+01 0.000000000000000000e+00 1.230730550798124072e-05
1.500000000000000000e+01 1.000000000000000000e+00 -7.430208049161888646e-06
1.500000000000000000e+01 2.000000000000000000e+00 -1.719686796673242314e-06
1.500000000000000000e+01 3.000000000000000000e+00 7.077284795236507684e-06
1.500000000000000000e+01 4.000000000000000000e+00 2.715117493234603868e-06
1.500000000000000000e+01 5.000000000000000000e+00 -2.712644673738456274e-06
1.500000000000000000e+01 6.000000000000000000e+00 5.081170003501351471e-06
1.500000000000000000e+01 7.000000000000000000e+00 1.136390517531259749e-06
1.500000000000000000e+01 8.000000000000000000e+00 2.258052639657105996e-06
1.500000000000000000e+01 9.000000000000000000e+00 -8.597476289619044627e-07
1.500000000000000000e+01 1.000000000000000000e+01 1.314924760360992664e-06
1.600000000000000000e+01 0.000000000000000000e+00 1.581791422919109110e-05
1.600000000000000000e+01 1.000000000000000000e+00 -1.691952141116868176e-05
1.600000000000000000e+01 2.000000000000000000e+00 -1.476211913768196692e-06
1.600000000000000000e+01 3.000000000000000000e+00 1.630783420933828533e-06
1.600000000000000000e+01 4.000000000000000000e+00 -2.065068035177827918e-06
1.600000000000000000e+01 5.000000000000000000e+00 -2.062232716850924868e-07
1.600000000000000000e+01 6.000000000000000000e+00 1.510469132738886983e-06
1.600000000000000000e+01 7.000000000000000000e+00 9.332221312184424276e-07
1.600000000000000000e+01 8.000000000000000000e+00 -5.689113407143900433e-07
1.600000000000000000e+01 9.000000000000000000e+00 -1.117345119667799676e-06
1.700000000000000000e+01 0.000000000000000000e+00 -8.093971621630059740e-06
1.700000000000000000e+01 1.000000000000000000e+00 9.200970494678410274e-06
1.700000000000000000e+01 2.000000000000000000e+00 -8.377104748092060711e-07
1.700000000000000000e+01 3.000000000000000000e+00 -5.836084494390345593e-06
1.700000000000000000e+01 4.000000000000000000e+00 1.056742382379677208e-06
1.700000000000000000e+01 5.000000000000000000e+00 7.441580168182808016e-07
1.700000000000000000e+01 6.000000000000000000e+00 2.041378140365733536e-06
1.700000000000000000e+01 7.000000000000000000e+00 -3.334814026797278743e-06
1.700000000000000000e+01 8.000000000000000000e+00 1.699271440924657513e-06
1.800000000000000000e+01 0.000000000000000000e+00 -5.883903931488532683e-06
1.800000000000000000e+01 1.000000000000000000e+00 8.559332709920234708e-06
1.800000000000000000e+01 2.000000000000000000e+00 7.162933568503150558e-07
1.800000000000000000e+01 3.000000000000000000e+00 -5.287264903238247951e-06
1.800000000000000000e+01 4.000000000000000000e+00 1.193793749312966808e-06
1.800000000000000000e+01 5.000000000000000000e+00 3.048017467744282579e-07
1.800000000000000000e+01 6.000000000000000000e+00 -2.336962672053832267e-06
1.800000000000000000e+01 7.000000000000000000e+00 -1.367418996240332585e-06
1.900000000000000000e+01 0.000000000000000000e+00 3.155112429353192580e-06
1.900000000000000000e+01 1.000000000000000000e+00 -2.724741466297531549e-06
1.900000000000000000e+01 2.000000000000000000e+00 -4.443181621524894893e-07
1.900000000000000000e+01 3.000000000000000000e+00 3.787502075945369406e-06
1.900000000000000000e+01 4.000000000000000000e+00 1.834238589594585215e-06
1.900000000000000000e+01 5.000000000000000000e+00 -2.596824284245471271e-06
1.900000000000000000e+01 6.000000000000000000e+00 1.125055812600396692e-06
2.000000000000000000e+01 0.000000000000000000e+00 5.713840399377199807e-06
2.000000000000000000e+01 1.000000000000000000e+00 -7.836572426433560795e-06
2.000000000000000000e+01 2.000000000000000000e+00 2.028563918452787946e-06
2.000000000000000000e+01 3.000000000000000000e+00 3.995111375422696919e-06
2.000000000000000000e+01 4.000000000000000000e+00 -1.135242204603460094e-06
2.000000000000000000e+01 5.000000000000000000e+00 -2.229067961137794582e-06
2.100000000000000000e+01 0.000000000000000000e+00 -6.154622489238733761e-06
2.100000000000000000e+01 1.000000000000000000e+00 8.919337907314641464e-07
2.100000000000000000e+01 2.000000000000000000e+00 -8.440405057226534232e-07
2.100000000000000000e+01 3.000000000000000000e+00 -6.327459822140334862e-06
2.100000000000000000e+01 4.000000000000000000e+00 1.938771886768423050e-06
2.200000000000000000e+01 0.000000000000000000e+00 7.431206025998582642e-07
2.200000000000000000e+01 1.000000000000000000e+00 5.000044435067544868e-06
2.200000000000000000e+01 2.000000000000000000e+00 -2.166419024312926634e-07
2.200000000000000000e+01 3.000000000000000000e+00 -2.587246301673944423e-06
2.300000000000000000e+01 0.000000000000000000e+00 1.664819233091011703e-06
2.300000000000000000e+01 1.000000000000000000e+00 -1.173181835027572736e-06
2.300000000000000000e+01 2.000000000000000000e+00 -6.535574675838899401e-07
2.400000000000000000e+01 0.000000000000000000e+00 4.094714028556512939e-06
2.400000000000000000e+01 1.000000000000000000e+00 -6.525098079908637994e-07
0.000000000000000000e+00 0.000000000000000000e+00 0.000000000000000000e+00
0.000000000000000000e+00 0.000000000000000000e+00 0.000000000000000000e+00
