   0.0000000e+00   0.0000000e+00   1.3999083e+02
   0.0000000e+00   1.0000000e+00   8.8831203e+00
   0.0000000e+00   2.0000000e+00  -3.2815532e-01
   0.0000000e+00   3.0000000e+00   5.1716098e+01
   0.0000000e+00   4.0000000e+00  -3.4350791e+01
   0.0000000e+00   5.0000000e+00  -1.5992196e+01
   0.0000000e+00   6.0000000e+00  -2.0748742e+01
   0.0000000e+00   7.0000000e+00   8.3632195e+00
   0.0000000e+00   8.0000000e+00  -1.2728159e+01
   0.0000000e+00   9.0000000e+00  -4.8832842e+00
   0.0000000e+00   1.0000000e+01  -3.7295310e-01
   0.0000000e+00   1.1000000e+01  -2.1538425e+01
   0.0000000e+00   1.2000000e+01   6.3194699e-02
   0.0000000e+00   1.3000000e+01  -1.6306131e+01
   0.0000000e+00   1.4000000e+01   1.4526668e+00
   0.0000000e+00   1.5000000e+01  -1.0758017e+01
   1.0000000e+00   0.0000000e+00  -1.0896494e+02
   1.0000000e+00   1.0000000e+00   2.1068970e+01
   1.0000000e+00   2.0000000e+00  -4.6707661e+01
   1.0000000e+00   3.0000000e+00  -3.1092875e+01
   1.0000000e+00   4.0000000e+00   7.9206238e+00
   1.0000000e+00   5.0000000e+00   3.0753232e-01
   1.0000000e+00   6.0000000e+00   2.6270808e+00
   1.0000000e+00   7.0000000e+00   4.4362436e+00
   1.0000000e+00   8.0000000e+00   4.5294391e+00
   1.0000000e+00   9.0000000e+00  -1.4713840e+01
   1.0000000e+00   1.0000000e+01   1.0549577e+01
   1.0000000e+00   1.1000000e+01  -4.6185677e+00
   1.0000000e+00   1.2000000e+01   6.1477129e+00
   1.0000000e+00   1.3000000e+01  -5.6213610e-01
   1.0000000e+00   1.4000000e+01  -2.5708652e+00
   2.0000000e+00   0.0000000e+00  -7.6162757e+01
   2.0000000e+00   1.0000000e+00  -2.4062202e+01
   2.0000000e+00   2.0000000e+00  -1.6815607e+01
   2.0000000e+00   3.0000000e+00  -3.5307606e+01
   2.0000000e+00   4.0000000e+00  -4.9043967e+00
   2.0000000e+00   5.0000000e+00   1.9606861e+00
   2.0000000e+00   6.0000000e+00  -6.0891380e+00
   2.0000000e+00   7.0000000e+00  -1.5577385e+00
   2.0000000e+00   8.0000000e+00   7.3991556e+00
   2.0000000e+00   9.0000000e+00  -1.9583123e+01
   2.0000000e+00   1.0000000e+01   2.8955451e+00
   2.0000000e+00   1.1000000e+01  -1.5080011e+01
   2.0000000e+00   1.2000000e+01   1.3870986e+01
   2.0000000e+00   1.3000000e+01  -1.5188320e-01
   3.0000000e+00   0.0000000e+00  -4.1503795e+01
   3.0000000e+00   1.0000000e+00  -1.3599848e+01
   3.0000000e+00   2.0000000e+00   2.2148307e+00
   3.0000000e+00   3.0000000e+00  -1.8434753e+01
   3.0000000e+00   4.0000000e+00   1.1587571e+01
   3.0000000e+00   5.0000000e+00   5.3089452e+00
   3.0000000e+00   6.0000000e+00  -8.7172412e+00
   3.0000000e+00   7.0000000e+00  -1.9987341e+01
   3.0000000e+00   8.0000000e+00   4.3956397e+00
   3.0000000e+00   9.0000000e+00   3.2189567e+00
   3.0000000e+00   1.0000000e+01   2.3746433e+00
   3.0000000e+00   1.1000000e+01  -3.3945412e+00
   3.0000000e+00   1.2000000e+01  -1.0095170e+01
   4.0000000e+00   0.0000000e+00   2.1029739e+01
   4.0000000e+00   1.0000000e+00  -1.1805645e+01
   4.0000000e+00   2.0000000e+00  -1.1783451e+01
   4.0000000e+00   3.0000000e+00   2.5338387e+00
   4.0000000e+00   4.0000000e+00  -1.1050846e+01
   4.0000000e+00   5.0000000e+00  -2.4567824e+01
   4.0000000e+00   6.0000000e+00   4.8954002e+00
   4.0000000e+00   7.0000000e+00   8.8954332e+00
   4.0000000e+00   8.0000000e+00   2.7714032e+00
   4.0000000e+00   9.0000000e+00  -2.3978083e+00
   4.0000000e+00   1.0000000e+01   3.9412956e+00
   4.0000000e+00   1.1000000e+01  -3.9573317e-01
   5.0000000e+00   0.0000000e+00   2.2896056e+01
   5.0000000e+00   1.0000000e+00  -1.1050675e+01
   5.0000000e+00   2.0000000e+00   8.2516948e+00
   5.0000000e+00   3.0000000e+00  -1.5171657e+01
   5.0000000e+00   4.0000000e+00  -3.3030154e+00
   5.0000000e+00   5.0000000e+00  -6.1655123e+00
   5.0000000e+00   6.0000000e+00  -8.4737330e-01
   5.0000000e+00   7.0000000e+00   1.4940620e+01
   5.0000000e+00   8.0000000e+00   6.5508659e-01
   5.0000000e+00   9.0000000e+00   1.1457303e+01
   5.0000000e+00   1.0000000e+01  -1.5072373e+00
   6.0000000e+00   0.0000000e+00  -8.9318927e+01
   6.0000000e+00   1.0000000e+00   2.4518141e+00
   6.0000000e+00   2.0000000e+00  -1.1639098e+01
   6.0000000e+00   3.0000000e+00  -1.3541375e+01
   6.0000000e+00   4.0000000e+00   2.6292363e+01
   6.0000000e+00   5.0000000e+00   1.2719607e+01
   6.0000000e+00   6.0000000e+00   9.5988811e+00
   6.0000000e+00   7.0000000e+00   5.2140731e+00
   6.0000000e+00   8.0000000e+00   1.1797303e+01
   6.0000000e+00   9.0000000e+00   6.3291010e+00
   7.0000000e+00   0.0000000e+00   4.6353739e+00
   7.0000000e+00   1.0000000e+00  -1.9316016e+00
   7.0000000e+00   2.0000000e+00   1.2355538e+01
   7.0000000e+00   3.0000000e+00  -5.2682619e+00
   7.0000000e+00   4.0000000e+00   3.8924841e+00
   7.0000000e+00   5.0000000e+00  -8.4265210e+00
   7.0000000e+00   6.0000000e+00   3.0193766e+00
   7.0000000e+00   7.0000000e+00  -2.3166498e+00
   7.0000000e+00   8.0000000e+00  -4.7777044e+00
   8.0000000e+00   0.0000000e+00   8.4515153e+00
   8.0000000e+00   1.0000000e+00   1.3656825e+01
   8.0000000e+00   2.0000000e+00  -6.1231204e+00
   8.0000000e+00   3.0000000e+00   5.4693353e+00
   8.0000000e+00   4.0000000e+00  -4.1169258e+00
   8.0000000e+00   5.0000000e+00   2.2535989e+00
   8.0000000e+00   6.0000000e+00   1.9894006e+00
   8.0000000e+00   7.0000000e+00   1.1864774e+01
   9.0000000e+00   0.0000000e+00   9.8371358e+00
   9.0000000e+00   1.0000000e+00   4.9890136e+00
   9.0000000e+00   2.0000000e+00  -1.4544085e+01
   9.0000000e+00   3.0000000e+00  -5.4822698e+00
   9.0000000e+00   4.0000000e+00   8.0117293e+00
   9.0000000e+00   5.0000000e+00   8.2339231e+00
   9.0000000e+00   6.0000000e+00  -4.2841972e+00
   1.0000000e+01   0.0000000e+00  -1.8762100e+01
   1.0000000e+01   1.0000000e+00   9.2319633e+00
   1.0000000e+01   2.0000000e+00   5.2084216e+00
   1.0000000e+01   3.0000000e+00   7.8921750e-01
   1.0000000e+01   4.0000000e+00  -3.2876984e+00
   1.0000000e+01   5.0000000e+00   6.8494137e+00
   1.1000000e+01   0.0000000e+00  -2.9095397e+01
   1.1000000e+01   1.0000000e+00  -1.4267763e+01
   1.1000000e+01   2.0000000e+00   8.4472262e+00
   1.1000000e+01   3.0000000e+00  -2.3201464e+00
   1.1000000e+01   4.0000000e+00   1.7947927e-01
   1.2000000e+01   0.0000000e+00   1.6636072e+01
   1.2000000e+01   1.0000000e+00   2.5463182e+01
   1.2000000e+01   2.0000000e+00   9.4140203e+00
   1.2000000e+01   3.0000000e+00   5.1474140e+00
   1.3000000e+01   0.0000000e+00   1.8294783e+01
   1.3000000e+01   1.0000000e+00  -1.7161909e+01
   1.3000000e+01   2.0000000e+00   2.2297716e+00
   1.4000000e+01   0.0000000e+00  -7.2610786e+00
   1.4000000e+01   1.0000000e+00   1.3062199e+01
   1.5000000e+01   0.0000000e+00  -1.3909358e+01
