   9.1814620e+00  -1.3967383e+01
  -1.5371917e+01  -1.4919529e+01
  -1.6342304e+01  -1.4536137e+01
  -8.1430920e+00  -2.3713041e+01
   1.7754599e+01   1.8079334e+01
  -2.4289642e+01   1.0427606e+01
   1.5579270e+01  -2.1786409e+01
  -7.1608420e+00  -2.8503519e+01
  -3.0714838e+01   9.5421320e+00
   3.2201962e+01   2.0595072e+01
  -1.1262691e+01   3.7656185e+01
  -3.9705341e+01   2.9112120e+00
   1.4643280e+01   3.7104099e+01
  -3.7891640e+01  -1.3773154e+01
  -3.2650280e+00  -4.0501621e+01
  -3.1714220e+01  -2.9455664e+01
   2.4760733e+01  -3.5753792e+01
   3.4626614e+01  -2.6728466e+01
  -3.5563641e+01  -2.6204462e+01
  -4.0344494e+01   2.0044060e+01
   1.9254696e+01  -4.1647995e+01
  -4.7808540e+00   4.6248520e+01
  -4.6187180e+01  -5.6811230e+00
   3.4795910e+00  -4.7446968e+01
  -4.6826328e+01   1.1451725e+01
   4.5485191e+01   1.7652292e+01
  -2.2532759e+01  -4.3423046e+01
   8.4184280e+00  -5.0289928e+01
   1.7054996e+01   4.9440788e+01
  -2.9132183e+01   4.3759663e+01
  -8.2749370e+00  -5.4820320e+01
   2.9123910e+00  -5.6184132e+01
  -2.2650345e+01   5.2351997e+01
  -1.8636944e+01  -5.5421150e+01
  -4.6034733e+01  -3.7486195e+01
  -3.8989777e+01  -4.5278191e+01
   4.4512260e+01  -4.0406788e+01
  -7.2346450e+00   5.9868393e+01
   6.1064465e+01  -4.1341170e+00
   3.8531700e+01  -4.7557163e+01
   5.3903622e+01  -3.2637638e+01
   4.9956558e+01   3.8674408e+01
   3.2397877e+01   5.5183434e+01
   2.7769234e+01  -5.7874577e+01
  -5.0968037e+01   4.0567398e+01
  -1.1408120e+01  -6.4214661e+01
  -6.9534880e+00  -6.5209457e+01
  -6.6278473e+01  -1.6662329e+01
   1.2093853e+01  -7.0151520e+01
   7.0245926e+01  -1.8101500e+01
  -5.3421825e+01   5.4187271e+01
  -7.1059326e+01   2.9586193e+01
  -3.4979248e+01  -6.9957291e+01
  -4.6939987e+01   6.2779606e+01
   7.6714226e+01  -1.9811716e+01
  -1.6418030e+01  -7.8533363e+01
  -7.7541168e+01   2.0993858e+01
  -7.9334267e+01  -2.5234129e+01
  -2.6780037e+01  -7.9134186e+01
  -4.7132866e+01  -6.8991226e+01
  -1.1163690e+01  -8.4551064e+01
  -8.6531677e+01   1.4362937e+01
  -2.5797787e+01  -8.3924667e+01
  -8.5816109e+01  -3.3826462e+01
   8.9997452e+01  -2.2754498e+01
  -6.9476677e+01   6.3803726e+01
   9.4468819e+01  -1.7323810e+00
   3.5266674e+01  -8.8058784e+01
   1.3125954e+01  -9.4978676e+01
   2.7673124e+01  -9.1937927e+01
  -3.3913036e+01   9.0008186e+01
   6.4599838e+01   7.5778503e+01
  -8.7477356e+01  -4.8947170e+01
  -4.3122341e+01  -9.3670326e+01
  -7.4553413e+01  -7.1482651e+01
   7.3158318e+01  -7.4285629e+01
  -1.0218516e+01  -1.0571108e+02
  -2.8918287e+01  -1.0263040e+02
  -5.4309669e+01  -9.2306519e+01
   1.0714236e+01  -1.0731536e+02
  -1.0846645e+02   1.8525537e+01
  -9.3959198e+01  -5.7539505e+01
  -3.3940880e+01  -1.0763770e+02
  -4.6286440e+00  -1.1305801e+02
   1.0557673e+02  -4.4540905e+01
   1.0911210e+02   3.5371716e+01
   2.7123581e+01  -1.1177183e+02
  -5.8202679e+01   1.0043579e+02
   5.6901417e+01  -1.0163424e+02
  -1.1660954e+02  -5.1875030e+00
  -8.5024513e+01  -8.2764389e+01
  -9.3766319e+01   7.4231331e+01
  -1.1724651e+02   2.3905071e+01
  -5.0397896e+01  -1.0949285e+02
  -1.9683058e+01  -1.1903499e+02
   8.3043968e+01  -8.7963951e+01
   5.0419579e+01  -1.1022658e+02
   1.2219942e+02  -2.1594240e+00
   9.8415886e+01  -7.3044426e+01
  -8.1342865e+01  -9.3246292e+01
  -1.0019151e+02   7.3345856e+01
  -8.2696503e+01  -9.5195694e+01
  -9.0742386e+01  -8.9448792e+01
  -1.1987457e+02  -4.5689125e+01
   1.1475819e+02  -5.8508289e+01
  -1.2552145e+02  -3.0915253e+01
  -1.8361609e+01  -1.2942412e+02
   1.1524593e+02  -6.7368881e+01
  -1.0563251e+02  -8.2818687e+01
  -1.3275609e+02   2.8953142e+01
  -6.1120247e+01  -1.2322547e+02
  -9.7224228e+01  -9.8041130e+01
  -3.5054974e+01  -1.3395451e+02
  -3.6830605e+01  -1.3365308e+02
   1.3777869e+02  -2.3945833e+01
  -1.2536900e+02  -6.2720322e+01
  -6.5769814e+01  -1.2441238e+02
   1.3061784e+02  -5.2449352e+01
   1.3995401e+02   1.5919909e+01
  -1.4089918e+02   5.2401020e+00
   1.3300053e+02  -4.9289547e+01
  -1.3366454e+02  -5.4628292e+01
  -3.9290450e+00  -1.4441946e+02
   4.2258137e+01  -1.3873833e+02
  -5.2210686e+01  -1.3700597e+02
   1.4764381e+02  -1.2185451e+01
  -1.3524649e+02  -6.0608654e+01
  -1.4416422e+02  -3.5261520e+01
  -1.0611430e+02  -1.0436832e+02
  -1.3185084e+02  -7.1312660e+01
  -1.2448116e+02   8.3773468e+01
   7.9778938e+01  -1.2846558e+02
   3.5776299e+01  -1.4733067e+02
   1.4696014e+02  -3.7913216e+01
   1.4837244e+02  -3.4370018e+01
   1.4437877e+02  -5.2687069e+01
   1.1198090e+02  -1.0787051e+02
   1.5553328e+02  -5.8664990e+00
  -1.5450119e+02  -1.8960655e+01
   9.7245911e+01  -1.2167830e+02
   1.3623569e+02  -7.6400108e+01
  -5.8692520e+01  -1.4559830e+02
  -5.1397278e+01  -1.4849065e+02
  -1.1866192e+01  -1.5705002e+02
   1.2973550e+02  -8.9791168e+01
   2.4503540e+01  -1.5681767e+02
  -1.1259615e+02  -1.1296066e+02
   6.1682270e+01  -1.4788277e+02
  -8.5961533e+01  -1.3569731e+02
  -8.2112114e+01  -1.3894850e+02
  -1.2058815e+02  -1.0896884e+02
   1.6301572e+02   2.7340790e+00
   1.5459729e+02   5.3024010e+01
  -2.1683641e+01  -1.6249880e+02
   1.1767058e+02  -1.1469242e+02
   1.6471474e+02  -1.9833881e+01
   1.2159241e+02  -1.1350421e+02
   1.8021702e+01  -1.6541000e+02
  -1.3692956e+02  -9.5129913e+01
  -1.5953612e+02  -5.0181049e+01
   1.0383781e+02  -1.3158354e+02
   1.8848644e+01  -1.6659215e+02
  -4.2215816e+01  -1.6245804e+02
  -1.4240733e+02  -8.9112175e+01
   7.1635849e+01  -1.5217862e+02
  -1.2682806e+02  -1.1089858e+02
  -1.5158879e+02  -7.5144791e+01
  -7.2930656e+01  -1.5291591e+02
  -1.2245661e+02  -1.1890446e+02
   1.7017656e+02   3.1237598e+01
  -9.8397865e+01  -1.4268707e+02
  -1.1327515e+02  -1.3287184e+02
   1.4987254e+02  -9.4097351e+01
  -7.6984220e+00  -1.7741273e+02
   8.2602631e+01  -1.5878239e+02
  -1.7879083e+02  -8.5330520e+00
   1.7935803e+02   1.7270214e+01
  -1.2893845e+02  -1.2749678e+02
  -1.5111769e+02  -1.0047098e+02
  -1.0133345e+02  -1.5061684e+02
  -9.7695877e+01  -1.5465825e+02
   1.2796075e+02  -1.3122043e+02
  -5.7351383e+01  -1.7470230e+02
   1.6762714e+02  -7.6018013e+01
  -1.6669698e+02  -7.8684570e+01
  -1.7155618e+02  -6.8401443e+01
  -1.1975699e+02  -1.4146419e+02
  -2.6636545e+01  -1.8424443e+02
   1.8227042e+02  -3.8913918e+01
  -1.4180261e+01  -1.8600508e+02
  -1.7587845e+02  -6.4717186e+01
  -1.5230148e+02  -1.1004945e+02
   6.4848030e+01  -1.7686173e+02
  -4.7429829e+01  -1.8325447e+02
  -5.3885605e+01  -1.8309387e+02
   4.7038986e+01  -1.8498686e+02
  -1.0417771e+02  -1.6325058e+02
   3.2646069e+01  -1.9745680e+02
  -1.1767576e+02  -1.6515299e+02
   1.1331747e+02  -1.6832452e+02
   2.9284393e+01  -2.0306619e+02
  -1.0849429e+02  -1.7912036e+02
   9.5562874e+01  -1.8640385e+02
  -1.6864378e+02  -1.2458558e+02
  -1.5946233e+02  -1.3855296e+02
  -1.4388306e+02  -1.6033937e+02
   6.3360909e+01  -2.0699893e+02
  -9.2915024e+01  -2.0090677e+02
  -2.9175700e+00  -2.2366127e+02
