   0.0000000e+00   1.0000000e+00   1.2725156e+02
   0.0000000e+00   0.0000000e+00   9.6587761e+01
   0.0000000e+00   2.0000000e+00   6.1073363e+01
   2.0000000e+00   0.0000000e+00  -5.5165553e+01
   1.0000000e+00   0.0000000e+00  -4.7616087e+01
   2.0000000e+00   5.0000000e+00  -3.8330246e+01
   0.0000000e+00   7.0000000e+00  -3.7119910e+01
   2.0000000e+00   2.0000000e+00   3.2006010e+01
   4.0000000e+00   2.0000000e+00  -3.0261075e+01
   0.0000000e+00   8.0000000e+00  -2.8705029e+01
   2.0000000e+00   4.0000000e+00  -2.6381740e+01
   1.0000000e+00   2.0000000e+00   2.5791825e+01
   1.0000000e+00   7.0000000e+00   2.5692140e+01
   1.0000000e+00   6.0000000e+00   2.5158710e+01
   4.0000000e+00   3.0000000e+00  -2.3946787e+01
   0.0000000e+00   5.0000000e+00   2.2249792e+01
   6.0000000e+00   2.0000000e+00   2.0232422e+01
   0.0000000e+00   1.3000000e+01   1.9628399e+01
   2.0000000e+00   3.0000000e+00   1.9011818e+01
   4.0000000e+00   5.0000000e+00   1.8295821e+01
   6.0000000e+00   3.0000000e+00   1.7919359e+01
   7.0000000e+00   0.0000000e+00   1.7098032e+01
   2.0000000e+00   1.0000000e+00  -1.6175812e+01
   5.0000000e+00   4.0000000e+00  -1.6106891e+01
   6.0000000e+00   1.0000000e+00   1.6052563e+01
   5.0000000e+00   2.0000000e+00   1.5881311e+01
   2.0000000e+00   6.0000000e+00  -1.4795864e+01
   4.0000000e+00   1.0000000e+00  -1.4771112e+01
   1.0000000e+00   3.0000000e+00   1.4768920e+01
   3.0000000e+00   2.0000000e+00  -1.4685061e+01
   1.0000000e+00   9.0000000e+00  -1.4367503e+01
   9.0000000e+00   0.0000000e+00  -1.4153912e+01
   1.0000000e+00   1.0000000e+00  -1.4118675e+01
   1.0000000e+00   4.0000000e+00  -1.4107051e+01
   3.0000000e+00   7.0000000e+00  -1.3000580e+01
   0.0000000e+00   1.1000000e+01  -1.2889507e+01
   3.0000000e+00   4.0000000e+00   1.2888684e+01
   7.0000000e+00   2.0000000e+00  -1.2690578e+01
   5.0000000e+00   0.0000000e+00  -1.2648553e+01
   4.0000000e+00   6.0000000e+00   1.2575896e+01
   6.0000000e+00   0.0000000e+00   1.2489312e+01
   0.0000000e+00   1.4000000e+01   1.1688396e+01
   9.0000000e+00   6.0000000e+00   1.1350942e+01
   0.0000000e+00   3.0000000e+00  -1.1286461e+01
   7.0000000e+00   6.0000000e+00  -1.0530993e+01
   7.0000000e+00   4.0000000e+00   1.0481315e+01
   1.1000000e+01   5.0000000e+00  -1.0471061e+01
   7.0000000e+00   8.0000000e+00   1.0138398e+01
   8.0000000e+00   2.0000000e+00  -9.9876346e+00
   1.1000000e+01   6.0000000e+00  -9.8003792e+00
   0.0000000e+00   2.1000000e+01   9.5981482e+00
   1.1000000e+01   0.0000000e+00   9.3305539e+00
   1.3000000e+01   5.0000000e+00   9.1843990e+00
   1.4000000e+01   2.0000000e+00  -9.1738480e+00
   6.0000000e+00   1.1000000e+01   9.1608161e+00
   1.6000000e+01   2.0000000e+00   9.1273110e+00
   5.0000000e+00   1.1000000e+01   9.1016322e+00
   3.0000000e+00   6.0000000e+00  -9.0858256e+00
   3.0000000e+00   5.0000000e+00   8.8930550e+00
   6.0000000e+00   5.0000000e+00  -8.8733937e+00
   1.0000000e+00   1.1000000e+01   8.7416283e+00
   0.0000000e+00   1.5000000e+01  -8.7386832e+00
   1.4000000e+01   3.0000000e+00  -8.7237613e+00
   8.0000000e+00   1.1000000e+01  -8.6699186e+00
   1.0000000e+00   1.3000000e+01  -8.6027092e+00
   8.0000000e+00   9.0000000e+00   8.5114587e+00
   0.0000000e+00   1.6000000e+01  -8.4686717e+00
   8.0000000e+00   1.0000000e+00  -8.4505520e+00
   3.0000000e+00   1.1000000e+01  -8.0659508e+00
   7.0000000e+00   1.0000000e+01  -8.0631069e+00
   5.0000000e+00   6.0000000e+00   8.0008631e+00
   9.0000000e+00   8.0000000e+00  -8.0001360e+00
   0.0000000e+00   2.3000000e+01  -7.7417027e+00
   5.0000000e+00   8.0000000e+00  -7.6883135e+00
   9.0000000e+00   5.0000000e+00   7.6787227e+00
   1.6000000e+01   3.0000000e+00   7.5743927e+00
   8.0000000e+00   3.0000000e+00  -7.4492699e+00
   6.0000000e+00   9.0000000e+00  -7.4126859e+00
   7.0000000e+00   1.1000000e+01  -7.3604051e+00
   1.2000000e+01   4.0000000e+00   7.2859600e+00
   8.0000000e+00   0.0000000e+00  -7.2479791e+00
   5.0000000e+00   1.0000000e+01   7.2029716e+00
   3.0000000e+00   1.3000000e+01   7.1941618e+00
   1.2000000e+01   3.0000000e+00   7.1694430e+00
   0.0000000e+00   4.0000000e+00  -7.0763029e+00
   5.0000000e+00   5.0000000e+00  -7.0168266e+00
   1.3000000e+01   6.0000000e+00   7.0158365e+00
   1.0000000e+01   9.0000000e+00  -6.9128282e+00
   1.8000000e+01   2.0000000e+00  -6.8997563e+00
   3.0000000e+00   0.0000000e+00   6.7149708e+00
   4.0000000e+00   1.1000000e+01  -6.5714172e+00
   6.0000000e+00   6.0000000e+00  -6.5700462e+00
   1.3000000e+01   4.0000000e+00   6.4230624e+00
   1.3000000e+01   0.0000000e+00  -6.3558211e+00
   3.0000000e+00   9.0000000e+00   6.3522259e+00
   1.4000000e+01   4.0000000e+00  -6.2140352e+00
   5.0000000e+00   1.3000000e+01  -6.2011047e+00
   9.0000000e+00   2.0000000e+00   6.1960448e+00
   8.0000000e+00   5.0000000e+00   6.1324349e+00
   8.0000000e+00   1.2000000e+01  -6.1201657e+00
   9.0000000e+00   1.0000000e+01   6.1012303e+00
   1.2000000e+01   2.0000000e+00   5.9421584e+00
   1.0000000e+01   4.0000000e+00  -5.9366288e+00
   1.3000000e+01   1.0000000e+00  -5.8411050e+00
   1.5000000e+01   5.0000000e+00  -5.8214475e+00
   5.0000000e+00   1.0000000e+00   5.8101535e+00
   1.0000000e+01   1.1000000e+01   5.7208446e+00
   1.5000000e+01   1.0000000e+00   5.6388253e+00
   0.0000000e+00   1.9000000e+01  -5.5755521e+00
   6.0000000e+00   1.2000000e+01   5.5696222e+00
   1.5000000e+01   0.0000000e+00   5.5107860e+00
   1.7000000e+01   0.0000000e+00  -5.4678292e+00
   1.4000000e+01   1.0000000e+00  -5.3455866e+00
   1.0000000e+00   1.6000000e+01   5.3339198e+00
   1.6000000e+01   1.0000000e+00   5.3026209e+00
   1.0000000e+00   5.0000000e+00  -5.2127914e+00
   3.0000000e+00   1.0000000e+00  -5.1904667e+00
   7.0000000e+00   1.3000000e+01   5.1899819e+00
   1.8000000e+01   3.0000000e+00  -5.1400010e+00
   5.0000000e+00   9.0000000e+00  -5.1230825e+00
   1.0000000e+00   1.5000000e+01   5.0915618e+00
   1.0000000e+01   5.0000000e+00  -5.0209317e+00
   1.9000000e+01   0.0000000e+00   4.9988007e+00
   2.0000000e+00   1.1000000e+01   4.9117047e+00
   1.1000000e+01   1.0000000e+00   4.8520251e+00
   1.1000000e+01   4.0000000e+00  -4.8058991e+00
   1.1000000e+01   8.0000000e+00   4.7478193e+00
   2.0000000e+00   1.3000000e+01  -4.7382244e+00
   8.0000000e+00   1.4000000e+01   4.6975011e+00
   1.5000000e+01   4.0000000e+00  -4.6797793e+00
   1.0000000e+01   1.2000000e+01   4.6272109e+00
   6.0000000e+00   1.4000000e+01  -4.5907063e+00
   1.7000000e+01   1.0000000e+00  -4.5884148e+00
   2.0000000e+00   1.0000000e+01   4.4847783e+00
   8.0000000e+00   8.0000000e+00   4.3890240e+00
   9.0000000e+00   1.1000000e+01   4.3458878e+00
   1.2000000e+01   7.0000000e+00  -4.3087329e+00
   1.6000000e+01   4.0000000e+00   4.3037482e+00
   1.8000000e+01   1.0000000e+00  -4.2756935e+00
   1.5000000e+01   6.0000000e+00  -4.2412006e+00
   5.0000000e+00   7.0000000e+00   4.2394706e+00
   1.2000000e+01   9.0000000e+00   4.1521903e+00
   7.0000000e+00   9.0000000e+00   3.9846594e+00
   9.0000000e+00   1.3000000e+01  -3.9177691e+00
   1.4000000e+01   7.0000000e+00   3.9156170e+00
   1.2000000e+01   5.0000000e+00   3.9080594e+00
   4.0000000e+00   1.3000000e+01   3.8689616e+00
   2.0000000e+01   2.0000000e+00   3.8615477e+00
   4.0000000e+00   9.0000000e+00   3.8475322e+00
   6.0000000e+00   8.0000000e+00  -3.8235709e+00
   2.0000000e+00   1.5000000e+01   3.7872312e+00
   2.1000000e+01   0.0000000e+00  -3.6722881e+00
   3.0000000e+00   3.0000000e+00  -3.6276675e+00
   1.0000000e+00   1.4000000e+01  -3.6178076e+00
   1.0000000e+01   7.0000000e+00   3.5818748e+00
   6.0000000e+00   1.3000000e+01  -3.5816745e+00
   1.2000000e+01   1.0000000e+00   3.5332493e+00
   3.0000000e+00   1.4000000e+01   3.5141042e+00
   6.0000000e+00   4.0000000e+00   3.5039370e+00
   1.1000000e+01   1.0000000e+01  -3.3992521e+00
   1.0000000e+01   1.4000000e+01  -3.2170629e+00
   0.0000000e+00   2.5000000e+01   3.1778983e+00
   1.9000000e+01   1.0000000e+00   3.0806403e+00
   5.0000000e+00   1.4000000e+01  -2.9489216e+00
   0.0000000e+00   2.0000000e+01   2.9464839e+00
   1.0000000e+00   1.8000000e+01  -2.9068232e+00
   2.0000000e+01   1.0000000e+00   2.8873574e+00
   1.4000000e+01   5.0000000e+00  -2.8401411e+00
   1.6000000e+01   7.0000000e+00  -2.7760109e+00
   3.0000000e+00   1.5000000e+01  -2.6579382e+00
   6.0000000e+00   1.9000000e+01   2.6466082e+00
   1.0000000e+01   8.0000000e+00  -2.6428493e+00
   9.0000000e+00   1.2000000e+01  -2.6121433e+00
   1.2000000e+01   1.2000000e+01  -2.5921498e+00
   8.0000000e+00   1.3000000e+01   2.5817750e+00
   1.8000000e+01   4.0000000e+00  -2.5772921e+00
   2.0000000e+01   3.0000000e+00   2.5697296e+00
   0.0000000e+00   9.0000000e+00   2.5520901e+00
   1.6000000e+01   8.0000000e+00  -2.5517017e+00
   1.1000000e+01   1.3000000e+01   2.5099057e+00
   0.0000000e+00   2.4000000e+01  -2.5016117e+00
   3.0000000e+00   1.0000000e+01  -2.4988303e+00
   2.0000000e+00   1.8000000e+01  -2.4866119e+00
   9.0000000e+00   9.0000000e+00  -2.4735398e+00
   1.7000000e+01   5.0000000e+00   2.4214991e+00
   9.0000000e+00   1.0000000e+00  -2.3991143e+00
   1.3000000e+01   8.0000000e+00  -2.3926739e+00
   3.0000000e+00   2.1000000e+01   2.3382626e+00
   1.5000000e+01   2.0000000e+00   2.3231568e+00
   1.2000000e+01   1.1000000e+01  -2.3229707e+00
   1.1000000e+01   1.2000000e+01   2.2579956e+00
   1.0000000e+00   1.9000000e+01  -2.2444267e+00
   1.4000000e+01   1.0000000e+01  -2.2332318e+00
   0.0000000e+00   1.0000000e+01   2.2185167e+00
   1.7000000e+01   6.0000000e+00   2.1963607e+00
   4.0000000e+00   1.4000000e+01   2.1382631e+00
   1.3000000e+01   2.0000000e+00  -2.1329515e+00
   2.0000000e+00   1.2000000e+01  -2.1326114e+00
   3.0000000e+00   1.6000000e+01  -2.1216715e+00
   1.2000000e+01   6.0000000e+00  -2.1170778e+00
   1.2000000e+01   1.0000000e+01   2.1050731e+00
   4.0000000e+00   1.2000000e+01  -2.0951235e+00
   1.6000000e+01   5.0000000e+00   2.0783345e+00
   1.3000000e+01   3.0000000e+00   2.0537539e+00
   4.0000000e+00   1.5000000e+01  -2.0349340e+00
   4.0000000e+00   7.0000000e+00   1.9686681e+00
   0.0000000e+00   1.7000000e+01   1.9578144e+00
   1.4000000e+01   8.0000000e+00   1.9490733e+00
   1.0000000e+00   8.0000000e+00  -1.9330499e+00
   1.1000000e+01   1.1000000e+01  -1.8966728e+00
   7.0000000e+00   1.2000000e+01   1.8937398e+00
   1.0000000e+00   2.2000000e+01   1.8857782e+00
   4.0000000e+00   1.7000000e+01   1.8755056e+00
   2.0000000e+00   2.1000000e+01   1.8562599e+00
   4.0000000e+00   8.0000000e+00   1.8462034e+00
   2.0000000e+00   1.6000000e+01   1.8259214e+00
   2.0000000e+00   9.0000000e+00  -1.8240176e+00
   1.7000000e+01   4.0000000e+00   1.8105779e+00
   1.1000000e+01   3.0000000e+00  -1.7939897e+00
   2.3000000e+01   0.0000000e+00   1.7725738e+00
   8.0000000e+00   7.0000000e+00  -1.7648577e+00
   1.0000000e+01   3.0000000e+00  -1.7560800e+00
   4.0000000e+00   1.9000000e+01  -1.7409994e+00
   5.0000000e+00   1.8000000e+01   1.7171366e+00
   4.0000000e+00   1.0000000e+01  -1.7156261e+00
   4.0000000e+00   4.0000000e+00   1.6925456e+00
   1.4000000e+01   9.0000000e+00  -1.6744538e+00
   2.0000000e+00   7.0000000e+00   1.6518457e+00
   1.5000000e+01   3.0000000e+00  -1.6505508e+00
   7.0000000e+00   1.4000000e+01   1.6436735e+00
   1.0000000e+01   0.0000000e+00   1.6333425e+00
   2.0000000e+00   1.7000000e+01  -1.6332788e+00
   1.8000000e+01   5.0000000e+00  -1.6284443e+00
   5.0000000e+00   2.0000000e+01  -1.5945549e+00
   7.0000000e+00   1.0000000e+00  -1.5417827e+00
   2.2000000e+01   1.0000000e+00  -1.5252442e+00
   2.1000000e+01   1.0000000e+00  -1.5065999e+00
   1.0000000e+01   1.0000000e+01  -1.4856343e+00
   1.0000000e+01   6.0000000e+00   1.4619762e+00
   9.0000000e+00   4.0000000e+00  -1.4574964e+00
   1.4000000e+01   6.0000000e+00   1.4427627e+00
   2.1000000e+01   4.0000000e+00  -1.4392295e+00
   1.8000000e+01   7.0000000e+00   1.4054474e+00
   1.1000000e+01   9.0000000e+00   1.3996483e+00
   8.0000000e+00   6.0000000e+00   1.3806008e+00
   2.0000000e+01   4.0000000e+00   1.3639674e+00
   1.0000000e+01   1.3000000e+01  -1.3396539e+00
   8.0000000e+00   4.0000000e+00   1.3301905e+00
   3.0000000e+00   1.9000000e+01  -1.3218431e+00
   2.0000000e+01   5.0000000e+00   1.3126147e+00
   7.0000000e+00   1.8000000e+01  -1.3115368e+00
   1.5000000e+01   8.0000000e+00   1.2526269e+00
   1.3000000e+01   1.0000000e+01   1.2509700e+00
   1.7000000e+01   2.0000000e+00  -1.2394498e+00
   1.3000000e+01   1.2000000e+01  -1.2347538e+00
   0.0000000e+00   6.0000000e+00   1.2293838e+00
   9.0000000e+00   1.5000000e+01   1.2282253e+00
   3.0000000e+00   2.0000000e+01   1.2171197e+00
   1.0000000e+00   2.4000000e+01  -1.2042861e+00
   1.0000000e+00   2.1000000e+01   1.2036841e+00
   2.0000000e+00   2.0000000e+01   1.1798097e+00
   2.4000000e+01   0.0000000e+00   1.1716405e+00
   4.0000000e+00   2.1000000e+01   1.1700397e+00
   1.3000000e+01   7.0000000e+00   1.1574592e+00
   2.2000000e+01   2.0000000e+00  -1.1323546e+00
   1.1000000e+01   7.0000000e+00  -1.0682152e+00
   7.0000000e+00   7.0000000e+00  -1.0670840e+00
   7.0000000e+00   1.7000000e+01  -1.0606022e+00
   1.5000000e+01   9.0000000e+00   1.0529986e+00
   1.9000000e+01   6.0000000e+00  -1.0455745e+00
   2.2000000e+01   0.0000000e+00  -1.0350943e+00
   1.0000000e+01   1.0000000e+00   1.0320655e+00
   1.3000000e+01   9.0000000e+00  -1.0210766e+00
   0.0000000e+00   1.2000000e+01  -9.9161011e-01
   8.0000000e+00   1.5000000e+01   9.8922082e-01
   2.0000000e+00   2.3000000e+01  -9.8273754e-01
   1.5000000e+01   7.0000000e+00  -9.5457274e-01
   6.0000000e+00   1.8000000e+01   9.5088066e-01
   1.7000000e+01   3.0000000e+00   9.3799700e-01
   1.0000000e+00   1.0000000e+01  -9.2295207e-01
   4.0000000e+00   1.6000000e+01  -9.1578563e-01
   2.0000000e+00   1.9000000e+01  -8.8852058e-01
   1.0000000e+01   1.5000000e+01  -8.7405329e-01
   2.0000000e+00   8.0000000e+00  -8.6757741e-01
   1.7000000e+01   8.0000000e+00  -8.4754564e-01
   6.0000000e+00   1.7000000e+01  -8.4742176e-01
   5.0000000e+00   1.6000000e+01   8.2699941e-01
   5.0000000e+00   1.5000000e+01   8.1672607e-01
   2.3000000e+01   2.0000000e+00  -7.7314564e-01
   5.0000000e+00   1.7000000e+01   7.7124151e-01
   7.0000000e+00   1.5000000e+01  -7.6719104e-01
   1.0000000e+01   2.0000000e+00   7.6636100e-01
   0.0000000e+00   1.8000000e+01  -7.5367962e-01
   9.0000000e+00   3.0000000e+00   7.5102083e-01
   9.0000000e+00   7.0000000e+00   7.4234823e-01
   5.0000000e+00   1.9000000e+01   7.4019996e-01
   9.0000000e+00   1.6000000e+01   6.9196338e-01
   6.0000000e+00   1.6000000e+01   6.9110247e-01
   0.0000000e+00   2.2000000e+01   6.8102453e-01
   1.7000000e+01   7.0000000e+00   6.7457392e-01
   2.1000000e+01   2.0000000e+00   6.6248856e-01
   7.0000000e+00   5.0000000e+00  -6.4897472e-01
   8.0000000e+00   1.0000000e+01   6.4229505e-01
   7.0000000e+00   1.6000000e+01  -6.3776513e-01
   1.0000000e+00   2.3000000e+01   6.3265354e-01
   1.3000000e+01   1.1000000e+01   6.2673925e-01
   3.0000000e+00   1.8000000e+01  -6.2552504e-01
   1.1000000e+01   2.0000000e+00  -5.9982427e-01
   4.0000000e+00   2.0000000e+01  -5.9934429e-01
   2.0000000e+00   2.2000000e+01   5.9316117e-01
   5.0000000e+00   3.0000000e+00  -5.7409622e-01
   7.0000000e+00   3.0000000e+00   5.6944210e-01
   4.0000000e+00   1.8000000e+01   5.5620938e-01
   2.2000000e+01   3.0000000e+00  -5.5591912e-01
   1.8000000e+01   6.0000000e+00  -5.5208679e-01
   8.0000000e+00   1.6000000e+01  -5.4103416e-01
   6.0000000e+00   7.0000000e+00  -5.3969122e-01
   5.0000000e+00   1.2000000e+01  -5.0296534e-01
   1.0000000e+00   2.0000000e+01  -4.8888722e-01
   1.9000000e+01   4.0000000e+00   4.6887284e-01
   9.0000000e+00   1.4000000e+01  -4.5046121e-01
   2.0000000e+01   0.0000000e+00   4.4982705e-01
   2.4000000e+01   1.0000000e+00   4.0884646e-01
   3.0000000e+00   1.7000000e+01   4.0677058e-01
   1.6000000e+01   0.0000000e+00  -4.0118925e-01
   1.6000000e+01   6.0000000e+00  -3.4390861e-01
   1.2000000e+01   1.3000000e+01   3.3181205e-01
   4.0000000e+00   0.0000000e+00  -3.0291646e-01
   1.2000000e+01   0.0000000e+00   2.9739146e-01
   3.0000000e+00   1.2000000e+01  -2.6846618e-01
   1.9000000e+01   3.0000000e+00  -2.5454637e-01
   6.0000000e+00   1.0000000e+01   2.4522801e-01
   3.0000000e+00   2.2000000e+01  -2.3044145e-01
   1.8000000e+01   0.0000000e+00   2.0515132e-01
   2.1000000e+01   3.0000000e+00  -1.9077655e-01
   2.3000000e+01   1.0000000e+00   1.8682312e-01
   1.9000000e+01   5.0000000e+00  -1.7963426e-01
   1.6000000e+01   9.0000000e+00   1.5972587e-01
   1.1000000e+01   1.4000000e+01  -1.4861780e-01
   1.0000000e+00   1.2000000e+01   1.3778248e-01
   2.0000000e+00   1.4000000e+01   1.1175360e-01
   3.0000000e+00   8.0000000e+00   1.1173964e-01
   2.5000000e+01   0.0000000e+00   1.0032274e-01
   1.4000000e+01   1.1000000e+01  -7.4938909e-02
   1.4000000e+01   0.0000000e+00  -4.2152557e-02
   1.9000000e+01   2.0000000e+00   3.9577360e-02
   1.5000000e+01   1.0000000e+01  -3.2614442e-02
   8.0000000e+00   1.7000000e+01   2.8179208e-02
   1.0000000e+00   1.7000000e+01   1.9427957e-02
   1.2000000e+01   8.0000000e+00   6.5025602e-03
   6.0000000e+00   1.5000000e+01   2.9450278e-03
