   1.4376896e-01
   2.2503537e-01
   2.3337784e-01
   2.9477076e-01
   3.0002852e-01
   3.2170889e-01
   3.2869660e-01
   3.8112319e-01
   4.3712429e-01
   5.5591312e-01
   5.7609360e-01
   5.8544496e-01
   5.8685908e-01
   5.9466537e-01
   6.0038175e-01
   6.4682561e-01
   6.5033967e-01
   6.5458452e-01
   6.6180643e-01
   6.7614783e-01
   6.8951214e-01
   6.9910381e-01
   6.9972984e-01
   7.1560794e-01
   7.2501159e-01
   7.3353259e-01
   7.3541782e-01
   7.6411593e-01
   7.8119872e-01
   7.8461518e-01
   8.1870581e-01
   8.2768143e-01
   8.3596082e-01
   8.5033492e-01
   8.5886047e-01
   8.6241443e-01
   8.6571702e-01
   8.6738621e-01
   8.7520576e-01
   8.7523454e-01
   8.8986061e-01
   8.9111098e-01
   8.9719357e-01
   8.9865453e-01
   9.0534105e-01
   9.0587665e-01
   9.0830027e-01
   9.2533212e-01
   9.4011178e-01
   9.4625046e-01
   9.5991491e-01
   9.6280340e-01
   9.6658161e-01
   9.6708043e-01
   9.6942405e-01
   9.7201629e-01
   9.7226907e-01
   9.7872838e-01
   9.7929616e-01
   9.7931809e-01
   9.8241728e-01
   9.8608043e-01
   9.8619477e-01
   9.9114717e-01
   9.9166583e-01
   9.9286889e-01
   9.9298460e-01
   9.9325489e-01
   9.9394795e-01
   9.9403188e-01
   9.9414095e-01
   9.9594832e-01
   9.9623601e-01
   9.9728125e-01
   9.9733263e-01
   9.9761644e-01
   9.9810063e-01
   9.9819332e-01
   9.9829169e-01
   9.9843813e-01
   9.9880156e-01
   9.9882200e-01
   9.9915531e-01
   9.9918563e-01
   9.9932081e-01
   9.9933063e-01
   9.9935694e-01
   9.9943913e-01
   9.9946719e-01
   9.9948394e-01
   9.9959906e-01
   9.9964581e-01
   9.9964891e-01
   9.9968769e-01
   9.9969244e-01
   9.9970544e-01
   9.9971475e-01
   9.9975109e-01
   9.9976238e-01
   9.9979781e-01
   9.9980944e-01
   9.9985425e-01
   9.9987900e-01
   9.9989300e-01
   9.9990075e-01
   9.9990713e-01
   9.9992469e-01
   9.9994981e-01
   9.9995506e-01
   9.9996488e-01
   9.9997269e-01
   9.9997481e-01
   9.9997631e-01
   9.9997694e-01
   9.9998088e-01
   9.9998188e-01
   9.9998331e-01
   9.9998344e-01
   9.9998363e-01
   9.9998400e-01
   9.9998600e-01
   9.9999069e-01
   9.9999081e-01
   9.9999156e-01
   9.9999344e-01
   9.9999494e-01
   9.9999500e-01
   9.9999519e-01
   9.9999544e-01
   9.9999619e-01
   9.9999631e-01
   9.9999694e-01
   9.9999719e-01
   9.9999725e-01
   9.9999750e-01
   9.9999794e-01
   9.9999844e-01
   9.9999856e-01
   9.9999856e-01
   9.9999856e-01
   9.9999869e-01
   9.9999881e-01
   9.9999881e-01
   9.9999894e-01
   9.9999894e-01
   9.9999919e-01
   9.9999931e-01
   9.9999931e-01
   9.9999944e-01
   9.9999944e-01
   9.9999956e-01
   9.9999963e-01
   9.9999963e-01
   9.9999969e-01
   9.9999969e-01
   9.9999975e-01
   9.9999969e-01
   9.9999969e-01
   9.9999969e-01
   9.9999975e-01
   9.9999969e-01
   9.9999969e-01
   9.9999969e-01
   9.9999975e-01
   9.9999969e-01
   9.9999981e-01
   9.9999988e-01
   9.9999981e-01
   9.9999981e-01
   9.9999988e-01
   9.9999981e-01
   9.9999981e-01
   1.0000000e+00
   9.9999994e-01
   9.9999994e-01
   1.0000000e+00
   1.0000000e+00
   9.9999994e-01
   9.9999994e-01
   9.9999994e-01
   9.9999994e-01
   9.9999994e-01
   9.9999994e-01
   1.0000000e+00
   1.0000000e+00
   1.0000000e+00
   9.9999994e-01
   9.9999994e-01
   1.0000000e+00
   9.9999994e-01
   1.0000000e+00
   9.9999994e-01
   9.9999994e-01
   9.9999994e-01
   9.9999994e-01
   9.9999994e-01
   9.9999994e-01
   9.9999994e-01
   9.9999994e-01
   9.9999994e-01
   9.9999994e-01
   9.9999994e-01
   9.9999994e-01
   9.9999994e-01
   9.9999994e-01
   9.9999994e-01
   9.9999994e-01
   9.9999994e-01
   9.9999994e-01
