   0.0000000e+00   0.0000000e+00   1.8402952e-01
   0.0000000e+00   2.0000000e+00   1.2575636e-01
   2.0000000e+00   0.0000000e+00   1.2463787e-01
   0.0000000e+00   1.0000000e+00  -8.8477728e-02
   1.0000000e+00   2.0000000e+00  -6.2053899e-02
   1.0000000e+00   3.0000000e+00   4.2943628e-02
   2.0000000e+00   2.0000000e+00   3.8238750e-02
   0.0000000e+00   5.0000000e+00   3.6982837e-02
   4.0000000e+00   1.0000000e+00   3.6888023e-02
   4.0000000e+00   0.0000000e+00   3.5468614e-02
   3.0000000e+00   3.0000000e+00  -3.3696209e-02
   2.0000000e+00   3.0000000e+00   3.2468153e-02
   1.0000000e+00   0.0000000e+00  -2.0214938e-02
   1.0000000e+00   6.0000000e+00   1.7536169e-02
   3.0000000e+00   1.0000000e+00  -1.5178649e-02
   3.0000000e+00   2.0000000e+00  -1.5136785e-02
   3.0000000e+00   0.0000000e+00   1.4681714e-02
   1.0000000e+00   5.0000000e+00  -1.3898130e-02
   4.0000000e+00   2.0000000e+00  -1.2652572e-02
   2.0000000e+00   4.0000000e+00   1.1299385e-02
   5.0000000e+00   5.0000000e+00   1.0931150e-02
   6.0000000e+00   0.0000000e+00  -1.0690093e-02
   1.0000000e+00   9.0000000e+00   1.0639758e-02
   3.0000000e+00   4.0000000e+00  -1.0629676e-02
   4.0000000e+00   5.0000000e+00  -9.9297097e-03
   0.0000000e+00   8.0000000e+00   9.0605315e-03
   1.0000000e+00   1.0000000e+00   8.8622060e-03
   5.0000000e+00   0.0000000e+00  -8.5393169e-03
   5.0000000e+00   4.0000000e+00   6.7547834e-03
   0.0000000e+00   9.0000000e+00  -6.7457719e-03
   8.0000000e+00   1.0000000e+00  -6.2516606e-03
   6.0000000e+00   3.0000000e+00  -6.0949863e-03
   4.0000000e+00   4.0000000e+00  -5.8832008e-03
   8.0000000e+00   0.0000000e+00  -5.5487807e-03
   2.0000000e+00   1.0000000e+00  -5.5363395e-03
   7.0000000e+00   0.0000000e+00  -5.3641023e-03
   1.0000000e+00   4.0000000e+00  -5.0924798e-03
   7.0000000e+00   3.0000000e+00   5.0858261e-03
   6.0000000e+00   7.0000000e+00   5.0103084e-03
   4.0000000e+00   3.0000000e+00   4.4405316e-03
   1.0000000e+00   1.3000000e+01  -4.2912824e-03
   3.0000000e+00   5.0000000e+00  -4.2726985e-03
   0.0000000e+00   7.0000000e+00   4.1735939e-03
   6.0000000e+00   4.0000000e+00   3.9505829e-03
   8.0000000e+00   5.0000000e+00   3.7956541e-03
   8.0000000e+00   2.0000000e+00   3.7413402e-03
   1.0000000e+00   1.0000000e+01  -3.6816270e-03
   8.0000000e+00   9.0000000e+00  -3.6300522e-03
   1.0000000e+00   1.5000000e+01   3.5868088e-03
   5.0000000e+00   6.0000000e+00   3.5536049e-03
   0.0000000e+00   1.2000000e+01  -3.5252888e-03
   5.0000000e+00   2.0000000e+00   3.4544032e-03
   2.0000000e+00   8.0000000e+00  -3.2673214e-03
   3.0000000e+00   7.0000000e+00   3.2599278e-03
   2.0000000e+00   1.9000000e+01   3.0661537e-03
   5.0000000e+00   9.0000000e+00  -3.0408716e-03
   1.0000000e+01   0.0000000e+00   3.0370119e-03
   7.0000000e+00   7.0000000e+00  -2.9453554e-03
   2.0000000e+00   6.0000000e+00  -2.8845756e-03
   9.0000000e+00   0.0000000e+00   2.8721165e-03
   1.0000000e+01   3.0000000e+00   2.8520535e-03
   0.0000000e+00   1.0000000e+01  -2.8034139e-03
   0.0000000e+00   3.0000000e+00   2.7009781e-03
   1.0000000e+00   7.0000000e+00  -2.6622084e-03
   0.0000000e+00   1.4000000e+01   2.6437268e-03
   8.0000000e+00   1.5000000e+01  -2.5819256e-03
   1.0000000e+01   6.0000000e+00   2.5739417e-03
   2.0000000e+00   2.2000000e+01   2.5566051e-03
   1.0000000e+00   1.2000000e+01   2.5311479e-03
   6.0000000e+00   6.0000000e+00   2.4626104e-03
   2.0000000e+00   1.3000000e+01   2.4174887e-03
   2.0000000e+00   7.0000000e+00  -2.4142250e-03
   4.0000000e+00   6.0000000e+00  -2.3659007e-03
   2.0000000e+00   1.0000000e+01   2.2412200e-03
   8.0000000e+00   1.3000000e+01   2.2391757e-03
   2.0000000e+00   5.0000000e+00   2.2361021e-03
   3.0000000e+00   2.2000000e+01  -2.2163473e-03
   3.0000000e+00   6.0000000e+00  -2.1933073e-03
   1.0000000e+00   1.1000000e+01  -2.1901575e-03
   1.0000000e+00   1.8000000e+01   2.1442221e-03
   0.0000000e+00   4.0000000e+00  -2.1276857e-03
   7.0000000e+00   4.0000000e+00   2.1272918e-03
   1.1000000e+01   5.0000000e+00   2.1220774e-03
   2.0000000e+00   2.3000000e+01  -2.0880949e-03
   1.0000000e+01   1.0000000e+00   2.0758859e-03
   6.0000000e+00   1.8000000e+01   2.0314955e-03
   4.0000000e+00   7.0000000e+00  -1.9735192e-03
   6.0000000e+00   5.0000000e+00   1.8865359e-03
   8.0000000e+00   3.0000000e+00   1.8785089e-03
   1.1000000e+01   8.0000000e+00   1.8567157e-03
   3.0000000e+00   1.3000000e+01   1.8271999e-03
   1.2000000e+01   6.0000000e+00  -1.8221386e-03
   1.2000000e+01   3.0000000e+00  -1.7843383e-03
   9.0000000e+00   1.1000000e+01  -1.7637189e-03
   1.1000000e+01   1.4000000e+01   1.7534341e-03
   1.0000000e+01   9.0000000e+00   1.7278458e-03
   1.0000000e+00   1.9000000e+01  -1.7116635e-03
   7.0000000e+00   1.0000000e+00  -1.7077636e-03
   1.0000000e+00   2.0000000e+01  -1.7074635e-03
   1.4000000e+01   1.0000000e+00  -1.7057569e-03
   1.3000000e+01   0.0000000e+00  -1.6941429e-03
   1.3000000e+01   5.0000000e+00  -1.6882849e-03
   5.0000000e+00   1.0000000e+00   1.6715787e-03
   7.0000000e+00   8.0000000e+00  -1.6589736e-03
   7.0000000e+00   1.7000000e+01   1.6501778e-03
   6.0000000e+00   2.0000000e+00   1.5504773e-03
   8.0000000e+00   1.1000000e+01   1.5484708e-03
   1.0000000e+01   1.5000000e+01   1.5330652e-03
   9.0000000e+00   1.0000000e+00  -1.5309440e-03
   0.0000000e+00   2.5000000e+01  -1.4955777e-03
   7.0000000e+00   5.0000000e+00   1.4717292e-03
   2.0000000e+00   1.6000000e+01   1.4625459e-03
   1.1000000e+01   7.0000000e+00   1.4373034e-03
   1.1000000e+01   1.0000000e+00   1.4334412e-03
   1.1000000e+01   1.2000000e+01  -1.4275424e-03
   0.0000000e+00   1.8000000e+01  -1.4079618e-03
   1.2000000e+01   1.2000000e+01  -1.4027812e-03
   1.4000000e+01   0.0000000e+00  -1.3907214e-03
   1.2000000e+01   1.0000000e+00   1.3905617e-03
   1.1000000e+01   0.0000000e+00   1.3816862e-03
   2.0000000e+00   1.4000000e+01  -1.3743532e-03
   2.0000000e+00   1.7000000e+01  -1.3622886e-03
   2.0000000e+00   2.1000000e+01  -1.3619217e-03
   1.0000000e+00   1.4000000e+01  -1.3487038e-03
   1.6000000e+01   3.0000000e+00   1.3432381e-03
   1.2000000e+01   1.3000000e+01   1.3296344e-03
   1.3000000e+01   7.0000000e+00  -1.3125599e-03
   1.0000000e+01   1.3000000e+01  -1.3055494e-03
   6.0000000e+00   1.0000000e+01  -1.3019359e-03
   3.0000000e+00   1.1000000e+01  -1.2850568e-03
   9.0000000e+00   1.3000000e+01   1.2445169e-03
   4.0000000e+00   9.0000000e+00   1.2289965e-03
   2.0000000e+00   1.5000000e+01  -1.2206302e-03
   5.0000000e+00   1.3000000e+01   1.2202116e-03
   7.0000000e+00   1.1000000e+01   1.2181375e-03
   3.0000000e+00   2.1000000e+01   1.2142022e-03
   1.3000000e+01   1.2000000e+01   1.2027363e-03
   6.0000000e+00   1.2000000e+01   1.1960826e-03
   5.0000000e+00   1.5000000e+01  -1.1941400e-03
   1.0000000e+00   2.3000000e+01   1.1932700e-03
   4.0000000e+00   1.4000000e+01   1.1802595e-03
   1.4000000e+01   7.0000000e+00  -1.1799214e-03
   8.0000000e+00   1.0000000e+01  -1.1772212e-03
   4.0000000e+00   1.3000000e+01  -1.1570914e-03
   1.3000000e+01   9.0000000e+00   1.1441468e-03
   1.2000000e+01   0.0000000e+00   1.1222418e-03
   1.3000000e+01   8.0000000e+00  -1.1174927e-03
   0.0000000e+00   6.0000000e+00   1.1071094e-03
   0.0000000e+00   2.3000000e+01   1.1062200e-03
   1.7000000e+01   4.0000000e+00   1.0974342e-03
   8.0000000e+00   1.2000000e+01   1.0805155e-03
   9.0000000e+00   1.5000000e+01   1.0553405e-03
   9.0000000e+00   7.0000000e+00   1.0404149e-03
   1.0000000e+01   1.1000000e+01  -1.0327193e-03
   1.0000000e+01   1.0000000e+01  -1.0297069e-03
   6.0000000e+00   9.0000000e+00  -1.0243852e-03
   1.3000000e+01   4.0000000e+00  -1.0220473e-03
   1.5000000e+01   1.0000000e+00  -1.0049356e-03
   1.0000000e+01   5.0000000e+00  -9.9883524e-04
   0.0000000e+00   2.0000000e+01   9.8441044e-04
   1.1000000e+01   9.0000000e+00  -9.6882756e-04
   6.0000000e+00   1.0000000e+00   9.6796376e-04
   7.0000000e+00   6.0000000e+00   9.6563310e-04
   5.0000000e+00   8.0000000e+00  -9.5980251e-04
   3.0000000e+00   9.0000000e+00  -9.5781501e-04
   1.2000000e+01   1.0000000e+01   9.5549466e-04
   1.4000000e+01   9.0000000e+00   9.4233360e-04
   3.0000000e+00   8.0000000e+00  -9.2475389e-04
   3.0000000e+00   2.0000000e+01   9.0880366e-04
   7.0000000e+00   1.5000000e+01  -9.0594429e-04
   5.0000000e+00   3.0000000e+00   9.0055382e-04
   1.2000000e+01   7.0000000e+00   8.9891509e-04
   4.0000000e+00   8.0000000e+00   8.9272503e-04
   1.0000000e+00   2.1000000e+01   8.6949741e-04
   2.0000000e+00   9.0000000e+00  -8.6415510e-04
   4.0000000e+00   1.1000000e+01   8.6049701e-04
   3.0000000e+00   1.7000000e+01  -8.5426692e-04
   6.0000000e+00   1.1000000e+01  -8.4767993e-04
   6.0000000e+00   1.4000000e+01  -8.4325093e-04
   7.0000000e+00   9.0000000e+00   8.3803710e-04
   6.0000000e+00   8.0000000e+00   8.3136664e-04
   1.2000000e+01   9.0000000e+00  -8.2361540e-04
   1.8000000e+01   1.0000000e+00   8.1611994e-04
   2.3000000e+01   1.0000000e+00   8.1200336e-04
   1.0000000e+00   8.0000000e+00   8.1023601e-04
   6.0000000e+00   1.5000000e+01   7.9459347e-04
   9.0000000e+00   8.0000000e+00  -7.9101662e-04
   1.4000000e+01   4.0000000e+00  -7.8844199e-04
   0.0000000e+00   1.1000000e+01   7.8171544e-04
   0.0000000e+00   1.3000000e+01   7.8010229e-04
   1.1000000e+01   4.0000000e+00   7.7938050e-04
   2.0000000e+00   1.8000000e+01  -7.7832684e-04
   7.0000000e+00   1.6000000e+01  -7.7374988e-04
   1.0000000e+01   1.2000000e+01   7.6932735e-04
   9.0000000e+00   5.0000000e+00  -7.6402591e-04
   8.0000000e+00   8.0000000e+00  -7.5630960e-04
   1.4000000e+01   3.0000000e+00  -7.5149499e-04
   3.0000000e+00   1.0000000e+01   7.5083755e-04
   2.0000000e+01   1.0000000e+00  -7.4943475e-04
   0.0000000e+00   1.5000000e+01  -7.4828750e-04
   1.7000000e+01   0.0000000e+00   7.3892594e-04
   4.0000000e+00   1.6000000e+01  -7.3473770e-04
   2.1000000e+01   1.0000000e+00  -7.2011036e-04
   1.3000000e+01   6.0000000e+00  -7.1725948e-04
   4.0000000e+00   2.0000000e+01   7.1542192e-04
   1.9000000e+01   2.0000000e+00  -7.1089119e-04
   6.0000000e+00   1.7000000e+01  -7.0858731e-04
   1.7000000e+01   1.0000000e+00   7.0343411e-04
   7.0000000e+00   1.3000000e+01  -6.9521765e-04
   5.0000000e+00   1.0000000e+01  -6.9453617e-04
   8.0000000e+00   7.0000000e+00  -6.9191214e-04
   1.0000000e+00   1.6000000e+01  -6.8537044e-04
   1.1000000e+01   1.0000000e+01  -6.8151179e-04
   0.0000000e+00   2.4000000e+01   6.7811677e-04
   1.0000000e+01   4.0000000e+00   6.7104204e-04
   1.1000000e+01   6.0000000e+00   6.6771187e-04
   4.0000000e+00   2.1000000e+01  -6.5324917e-04
   1.9000000e+01   4.0000000e+00  -6.5108439e-04
   2.0000000e+01   4.0000000e+00  -6.4082222e-04
   2.1000000e+01   2.0000000e+00   6.4021780e-04
   4.0000000e+00   1.0000000e+01  -6.3279243e-04
   1.9000000e+01   0.0000000e+00  -6.3122909e-04
   0.0000000e+00   2.1000000e+01  -6.2488754e-04
   9.0000000e+00   2.0000000e+00  -6.2041994e-04
   1.8000000e+01   0.0000000e+00   6.1968592e-04
   1.2000000e+01   8.0000000e+00   6.0264117e-04
   0.0000000e+00   1.7000000e+01   5.9930745e-04
   6.0000000e+00   1.6000000e+01  -5.9693494e-04
   1.2000000e+01   2.0000000e+00  -5.9243314e-04
   1.5000000e+01   8.0000000e+00   5.8985971e-04
   1.8000000e+01   5.0000000e+00  -5.8755849e-04
   7.0000000e+00   1.0000000e+01   5.8731965e-04
   9.0000000e+00   4.0000000e+00   5.8596534e-04
   1.6000000e+01   9.0000000e+00  -5.8399989e-04
   1.1000000e+01   3.0000000e+00  -5.7960299e-04
   2.0000000e+01   5.0000000e+00   5.7734000e-04
   1.0000000e+01   1.4000000e+01  -5.7599529e-04
   1.6000000e+01   8.0000000e+00  -5.7066766e-04
   1.0000000e+01   7.0000000e+00   5.6073302e-04
   8.0000000e+00   4.0000000e+00  -5.5480039e-04
   1.3000000e+01   1.0000000e+01   5.4810995e-04
   9.0000000e+00   6.0000000e+00   5.4132212e-04
   1.4000000e+01   1.0000000e+01  -5.3960130e-04
   8.0000000e+00   1.7000000e+01   5.3954904e-04
   1.8000000e+01   3.0000000e+00  -5.3772240e-04
   0.0000000e+00   2.2000000e+01  -5.3479676e-04
   5.0000000e+00   1.4000000e+01   5.3064281e-04
   5.0000000e+00   1.8000000e+01  -5.1926004e-04
   9.0000000e+00   1.6000000e+01  -5.1808084e-04
   1.1000000e+01   1.1000000e+01   5.1149633e-04
   7.0000000e+00   1.2000000e+01   5.0859915e-04
   1.5000000e+01   9.0000000e+00  -4.8368714e-04
   7.0000000e+00   1.8000000e+01   4.8340196e-04
   4.0000000e+00   1.5000000e+01   4.7895812e-04
   1.3000000e+01   3.0000000e+00  -4.7231739e-04
   2.0000000e+00   2.0000000e+01  -4.6248965e-04
   1.5000000e+01   4.0000000e+00  -4.4568358e-04
   1.5000000e+01   7.0000000e+00   4.4165681e-04
   1.5000000e+01   3.0000000e+00   4.3127463e-04
   1.6000000e+01   5.0000000e+00   4.3029831e-04
   1.7000000e+01   5.0000000e+00   4.2814309e-04
   8.0000000e+00   6.0000000e+00   4.2050510e-04
   1.7000000e+01   8.0000000e+00  -4.1969196e-04
   2.0000000e+00   1.2000000e+01   4.1146868e-04
   1.0000000e+01   2.0000000e+00  -4.0224942e-04
   3.0000000e+00   1.2000000e+01   4.0002455e-04
   1.3000000e+01   2.0000000e+00  -3.9168706e-04
   2.2000000e+01   3.0000000e+00   3.8908705e-04
   1.1000000e+01   1.3000000e+01  -3.8014305e-04
   4.0000000e+00   1.9000000e+01  -3.7686006e-04
   1.6000000e+01   4.0000000e+00   3.7474652e-04
   4.0000000e+00   1.7000000e+01   3.7263260e-04
   5.0000000e+00   1.9000000e+01   3.6511337e-04
   3.0000000e+00   1.6000000e+01  -3.5116948e-04
   8.0000000e+00   1.6000000e+01   3.4936088e-04
   1.3000000e+01   1.1000000e+01  -3.4773895e-04
   1.8000000e+01   4.0000000e+00   3.4488939e-04
   7.0000000e+00   2.0000000e+00   3.4366337e-04
   1.5000000e+01   2.0000000e+00   3.3209425e-04
   5.0000000e+00   1.2000000e+01  -3.2279182e-04
   1.6000000e+01   6.0000000e+00   3.2260932e-04
   5.0000000e+00   1.7000000e+01   3.2238219e-04
   5.0000000e+00   1.1000000e+01   3.1650033e-04
   5.0000000e+00   7.0000000e+00   3.1208292e-04
   9.0000000e+00   1.0000000e+01  -3.1197768e-04
   1.8000000e+01   6.0000000e+00  -2.9655935e-04
   9.0000000e+00   1.2000000e+01   2.8805065e-04
   0.0000000e+00   1.6000000e+01   2.8750657e-04
   1.5000000e+01   1.0000000e+01  -2.8510194e-04
   1.1000000e+01   2.0000000e+00   2.8310756e-04
   1.6000000e+01   2.0000000e+00   2.8179471e-04
   2.2000000e+01   0.0000000e+00  -2.8070093e-04
   4.0000000e+00   1.2000000e+01  -2.7449912e-04
   2.0000000e+01   2.0000000e+00  -2.7418107e-04
   4.0000000e+00   1.8000000e+01  -2.6614727e-04
   2.4000000e+01   0.0000000e+00   2.6457571e-04
   2.0000000e+00   1.1000000e+01  -2.5971785e-04
   1.6000000e+01   7.0000000e+00   2.5385992e-04
   1.2000000e+01   1.1000000e+01  -2.5034091e-04
   2.3000000e+01   2.0000000e+00  -2.3553109e-04
   1.3000000e+01   1.0000000e+00   2.3107396e-04
   1.7000000e+01   2.0000000e+00   2.2863283e-04
   1.6000000e+01   1.0000000e+00   2.2860709e-04
   1.0000000e+00   2.2000000e+01   2.2394621e-04
   1.4000000e+01   2.0000000e+00  -2.1372923e-04
   2.4000000e+01   1.0000000e+00   2.1226060e-04
   1.7000000e+01   7.0000000e+00   2.1152378e-04
   2.0000000e+01   3.0000000e+00  -2.0958684e-04
   1.0000000e+00   1.7000000e+01   2.0860120e-04
   2.0000000e+01   0.0000000e+00  -2.0007418e-04
   1.2000000e+01   5.0000000e+00  -1.9951352e-04
   5.0000000e+00   1.6000000e+01   1.9737348e-04
   1.5000000e+01   0.0000000e+00   1.9566072e-04
   2.2000000e+01   1.0000000e+00   1.8926440e-04
   3.0000000e+00   1.5000000e+01  -1.8569836e-04
   3.0000000e+00   1.9000000e+01   1.8534151e-04
   2.3000000e+01   0.0000000e+00   1.8059395e-04
   1.0000000e+00   2.4000000e+01  -1.7525328e-04
   2.1000000e+01   4.0000000e+00   1.7299808e-04
   1.2000000e+01   4.0000000e+00   1.7052513e-04
   1.4000000e+01   6.0000000e+00   1.7002749e-04
   1.9000000e+01   5.0000000e+00  -1.6508465e-04
   1.8000000e+01   2.0000000e+00   1.5591381e-04
   1.9000000e+01   3.0000000e+00  -1.4609223e-04
   9.0000000e+00   3.0000000e+00   1.2816155e-04
   2.1000000e+01   3.0000000e+00  -1.2612730e-04
   2.5000000e+01   0.0000000e+00  -1.1934601e-04
   2.1000000e+01   0.0000000e+00   1.1677761e-04
   1.9000000e+01   6.0000000e+00  -1.1032001e-04
   1.4000000e+01   1.1000000e+01   1.0859042e-04
   1.8000000e+01   7.0000000e+00   1.0596364e-04
   1.4000000e+01   5.0000000e+00  -9.3911701e-05
   9.0000000e+00   1.4000000e+01   9.1385886e-05
   3.0000000e+00   1.4000000e+01  -9.0475645e-05
   1.7000000e+01   6.0000000e+00   8.7163415e-05
   1.5000000e+01   6.0000000e+00   8.4582157e-05
   1.9000000e+01   1.0000000e+00   7.7811217e-05
   1.5000000e+01   5.0000000e+00   7.7488414e-05
   7.0000000e+00   1.4000000e+01  -7.3084330e-05
   0.0000000e+00   1.9000000e+01  -7.1582322e-05
   9.0000000e+00   9.0000000e+00  -6.6010411e-05
   2.2000000e+01   2.0000000e+00   5.3713038e-05
   1.7000000e+01   3.0000000e+00   5.2099713e-05
   6.0000000e+00   1.9000000e+01  -3.8118339e-05
   5.0000000e+00   2.0000000e+01   3.6374624e-05
   6.0000000e+00   1.3000000e+01  -2.4533714e-05
   1.0000000e+01   8.0000000e+00   2.1180466e-05
   3.0000000e+00   1.8000000e+01  -1.8712167e-05
   8.0000000e+00   1.4000000e+01  -1.7905354e-05
   1.6000000e+01   0.0000000e+00  -1.7875585e-05
   1.4000000e+01   8.0000000e+00   1.6201471e-05
