   1.0637207e-01   4.5075508e-01   2.2945438e-01  -1.3306550e-02   2.1495791e-03   6.8298977e-02   8.5499336e-02  -2.5450647e-02  -8.4518442e-02  -4.7173212e-02  -2.3543369e-02  -1.7546025e-02  -9.1031648e-02  -7.7167777e-04  -1.6301132e-02   6.9556291e-02
  -6.2371466e-02   3.6304202e-02   1.2187829e-02   7.4252473e-02  -4.9364449e-02   3.5222688e-03  -2.4717297e-03   1.0468372e-01   7.3594430e-02  -2.6664848e-02   2.8090559e-02  -3.6513456e-02   3.8589537e-02  -2.2020735e-02   2.2284552e-02   0.0000000e+00
  -1.4347243e-01   5.3804575e-02   9.9863543e-02   1.7981071e-01   3.1461221e-02  -6.8269409e-02  -8.4115789e-02  -1.0797631e-02  -8.8078538e-03  -3.9117485e-02  -6.2643683e-02   3.8086300e-02   1.7586785e-03   3.9583059e-02   0.0000000e+00   0.0000000e+00
  -3.7312377e-03   2.4206822e-02   2.2290371e-02   6.6476033e-02   4.1100839e-02   4.5243049e-02  -1.9730584e-02  -1.5028313e-02  -7.6071335e-03   2.3822210e-02  -2.4281505e-02  -1.2408379e-02   2.8683796e-02   0.0000000e+00   0.0000000e+00   0.0000000e+00
  -1.0751526e-01   1.4133357e-02  -1.9764130e-02  -9.3336874e-02   2.1975324e-02  -2.5996261e-02  -4.4437171e-02  -4.0807993e-02  -3.0502201e-02   3.7657059e-02   2.2275703e-03  -1.5606750e-02   0.0000000e+00   0.0000000e+00   0.0000000e+00   0.0000000e+00
  -7.6971208e-02  -9.5197590e-03  -2.0818864e-02   3.0461690e-02  -3.6391706e-02   3.9472871e-02   4.4875894e-02   1.2384649e-02  -6.0477575e-03  -1.1109860e-02   3.5003710e-02   0.0000000e+00   0.0000000e+00   0.0000000e+00   0.0000000e+00   0.0000000e+00
  -9.2790589e-02  -5.1180200e-02  -6.9874466e-03  -3.5887221e-02  -8.9358337e-03  -4.6615770e-02   1.3348745e-02   2.7531452e-02  -7.2784705e-03  -6.7652048e-03   0.0000000e+00   0.0000000e+00   0.0000000e+00   0.0000000e+00   0.0000000e+00   0.0000000e+00
  -1.7002124e-02   1.1228006e-02  -2.4486464e-02  -1.5053214e-02  -3.9511516e-02  -3.0679132e-02  -1.9001238e-02  -1.5500002e-02   2.4277149e-02   0.0000000e+00   0.0000000e+00   0.0000000e+00   0.0000000e+00   0.0000000e+00   0.0000000e+00   0.0000000e+00
  -1.8262558e-02   5.0354967e-03   3.3571975e-02   1.0827683e-02   1.9576544e-02  -4.9649187e-02  -2.6194128e-03  -5.1413878e-02   0.0000000e+00   0.0000000e+00   0.0000000e+00   0.0000000e+00   0.0000000e+00   0.0000000e+00   0.0000000e+00   0.0000000e+00
  -3.2395660e-02   1.0444476e-02   8.6463445e-03   1.4808830e-02   2.2871457e-02   2.4445528e-02  -1.4348481e-02   0.0000000e+00   0.0000000e+00   0.0000000e+00   0.0000000e+00   0.0000000e+00   0.0000000e+00   0.0000000e+00   0.0000000e+00   0.0000000e+00
  -1.2866495e-02  -2.1437441e-02  -2.3286792e-03  -1.6010550e-02   8.5952952e-03  -7.9640620e-03   0.0000000e+00   0.0000000e+00   0.0000000e+00   0.0000000e+00   0.0000000e+00   0.0000000e+00   0.0000000e+00   0.0000000e+00   0.0000000e+00   0.0000000e+00
  -2.7319041e-02  -2.5516991e-02  -3.3625538e-02  -1.4924725e-02   2.2849319e-03   0.0000000e+00   0.0000000e+00   0.0000000e+00   0.0000000e+00   0.0000000e+00   0.0000000e+00   0.0000000e+00   0.0000000e+00   0.0000000e+00   0.0000000e+00   0.0000000e+00
   3.1801796e-02  -2.1869454e-02   1.4764735e-03  -1.9497685e-02   0.0000000e+00   0.0000000e+00   0.0000000e+00   0.0000000e+00   0.0000000e+00   0.0000000e+00   0.0000000e+00   0.0000000e+00   0.0000000e+00   0.0000000e+00   0.0000000e+00   0.0000000e+00
  -1.2440962e-02  -2.3976855e-02  -3.2392119e-02   0.0000000e+00   0.0000000e+00   0.0000000e+00   0.0000000e+00   0.0000000e+00   0.0000000e+00   0.0000000e+00   0.0000000e+00   0.0000000e+00   0.0000000e+00   0.0000000e+00   0.0000000e+00   0.0000000e+00
   4.1203181e-02  -1.2581332e-02   0.0000000e+00   0.0000000e+00   0.0000000e+00   0.0000000e+00   0.0000000e+00   0.0000000e+00   0.0000000e+00   0.0000000e+00   0.0000000e+00   0.0000000e+00   0.0000000e+00   0.0000000e+00   0.0000000e+00   0.0000000e+00
  -3.1488314e-03   0.0000000e+00   0.0000000e+00   0.0000000e+00   0.0000000e+00   0.0000000e+00   0.0000000e+00   0.0000000e+00   0.0000000e+00   0.0000000e+00   0.0000000e+00   0.0000000e+00   0.0000000e+00   0.0000000e+00   0.0000000e+00   0.0000000e+00
