   0.0000000e+00   1.0000000e+00   1.5278617e-02
   0.0000000e+00   0.0000000e+00   1.2738776e-02
   0.0000000e+00   2.0000000e+00   1.0681464e-02
   0.0000000e+00   6.0000000e+00   6.4349968e-03
   1.0000000e+00   1.0000000e+00   6.2726821e-03
   1.0000000e+00   0.0000000e+00   5.5621702e-03
   0.0000000e+00   7.0000000e+00   5.3662986e-03
   0.0000000e+00   3.0000000e+00   4.6402847e-03
   2.0000000e+00   4.0000000e+00   4.5472882e-03
   2.0000000e+00   3.0000000e+00   4.3317684e-03
   0.0000000e+00   5.0000000e+00   4.1721582e-03
   0.0000000e+00   1.1000000e+01   4.1577329e-03
   2.0000000e+00   5.0000000e+00   4.1091917e-03
   0.0000000e+00   1.0000000e+01   3.9106023e-03
   2.0000000e+00   2.0000000e+00   3.8835292e-03
   1.0000000e+00   3.0000000e+00  -3.7949704e-03
   2.0000000e+00   1.0000000e+00   3.7946443e-03
   2.0000000e+00   6.0000000e+00   3.3404164e-03
   1.0000000e+00   4.0000000e+00  -3.2619842e-03
   2.0000000e+00   0.0000000e+00   3.1897395e-03
   1.0000000e+00   6.0000000e+00   2.7519330e-03
   0.0000000e+00   8.0000000e+00   2.5446125e-03
   2.0000000e+00   7.0000000e+00   2.4906079e-03
   3.0000000e+00   8.0000000e+00   2.4669507e-03
   0.0000000e+00   4.0000000e+00   2.2581852e-03
   4.0000000e+00   7.0000000e+00   2.1737746e-03
   3.0000000e+00   7.0000000e+00   2.1262792e-03
   0.0000000e+00   9.0000000e+00   2.0960498e-03
   1.0000000e+00   8.0000000e+00  -2.0550526e-03
   0.0000000e+00   1.2000000e+01   2.0547887e-03
   0.0000000e+00   1.5000000e+01   1.9184931e-03
   3.0000000e+00   3.0000000e+00   1.7286853e-03
   2.0000000e+00   8.0000000e+00   1.6353078e-03
   0.0000000e+00   1.4000000e+01   1.6138441e-03
   4.0000000e+00   6.0000000e+00   1.5317073e-03
   1.0000000e+00   1.1000000e+01   1.5214564e-03
   4.0000000e+00   3.0000000e+00   1.4527170e-03
   4.0000000e+00   8.0000000e+00   1.4162173e-03
   3.0000000e+00   2.0000000e+00   1.3756043e-03
   1.0000000e+00   2.0000000e+00   1.3082240e-03
   4.0000000e+00   2.0000000e+00   1.2478113e-03
   4.0000000e+00   1.2000000e+01   1.1840259e-03
   5.0000000e+00   5.0000000e+00   1.1598795e-03
   6.0000000e+00   2.0000000e+00  -1.1406922e-03
   1.0000000e+00   1.0000000e+01   1.1271732e-03
   1.0000000e+00   9.0000000e+00  -1.1261597e-03
   6.0000000e+00   7.0000000e+00  -1.0947608e-03
   3.0000000e+00   5.0000000e+00  -1.0878530e-03
   1.0000000e+00   5.0000000e+00   1.0161988e-03
   1.1000000e+01   4.0000000e+00   1.0021587e-03
   1.1000000e+01   5.0000000e+00   1.0016923e-03
   3.0000000e+00   1.5000000e+01  -9.9032076e-04
   6.0000000e+00   3.0000000e+00  -9.8297560e-04
   6.0000000e+00   6.0000000e+00  -9.8069802e-04
   7.0000000e+00   8.0000000e+00  -9.7338958e-04
   4.0000000e+00   4.0000000e+00   9.5977967e-04
   2.0000000e+00   9.0000000e+00   9.5543131e-04
   9.0000000e+00   5.0000000e+00  -9.5131461e-04
   3.0000000e+00   1.4000000e+01  -8.5956942e-04
   5.0000000e+00   4.0000000e+00   8.5263983e-04
   5.0000000e+00   1.2000000e+01  -8.4615433e-04
   9.0000000e+00   4.0000000e+00  -8.2752061e-04
   6.0000000e+00   1.0000000e+01   8.2605393e-04
   4.0000000e+00   1.3000000e+01   8.2282377e-04
   0.0000000e+00   1.3000000e+01   8.0939399e-04
   7.0000000e+00   9.0000000e+00  -8.0826170e-04
   4.0000000e+00   5.0000000e+00   7.8771628e-04
   3.0000000e+00   9.0000000e+00   7.7937662e-04
   3.0000000e+00   0.0000000e+00  -7.7821303e-04
   3.0000000e+00   1.7000000e+01   7.7349154e-04
   7.0000000e+00   7.0000000e+00  -7.3479110e-04
   0.0000000e+00   1.7000000e+01  -7.2676313e-04
   1.0000000e+00   1.7000000e+01  -7.0327060e-04
   4.0000000e+00   1.0000000e+01  -6.8747411e-04
   6.0000000e+00   9.0000000e+00   6.7681378e-04
   1.3000000e+01   9.0000000e+00  -6.6910669e-04
   6.0000000e+00   0.0000000e+00   6.6391004e-04
   8.0000000e+00   0.0000000e+00  -6.6211720e-04
   0.0000000e+00   2.1000000e+01  -6.5835144e-04
   3.0000000e+00   1.0000000e+01  -6.4472242e-04
   6.0000000e+00   1.6000000e+01  -6.2788368e-04
   9.0000000e+00   1.1000000e+01   6.2718383e-04
   1.0000000e+01   5.0000000e+00   6.2705702e-04
   5.0000000e+00   6.0000000e+00   6.1788787e-04
   1.0000000e+01   6.0000000e+00   6.1578887e-04
   4.0000000e+00   1.6000000e+01   6.1278470e-04
   3.0000000e+00   1.8000000e+01   6.1056905e-04
   6.0000000e+00   1.8000000e+01   6.0879915e-04
   1.1000000e+01   1.1000000e+01  -6.0243064e-04
   8.0000000e+00   1.6000000e+01   5.9151415e-04
   1.1000000e+01   3.0000000e+00   5.7752709e-04
   1.1000000e+01   1.2000000e+01  -5.7143898e-04
   5.0000000e+00   1.1000000e+01  -5.6928988e-04
   1.0000000e+00   1.5000000e+01   5.4887771e-04
   1.1000000e+01   6.0000000e+00   5.2046230e-04
   8.0000000e+00   9.0000000e+00  -5.1388184e-04
   1.3000000e+01   4.0000000e+00  -5.0364933e-04
   1.0000000e+01   7.0000000e+00   5.0057589e-04
   1.3000000e+01   1.2000000e+01   4.9703072e-04
   1.5000000e+01   9.0000000e+00   4.9559071e-04
   1.3000000e+01   8.0000000e+00  -4.9305274e-04
   7.0000000e+00   2.0000000e+00  -4.8603719e-04
   1.7000000e+01   6.0000000e+00   4.8403468e-04
   1.7000000e+01   7.0000000e+00   4.7731613e-04
   1.0000000e+00   2.3000000e+01   4.7649038e-04
   9.0000000e+00   1.2000000e+01   4.7614877e-04
   7.0000000e+00   1.0000000e+00  -4.7468987e-04
   6.0000000e+00   5.0000000e+00  -4.7292369e-04
   7.0000000e+00   1.0000000e+01  -4.6790301e-04
   1.1000000e+01   9.0000000e+00   4.6109736e-04
   2.0000000e+00   1.2000000e+01  -4.5954541e-04
   1.3000000e+01   5.0000000e+00  -4.5327270e-04
   0.0000000e+00   1.6000000e+01   4.5187562e-04
   1.3000000e+01   1.1000000e+01   4.4735846e-04
   6.0000000e+00   4.0000000e+00  -4.4707026e-04
   0.0000000e+00   2.2000000e+01  -4.4158770e-04
   5.0000000e+00   1.7000000e+01  -4.3840837e-04
   8.0000000e+00   5.0000000e+00  -4.3465646e-04
   2.0000000e+00   1.0000000e+01   4.3119097e-04
   1.0000000e+01   4.0000000e+00   4.2143606e-04
   9.0000000e+00   6.0000000e+00  -4.1757465e-04
   3.0000000e+00   1.1000000e+01  -4.1731406e-04
   4.0000000e+00   1.0000000e+00   4.1297005e-04
   8.0000000e+00   2.0000000e+00   4.0555566e-04
   6.0000000e+00   1.9000000e+01   4.0241134e-04
   5.0000000e+00   1.5000000e+01   4.0122627e-04
   1.1000000e+01   8.0000000e+00   3.9849269e-04
   4.0000000e+00   1.7000000e+01   3.9731015e-04
   7.0000000e+00   3.0000000e+00  -3.9574402e-04
   1.1000000e+01   1.0000000e+00   3.9261516e-04
   1.0000000e+00   2.4000000e+01   3.9000933e-04
   1.9000000e+01   6.0000000e+00  -3.8719137e-04
   5.0000000e+00   1.8000000e+01  -3.8576444e-04
   0.0000000e+00   1.9000000e+01   3.8514529e-04
   1.2000000e+01   6.0000000e+00  -3.8315320e-04
   9.0000000e+00   1.0000000e+01   3.8206086e-04
   5.0000000e+00   1.3000000e+01  -3.8147364e-04
   8.0000000e+00   1.5000000e+01   3.7497396e-04
   1.0000000e+00   1.3000000e+01  -3.7361660e-04
   7.0000000e+00   0.0000000e+00  -3.6481362e-04
   8.0000000e+00   8.0000000e+00  -3.6166700e-04
   1.2000000e+01   5.0000000e+00  -3.5128929e-04
   5.0000000e+00   9.0000000e+00   3.4705724e-04
   1.1000000e+01   0.0000000e+00   3.4665444e-04
   6.0000000e+00   1.2000000e+01  -3.4321338e-04
   1.0000000e+01   8.0000000e+00   3.4055523e-04
   1.0000000e+00   1.8000000e+01  -3.3438032e-04
   1.1000000e+01   2.0000000e+00   3.3202149e-04
   1.2000000e+01   7.0000000e+00  -3.2826706e-04
   3.0000000e+00   1.2000000e+01   3.2639795e-04
   6.0000000e+00   8.0000000e+00  -3.2524092e-04
   1.0000000e+01   1.5000000e+01  -3.2221669e-04
   9.0000000e+00   3.0000000e+00  -3.1943014e-04
   1.5000000e+01   6.0000000e+00  -3.1856582e-04
   8.0000000e+00   4.0000000e+00  -3.1648664e-04
   9.0000000e+00   8.0000000e+00   3.0856340e-04
   8.0000000e+00   1.0000000e+01  -3.0725358e-04
   1.0000000e+01   0.0000000e+00   3.0134261e-04
   4.0000000e+00   1.1000000e+01   2.9882841e-04
   1.0000000e+00   7.0000000e+00   2.9795281e-04
   1.7000000e+01   3.0000000e+00   2.8494856e-04
   6.0000000e+00   1.0000000e+00  -2.8000501e-04
   1.5000000e+01   7.0000000e+00  -2.7387092e-04
   2.0000000e+00   1.5000000e+01   2.7351760e-04
   1.8000000e+01   5.0000000e+00  -2.7221641e-04
   7.0000000e+00   6.0000000e+00  -2.7091680e-04
   1.0000000e+00   2.1000000e+01  -2.7069298e-04
   5.0000000e+00   1.4000000e+01   2.6383138e-04
   0.0000000e+00   1.8000000e+01  -2.5907063e-04
   1.3000000e+01   1.0000000e+00  -2.5831671e-04
   1.3000000e+01   3.0000000e+00  -2.5457918e-04
   1.0000000e+00   1.9000000e+01   2.5299414e-04
   8.0000000e+00   6.0000000e+00  -2.5222993e-04
   1.7000000e+01   5.0000000e+00   2.5030579e-04
   1.0000000e+00   1.2000000e+01   2.4929386e-04
   1.1000000e+01   1.4000000e+01   2.4747352e-04
   5.0000000e+00   1.0000000e+00   2.4685291e-04
   2.0000000e+00   1.4000000e+01   2.4653725e-04
   1.2000000e+01   4.0000000e+00  -2.4608845e-04
   4.0000000e+00   1.9000000e+01  -2.4458883e-04
   1.7000000e+01   2.0000000e+00   2.4328407e-04
   6.0000000e+00   1.5000000e+01  -2.4182328e-04
   6.0000000e+00   1.4000000e+01   2.3913691e-04
   5.0000000e+00   3.0000000e+00   2.3282135e-04
   2.2000000e+01   2.0000000e+00   2.2877324e-04
   2.0000000e+01   2.0000000e+00  -2.2664240e-04
   2.0000000e+01   5.0000000e+00   2.2538879e-04
   8.0000000e+00   1.3000000e+01  -2.2490243e-04
   1.1000000e+01   7.0000000e+00   2.2419214e-04
   1.0000000e+00   1.4000000e+01   2.2365481e-04
   2.0000000e+00   1.3000000e+01  -2.2053535e-04
   1.3000000e+01   0.0000000e+00  -2.1809750e-04
   1.6000000e+01   5.0000000e+00   2.1654526e-04
   3.0000000e+00   2.0000000e+01  -2.1596570e-04
   9.0000000e+00   9.0000000e+00   2.1364984e-04
   1.5000000e+01   8.0000000e+00   2.0530765e-04
   9.0000000e+00   1.4000000e+01  -2.0059771e-04
   1.7000000e+01   4.0000000e+00   2.0035123e-04
   1.0000000e+01   1.3000000e+01   1.9904090e-04
   1.2000000e+01   1.0000000e+01   1.9698571e-04
   1.7000000e+01   0.0000000e+00   1.9309261e-04
   5.0000000e+00   2.0000000e+01   1.9151883e-04
   4.0000000e+00   1.8000000e+01  -1.9003510e-04
   1.2000000e+01   1.3000000e+01  -1.8942011e-04
   9.0000000e+00   7.0000000e+00   1.8838194e-04
   4.0000000e+00   1.5000000e+01   1.8449313e-04
   1.0000000e+01   1.1000000e+01  -1.8312115e-04
   0.0000000e+00   2.4000000e+01   1.8291450e-04
   1.0000000e+01   2.0000000e+00  -1.8210130e-04
   1.9000000e+01   2.0000000e+00  -1.7877099e-04
   8.0000000e+00   7.0000000e+00  -1.7833627e-04
   1.3000000e+01   1.0000000e+01  -1.7563547e-04
   4.0000000e+00   0.0000000e+00  -1.7511112e-04
   7.0000000e+00   1.1000000e+01  -1.7511105e-04
   3.0000000e+00   1.0000000e+00  -1.7339204e-04
   8.0000000e+00   1.4000000e+01  -1.7232961e-04
   7.0000000e+00   4.0000000e+00  -1.7085638e-04
   1.4000000e+01   1.0000000e+00  -1.7082387e-04
   1.7000000e+01   1.0000000e+00   1.7053090e-04
   1.5000000e+01   1.0000000e+01   1.6836045e-04
   1.8000000e+01   6.0000000e+00  -1.6790211e-04
   3.0000000e+00   2.2000000e+01  -1.6581629e-04
   8.0000000e+00   3.0000000e+00   1.6579214e-04
   1.9000000e+01   0.0000000e+00  -1.6550198e-04
   4.0000000e+00   9.0000000e+00  -1.6513057e-04
   1.9000000e+01   3.0000000e+00  -1.6347558e-04
   1.2000000e+01   2.0000000e+00   1.6201352e-04
   1.3000000e+01   2.0000000e+00  -1.5890450e-04
   1.8000000e+01   2.0000000e+00   1.5698906e-04
   3.0000000e+00   4.0000000e+00   1.5515138e-04
   1.9000000e+01   5.0000000e+00  -1.5341980e-04
   1.9000000e+01   1.0000000e+00  -1.5310356e-04
   2.0000000e+00   1.8000000e+01   1.4926759e-04
   1.5000000e+01   3.0000000e+00  -1.4825868e-04
   1.6000000e+01   6.0000000e+00   1.4413680e-04
   1.8000000e+01   0.0000000e+00  -1.4412484e-04
   1.2000000e+01   8.0000000e+00  -1.4069016e-04
   1.4000000e+01   1.0000000e+01  -1.3750729e-04
   7.0000000e+00   1.5000000e+01  -1.3666596e-04
   1.6000000e+01   0.0000000e+00   1.3345220e-04
   7.0000000e+00   1.8000000e+01   1.3317210e-04
   1.4000000e+01   9.0000000e+00  -1.3159175e-04
   1.2000000e+01   1.0000000e+00   1.3103968e-04
   1.8000000e+01   4.0000000e+00  -1.3086494e-04
   1.0000000e+00   2.0000000e+01   1.2950595e-04
   0.0000000e+00   2.5000000e+01   1.2909278e-04
   1.0000000e+01   9.0000000e+00   1.2610218e-04
   2.0000000e+01   3.0000000e+00  -1.2585651e-04
   1.5000000e+01   2.0000000e+00  -1.2477978e-04
   7.0000000e+00   1.3000000e+01   1.2127560e-04
   1.0000000e+00   1.6000000e+01  -1.2047053e-04
   2.0000000e+00   1.1000000e+01  -1.1951540e-04
   2.4000000e+01   1.0000000e+00  -1.1928655e-04
   2.0000000e+01   4.0000000e+00   1.1837939e-04
   2.0000000e+01   0.0000000e+00   1.1554935e-04
   1.3000000e+01   6.0000000e+00  -1.1466640e-04
   1.6000000e+01   1.0000000e+00   1.1397065e-04
   2.1000000e+01   4.0000000e+00  -1.1379224e-04
   2.2000000e+01   1.0000000e+00   1.1372682e-04
   5.0000000e+00   1.0000000e+01   1.1355967e-04
   2.0000000e+00   1.9000000e+01   1.1344176e-04
   4.0000000e+00   2.0000000e+01   1.1299886e-04
   3.0000000e+00   2.1000000e+01  -1.1062489e-04
   2.2000000e+01   3.0000000e+00   1.1044107e-04
   1.8000000e+01   3.0000000e+00   1.0935786e-04
   5.0000000e+00   2.0000000e+00   1.0870091e-04
   6.0000000e+00   1.1000000e+01   1.0856366e-04
   7.0000000e+00   1.6000000e+01  -1.0839806e-04
   5.0000000e+00   0.0000000e+00   1.0777496e-04
   2.5000000e+01   0.0000000e+00   1.0603067e-04
   4.0000000e+00   1.4000000e+01   1.0395824e-04
   1.0000000e+01   1.0000000e+01  -1.0387504e-04
   1.4000000e+01   7.0000000e+00   1.0150257e-04
   1.2000000e+01   1.2000000e+01  -9.9299780e-05
   6.0000000e+00   1.7000000e+01  -9.8082971e-05
   1.4000000e+01   2.0000000e+00  -9.7348725e-05
   1.2000000e+01   1.1000000e+01   9.5718129e-05
   2.0000000e+00   2.0000000e+01  -9.5566854e-05
   1.2000000e+01   9.0000000e+00   9.3526492e-05
   2.1000000e+01   0.0000000e+00   9.1516676e-05
   8.0000000e+00   1.0000000e+00  -8.8264155e-05
   1.6000000e+01   4.0000000e+00   8.4136118e-05
   2.1000000e+01   1.0000000e+00   8.3685430e-05
   9.0000000e+00   1.5000000e+01  -8.3370044e-05
   1.9000000e+01   4.0000000e+00  -8.2531068e-05
   1.3000000e+01   7.0000000e+00  -8.1573258e-05
   2.0000000e+00   2.2000000e+01   8.1238903e-05
   8.0000000e+00   1.2000000e+01   7.9300817e-05
   1.7000000e+01   8.0000000e+00   7.7449293e-05
   1.6000000e+01   9.0000000e+00   7.6072729e-05
   4.0000000e+00   2.1000000e+01   7.5935672e-05
   1.4000000e+01   0.0000000e+00  -7.5511612e-05
   2.2000000e+01   0.0000000e+00  -7.3907862e-05
   1.1000000e+01   1.3000000e+01  -7.3626609e-05
   1.6000000e+01   3.0000000e+00  -7.1593062e-05
   2.0000000e+00   2.1000000e+01  -7.1338685e-05
   7.0000000e+00   1.7000000e+01   6.8510989e-05
   0.0000000e+00   2.3000000e+01   6.8241055e-05
   2.3000000e+01   0.0000000e+00  -6.8090705e-05
   2.0000000e+01   1.0000000e+00  -6.7530757e-05
   1.5000000e+01   5.0000000e+00  -6.6477390e-05
   8.0000000e+00   1.1000000e+01   6.5210434e-05
   1.0000000e+01   1.4000000e+01   6.1591173e-05
   3.0000000e+00   1.3000000e+01   6.1413039e-05
   2.3000000e+01   1.0000000e+00  -5.9314001e-05
   1.0000000e+00   2.2000000e+01  -5.9289658e-05
   9.0000000e+00   1.0000000e+00  -5.8874562e-05
   1.5000000e+01   0.0000000e+00  -5.6109898e-05
   2.0000000e+00   1.7000000e+01  -5.5857526e-05
   2.1000000e+01   2.0000000e+00   5.4452029e-05
   0.0000000e+00   2.0000000e+01  -5.3782289e-05
   1.2000000e+01   0.0000000e+00  -4.7310559e-05
   9.0000000e+00   1.6000000e+01   4.7180990e-05
   3.0000000e+00   1.6000000e+01  -4.7103733e-05
   1.4000000e+01   4.0000000e+00   4.7013313e-05
   1.4000000e+01   6.0000000e+00   4.6838898e-05
   9.0000000e+00   2.0000000e+00  -4.6722605e-05
   2.4000000e+01   0.0000000e+00   4.6349439e-05
   9.0000000e+00   0.0000000e+00  -4.2512267e-05
   1.0000000e+01   3.0000000e+00   3.9856202e-05
   1.4000000e+01   3.0000000e+00   3.7167444e-05
   7.0000000e+00   1.2000000e+01   3.6182979e-05
   7.0000000e+00   5.0000000e+00  -3.5546513e-05
   5.0000000e+00   7.0000000e+00  -3.4123651e-05
   1.2000000e+01   3.0000000e+00  -3.4000002e-05
   1.1000000e+01   1.0000000e+01  -3.3377507e-05
   2.1000000e+01   3.0000000e+00  -3.2007990e-05
   1.6000000e+01   2.0000000e+00  -3.1177451e-05
   9.0000000e+00   1.3000000e+01   2.8934204e-05
   2.0000000e+00   1.6000000e+01  -2.6475401e-05
   1.5000000e+01   1.0000000e+00  -2.3632619e-05
   1.5000000e+01   4.0000000e+00  -1.9536312e-05
   2.3000000e+01   2.0000000e+00   1.9355076e-05
   5.0000000e+00   1.6000000e+01  -1.8216268e-05
   1.8000000e+01   1.0000000e+00  -1.7745705e-05
   7.0000000e+00   1.4000000e+01   1.7619719e-05
   3.0000000e+00   6.0000000e+00   1.7498257e-05
   1.4000000e+01   8.0000000e+00   1.5036777e-05
   1.0000000e+01   1.0000000e+00   1.4630623e-05
   5.0000000e+00   8.0000000e+00   1.4271242e-05
   8.0000000e+00   1.7000000e+01   1.4079172e-05
   1.8000000e+01   7.0000000e+00   1.4029105e-05
   5.0000000e+00   1.9000000e+01  -1.1982141e-05
   1.4000000e+01   1.1000000e+01   1.1657054e-05
   6.0000000e+00   1.3000000e+01  -7.4298230e-06
   2.0000000e+00   2.3000000e+01   6.4599510e-06
   1.0000000e+01   1.2000000e+01  -4.3726037e-06
   1.6000000e+01   8.0000000e+00  -3.1207023e-06
   1.6000000e+01   7.0000000e+00   2.8934437e-06
   1.4000000e+01   5.0000000e+00   1.5552502e-06
   3.0000000e+00   1.9000000e+01  -6.8326511e-07
