   0.0000000e+00   1.0000000e+00   1.4046525e-01
   0.0000000e+00   0.0000000e+00   1.2336784e-01
   1.0000000e+00   0.0000000e+00   8.4977370e-02
   0.0000000e+00   2.0000000e+00   7.9497989e-02
   2.0000000e+00   0.0000000e+00   6.6850005e-02
   2.0000000e+00   1.0000000e+00   6.4689956e-02
   1.0000000e+00   3.0000000e+00  -5.9233014e-02
   2.0000000e+00   4.0000000e+00   5.6256213e-02
   2.0000000e+00   5.0000000e+00   4.7668873e-02
   1.0000000e+00   1.0000000e+00   4.5556339e-02
   2.0000000e+00   3.0000000e+00   3.9896296e-02
   1.0000000e+00   2.0000000e+00  -3.9389620e-02
   2.0000000e+00   2.0000000e+00   3.9165938e-02
   0.0000000e+00   5.0000000e+00   3.2314504e-02
   0.0000000e+00   6.0000000e+00   3.1195787e-02
   1.0000000e+00   5.0000000e+00   3.0793246e-02
   5.0000000e+00   2.0000000e+00   3.0352648e-02
   3.0000000e+00   1.0000000e+00   2.8091822e-02
   5.0000000e+00   3.0000000e+00   2.6758587e-02
   4.0000000e+00   6.0000000e+00   2.6235773e-02
   3.0000000e+00   0.0000000e+00   2.3615109e-02
   0.0000000e+00   3.0000000e+00   2.3489970e-02
   0.0000000e+00   9.0000000e+00   2.3472652e-02
   0.0000000e+00   7.0000000e+00   2.1603001e-02
   5.0000000e+00   6.0000000e+00   2.0834854e-02
   4.0000000e+00   2.0000000e+00   2.0688004e-02
   0.0000000e+00   8.0000000e+00   2.0629645e-02
   5.0000000e+00   1.0000000e+00   2.0263609e-02
   4.0000000e+00   5.0000000e+00   2.0250507e-02
   5.0000000e+00   4.0000000e+00   1.9937708e-02
   5.0000000e+00   5.0000000e+00   1.9909122e-02
   0.0000000e+00   1.0000000e+01   1.9863605e-02
   4.0000000e+00   7.0000000e+00   1.9671560e-02
   3.0000000e+00   2.0000000e+00   1.7966798e-02
   0.0000000e+00   4.0000000e+00   1.7951660e-02
   2.0000000e+00   6.0000000e+00   1.7366954e-02
   4.0000000e+00   3.0000000e+00   1.5846784e-02
   1.0000000e+00   6.0000000e+00   1.5605154e-02
   6.0000000e+00   2.0000000e+00   1.4660582e-02
   5.0000000e+00   7.0000000e+00   1.4618303e-02
   4.0000000e+00   1.0000000e+00   1.4345814e-02
   0.0000000e+00   1.1000000e+01   1.2965432e-02
   4.0000000e+00   4.0000000e+00   1.2961760e-02
   1.0000000e+00   8.0000000e+00  -1.2281622e-02
   6.0000000e+00   1.0000000e+00   1.1760622e-02
   6.0000000e+00   3.0000000e+00   1.1630142e-02
   1.0000000e+00   7.0000000e+00  -1.1076971e-02
   7.0000000e+00   4.0000000e+00   1.0722345e-02
   7.0000000e+00   3.0000000e+00   1.0608669e-02
   0.0000000e+00   1.2000000e+01   8.8981996e-03
   7.0000000e+00   5.0000000e+00   8.6560542e-03
   7.0000000e+00   2.0000000e+00   8.4683454e-03
   2.0000000e+00   1.1000000e+01  -8.4482691e-03
   1.0000000e+00   1.2000000e+01   8.2473270e-03
   8.0000000e+00   3.0000000e+00   8.2049776e-03
   1.0000000e+00   1.3000000e+01   8.1453988e-03
   4.0000000e+00   8.0000000e+00   8.0231460e-03
   8.0000000e+00   2.0000000e+00   7.7794067e-03
   6.0000000e+00   6.0000000e+00   7.5468999e-03
   1.0000000e+00   4.0000000e+00  -7.4272459e-03
   2.0000000e+00   1.0000000e+01  -7.4223081e-03
   6.0000000e+00   4.0000000e+00   7.1682154e-03
   3.0000000e+00   1.4000000e+01  -6.8622741e-03
   3.0000000e+00   8.0000000e+00   6.7262329e-03
   3.0000000e+00   7.0000000e+00   6.6458453e-03
   6.0000000e+00   5.0000000e+00   6.3081423e-03
   8.0000000e+00   4.0000000e+00   6.0944727e-03
   0.0000000e+00   1.3000000e+01   6.0095277e-03
   7.0000000e+00   1.0000000e+00   5.8827342e-03
   8.0000000e+00   1.0000000e+00   5.8645425e-03
   5.0000000e+00   8.0000000e+00   5.8384219e-03
   6.0000000e+00   7.0000000e+00   5.7013971e-03
   7.0000000e+00   6.0000000e+00   5.6962508e-03
   3.0000000e+00   3.0000000e+00   5.6794265e-03
   7.0000000e+00   9.0000000e+00  -5.5823652e-03
   3.0000000e+00   1.3000000e+01  -5.2507812e-03
   6.0000000e+00   0.0000000e+00   5.2027173e-03
   5.0000000e+00   0.0000000e+00   4.8090548e-03
   7.0000000e+00   1.0000000e+01  -4.6770013e-03
   5.0000000e+00   1.2000000e+01  -4.2618574e-03
   6.0000000e+00   9.0000000e+00  -4.1946849e-03
   2.0000000e+00   1.4000000e+01  -4.1878721e-03
   1.0000000e+00   1.1000000e+01   4.1851123e-03
   9.0000000e+00   7.0000000e+00  -3.9804922e-03
   6.0000000e+00   1.0000000e+01  -3.9155870e-03
   4.0000000e+00   1.0000000e+01   3.9032170e-03
   9.0000000e+00   8.0000000e+00  -3.8066415e-03
   4.0000000e+00   1.4000000e+01   3.5022285e-03
   3.0000000e+00   1.5000000e+01  -3.4167067e-03
   4.0000000e+00   9.0000000e+00   3.4154040e-03
   7.0000000e+00   0.0000000e+00   3.3914914e-03
   8.0000000e+00   0.0000000e+00   3.2730555e-03
   4.0000000e+00   1.5000000e+01   3.1468784e-03
   8.0000000e+00   7.0000000e+00  -3.1311105e-03
   9.0000000e+00   6.0000000e+00  -3.0539812e-03
   9.0000000e+00   1.2000000e+01   2.9157695e-03
   3.0000000e+00   9.0000000e+00   2.7802851e-03
   3.0000000e+00   6.0000000e+00   2.7788281e-03
   1.0000000e+00   1.0000000e+01   2.7771074e-03
   8.0000000e+00   8.0000000e+00  -2.7621839e-03
   1.0000000e+00   1.8000000e+01  -2.7462691e-03
   1.2000000e+01   4.0000000e+00  -2.6437283e-03
   3.0000000e+00   1.9000000e+01   2.5984266e-03
   3.0000000e+00   2.0000000e+01   2.5699845e-03
   1.0000000e+01   6.0000000e+00  -2.5240441e-03
   1.0000000e+00   1.4000000e+01   2.5203455e-03
   7.0000000e+00   8.0000000e+00  -2.3913982e-03
   1.0000000e+01   7.0000000e+00  -2.3808271e-03
   9.0000000e+00   9.0000000e+00  -2.3759387e-03
   2.0000000e+00   1.5000000e+01  -2.3108147e-03
   1.2000000e+01   3.0000000e+00  -2.2589842e-03
   4.0000000e+00   0.0000000e+00   2.2456323e-03
   2.0000000e+00   1.6000000e+01   2.2364219e-03
   2.0000000e+00   1.2000000e+01  -2.1883142e-03
   9.0000000e+00   1.1000000e+01   2.1854234e-03
   7.0000000e+00   1.8000000e+01  -2.1583414e-03
   1.0000000e+00   1.7000000e+01  -2.1342793e-03
   5.0000000e+00   1.1000000e+01  -2.1209340e-03
   0.0000000e+00   1.4000000e+01   2.1095660e-03
   7.0000000e+00   7.0000000e+00   2.0860201e-03
   9.0000000e+00   1.3000000e+01   2.0773886e-03
   5.0000000e+00   9.0000000e+00   2.0747643e-03
   2.0000000e+00   8.0000000e+00   2.0397421e-03
   6.0000000e+00   1.6000000e+01   2.0389146e-03
   4.0000000e+00   2.0000000e+01  -2.0102134e-03
   8.0000000e+00   5.0000000e+00   1.9673359e-03
   3.0000000e+00   2.2000000e+01  -1.9630322e-03
   8.0000000e+00   9.0000000e+00  -1.9520146e-03
   2.0000000e+00   2.2000000e+01  -1.9415810e-03
   5.0000000e+00   1.6000000e+01  -1.8440254e-03
   1.1000000e+01   1.0000000e+00  -1.8437964e-03
   7.0000000e+00   1.7000000e+01  -1.8368884e-03
   2.0000000e+00   1.7000000e+01   1.8253944e-03
   1.0000000e+01   1.4000000e+01  -1.8107460e-03
   6.0000000e+00   1.5000000e+01   1.8070174e-03
   1.1000000e+01   1.0000000e+01   1.8052159e-03
   5.0000000e+00   1.3000000e+01  -1.7987238e-03
   9.0000000e+00   5.0000000e+00  -1.7881525e-03
   5.0000000e+00   2.0000000e+01  -1.7762399e-03
   4.0000000e+00   1.1000000e+01   1.7371279e-03
   4.0000000e+00   2.1000000e+01  -1.7322239e-03
   8.0000000e+00   6.0000000e+00  -1.7259289e-03
   8.0000000e+00   1.3000000e+01   1.7035246e-03
   8.0000000e+00   1.2000000e+01   1.6675790e-03
   1.1000000e+01   5.0000000e+00  -1.6457123e-03
   5.0000000e+00   1.8000000e+01   1.6060196e-03
   1.1000000e+01   9.0000000e+00   1.6013857e-03
   1.3000000e+01   6.0000000e+00   1.5875023e-03
   7.0000000e+00   1.4000000e+01  -1.5796438e-03
   1.1000000e+01   0.0000000e+00  -1.5515842e-03
   1.3000000e+01   7.0000000e+00   1.5504062e-03
   4.0000000e+00   1.8000000e+01   1.5427429e-03
   1.0000000e+01   1.5000000e+01  -1.5064587e-03
   1.1000000e+01   6.0000000e+00  -1.4994326e-03
   2.0000000e+00   2.1000000e+01  -1.4957676e-03
   2.0000000e+00   2.0000000e+01   1.4795956e-03
   1.7000000e+01   2.0000000e+00   1.4728771e-03
   1.2000000e+01   0.0000000e+00  -1.4248282e-03
   1.1000000e+01   2.0000000e+00  -1.4165096e-03
   1.2000000e+01   5.0000000e+00  -1.3986461e-03
   1.2000000e+01   1.0000000e+01   1.3904787e-03
   1.1000000e+01   4.0000000e+00  -1.3900102e-03
   4.0000000e+00   1.7000000e+01   1.3651751e-03
   3.0000000e+00   1.2000000e+01  -1.3553009e-03
   1.2000000e+01   9.0000000e+00   1.3427817e-03
   1.4000000e+01   8.0000000e+00   1.3163669e-03
   6.0000000e+00   1.1000000e+01  -1.3094048e-03
   4.0000000e+00   1.2000000e+01  -1.3066601e-03
   9.0000000e+00   3.0000000e+00  -1.2869895e-03
   1.7000000e+01   3.0000000e+00   1.2738046e-03
   1.3000000e+01   3.0000000e+00  -1.2473222e-03
   1.3000000e+01   2.0000000e+00  -1.2401712e-03
   1.0000000e+00   2.3000000e+01   1.2353285e-03
   1.0000000e+00   9.0000000e+00  -1.2068241e-03
   1.0000000e+00   2.0000000e+01   1.2056543e-03
   9.0000000e+00   4.0000000e+00  -1.1987126e-03
   1.1000000e+01   3.0000000e+00  -1.1703205e-03
   1.2000000e+01   2.0000000e+00  -1.1475311e-03
   1.1000000e+01   1.4000000e+01  -1.1397294e-03
   1.5000000e+01   1.0000000e+01  -1.1278144e-03
   1.0000000e+01   4.0000000e+00   1.1252971e-03
   1.3000000e+01   1.2000000e+01  -1.1031618e-03
   1.0000000e+01   1.3000000e+01  -1.0973710e-03
   1.2000000e+01   1.0000000e+00  -1.0903408e-03
   7.0000000e+00   1.1000000e+01  -1.0782526e-03
   0.0000000e+00   1.8000000e+01  -1.0720858e-03
   1.6000000e+01   8.0000000e+00  -1.0651950e-03
   1.0000000e+01   3.0000000e+00   1.0649868e-03
   1.6000000e+01   6.0000000e+00   1.0645448e-03
   0.0000000e+00   1.9000000e+01  -1.0636683e-03
   1.3000000e+01   1.1000000e+01  -1.0349669e-03
   1.7000000e+01   7.0000000e+00  -1.0318660e-03
   2.0000000e+00   1.3000000e+01  -1.0251136e-03
   9.0000000e+00   1.4000000e+01   1.0181319e-03
   4.0000000e+00   1.6000000e+01   1.0119922e-03
   1.2000000e+01   1.2000000e+01  -1.0084442e-03
   5.0000000e+00   1.0000000e+01   1.0078020e-03
   9.0000000e+00   0.0000000e+00   9.9932333e-04
   1.0000000e+01   8.0000000e+00  -9.9655939e-04
   1.6000000e+01   9.0000000e+00  -9.9622857e-04
   1.1000000e+01   1.1000000e+01   9.9446060e-04
   1.3000000e+01   8.0000000e+00   9.8528121e-04
   1.6000000e+01   5.0000000e+00   9.7790764e-04
   5.0000000e+00   1.4000000e+01   9.6724817e-04
   2.1000000e+01   3.0000000e+00  -9.5651231e-04
   1.4000000e+01   2.0000000e+00  -9.4599741e-04
   8.0000000e+00   1.4000000e+01   9.4451658e-04
   1.4000000e+01   7.0000000e+00   9.3641958e-04
   1.0000000e+00   1.5000000e+01  -9.3156776e-04
   9.0000000e+00   2.0000000e+00  -9.2515459e-04
   8.0000000e+00   1.0000000e+01  -9.2445658e-04
   0.0000000e+00   2.3000000e+01   9.1898709e-04
   1.3000000e+01   1.0000000e+00  -9.1702023e-04
   1.0000000e+00   1.9000000e+01  -8.9466959e-04
   1.0000000e+00   1.6000000e+01  -8.8370035e-04
   1.5000000e+01   0.0000000e+00   8.7539769e-04
   2.0000000e+00   9.0000000e+00   8.6317927e-04
   1.0000000e+00   2.1000000e+01   8.3652679e-04
   2.0000000e+00   2.3000000e+01   8.3593825e-04
   2.1000000e+01   2.0000000e+00  -8.1036793e-04
   1.1000000e+01   1.3000000e+01  -8.0390468e-04
   0.0000000e+00   1.7000000e+01  -7.9158985e-04
   6.0000000e+00   1.7000000e+01   7.7723549e-04
   2.0000000e+00   1.9000000e+01   7.6949396e-04
   1.1000000e+01   7.0000000e+00  -7.6040700e-04
   9.0000000e+00   1.5000000e+01   7.5664982e-04
   4.0000000e+00   1.9000000e+01  -7.5582573e-04
   2.1000000e+01   4.0000000e+00  -7.5573446e-04
   9.0000000e+00   1.6000000e+01   7.5282870e-04
   2.3000000e+01   2.0000000e+00   7.4880812e-04
   1.0000000e+01   5.0000000e+00  -7.4686933e-04
   1.3000000e+01   5.0000000e+00   7.3930756e-04
   1.0000000e+00   2.4000000e+01   7.3188922e-04
   1.0000000e+01   1.0000000e+00  -7.2481823e-04
   2.0000000e+00   1.8000000e+01  -7.1664228e-04
   1.0000000e+01   1.1000000e+01   7.0442731e-04
   2.2000000e+01   2.0000000e+00  -7.0314597e-04
   1.7000000e+01   1.0000000e+00   6.9538525e-04
   1.9000000e+01   2.0000000e+00  -6.8434241e-04
   1.7000000e+01   8.0000000e+00  -6.8395087e-04
   1.5000000e+01   9.0000000e+00  -6.6713280e-04
   7.0000000e+00   1.3000000e+01  -6.6001935e-04
   3.0000000e+00   5.0000000e+00  -6.4709058e-04
   7.0000000e+00   1.2000000e+01   6.4398488e-04
   0.0000000e+00   1.6000000e+01  -6.3119169e-04
   1.7000000e+01   6.0000000e+00  -6.3007672e-04
   2.2000000e+01   3.0000000e+00  -6.0336551e-04
   1.9000000e+01   1.0000000e+00  -5.8993979e-04
   0.0000000e+00   2.1000000e+01  -5.8983567e-04
   1.0000000e+01   1.0000000e+01   5.8872121e-04
   0.0000000e+00   2.4000000e+01   5.8390207e-04
   1.8000000e+01   6.0000000e+00  -5.7888452e-04
   3.0000000e+00   2.1000000e+01   5.6401382e-04
   1.4000000e+01   1.0000000e+01  -5.6284127e-04
   1.3000000e+01   0.0000000e+00  -5.5432383e-04
   1.5000000e+01   1.0000000e+00   5.4802597e-04
   1.7000000e+01   4.0000000e+00   5.4024850e-04
   1.4000000e+01   0.0000000e+00   5.3820465e-04
   1.8000000e+01   3.0000000e+00   5.2794581e-04
   1.8000000e+01   5.0000000e+00  -5.2092379e-04
   7.0000000e+00   1.5000000e+01  -5.2070535e-04
   1.9000000e+01   5.0000000e+00   5.1680183e-04
   2.2000000e+01   1.0000000e+00  -5.1614373e-04
   8.0000000e+00   1.1000000e+01   5.1518521e-04
   1.3000000e+01   4.0000000e+00  -5.0625741e-04
   1.5000000e+01   7.0000000e+00   5.0115910e-04
   1.8000000e+01   2.0000000e+00   4.8804742e-04
   1.1000000e+01   8.0000000e+00   4.7626081e-04
   3.0000000e+00   4.0000000e+00  -4.7347854e-04
   1.4000000e+01   1.0000000e+00  -4.3360633e-04
   2.3000000e+01   1.0000000e+00   4.2450860e-04
   1.9000000e+01   4.0000000e+00   4.2239542e-04
   0.0000000e+00   1.5000000e+01  -4.1732695e-04
   5.0000000e+00   1.9000000e+01  -4.1714767e-04
   1.3000000e+01   1.0000000e+01  -4.0758707e-04
   2.4000000e+01   1.0000000e+00   4.0282754e-04
   3.0000000e+00   1.7000000e+01   4.0194257e-04
   1.4000000e+01   4.0000000e+00   3.9479767e-04
   1.2000000e+01   8.0000000e+00   3.8329878e-04
   1.4000000e+01   9.0000000e+00   3.7291107e-04
   3.0000000e+00   1.6000000e+01   3.6441757e-04
   1.4000000e+01   1.1000000e+01  -3.6420479e-04
   6.0000000e+00   1.8000000e+01  -3.4774114e-04
   6.0000000e+00   1.4000000e+01   3.4576344e-04
   1.3000000e+01   9.0000000e+00   3.2032601e-04
   8.0000000e+00   1.5000000e+01   3.1512451e-04
   1.5000000e+01   8.0000000e+00   3.1066824e-04
   5.0000000e+00   1.5000000e+01  -3.0395568e-04
   0.0000000e+00   2.0000000e+01  -3.0227075e-04
   2.1000000e+01   1.0000000e+00  -2.8079383e-04
   1.5000000e+01   5.0000000e+00  -2.7265369e-04
   1.6000000e+01   1.0000000e+00   2.7135211e-04
   9.0000000e+00   1.0000000e+00   2.6149747e-04
   3.0000000e+00   1.1000000e+01  -2.5183316e-04
   6.0000000e+00   1.3000000e+01  -2.4935103e-04
   2.0000000e+00   7.0000000e+00   2.4373358e-04
   1.0000000e+01   2.0000000e+00  -2.4357319e-04
   3.0000000e+00   1.0000000e+01  -2.3810126e-04
   4.0000000e+00   1.3000000e+01   2.2241723e-04
   1.9000000e+01   6.0000000e+00   2.1731657e-04
   1.4000000e+01   3.0000000e+00  -2.1228663e-04
   1.6000000e+01   2.0000000e+00   2.1072316e-04
   1.8000000e+01   7.0000000e+00  -2.0942971e-04
   2.2000000e+01   0.0000000e+00  -2.0460786e-04
   2.5000000e+01   0.0000000e+00   2.0024824e-04
   1.7000000e+01   0.0000000e+00  -1.9980439e-04
   0.0000000e+00   2.5000000e+01  -1.9504973e-04
   2.0000000e+01   1.0000000e+00   1.8709334e-04
   1.5000000e+01   4.0000000e+00  -1.8487142e-04
   2.0000000e+01   3.0000000e+00   1.8362041e-04
   6.0000000e+00   1.9000000e+01  -1.8038899e-04
   2.0000000e+01   2.0000000e+00   1.7142368e-04
   1.8000000e+01   1.0000000e+00   1.7074628e-04
   1.5000000e+01   3.0000000e+00  -1.6855565e-04
   1.9000000e+01   3.0000000e+00  -1.6817329e-04
   2.1000000e+01   0.0000000e+00   1.6790063e-04
   2.3000000e+01   0.0000000e+00  -1.6764758e-04
   2.0000000e+01   0.0000000e+00   1.5464024e-04
   1.9000000e+01   0.0000000e+00  -1.4911691e-04
   1.0000000e+01   0.0000000e+00  -1.4870524e-04
   1.2000000e+01   1.3000000e+01  -1.4563424e-04
   1.6000000e+01   4.0000000e+00   1.4450036e-04
   6.0000000e+00   8.0000000e+00   1.3957688e-04
   1.2000000e+01   6.0000000e+00  -1.3923254e-04
   1.6000000e+01   3.0000000e+00  -1.3670890e-04
   2.0000000e+01   4.0000000e+00   1.3202266e-04
   7.0000000e+00   1.6000000e+01  -1.2047021e-04
   1.0000000e+01   1.2000000e+01   1.1169655e-04
   1.0000000e+00   2.2000000e+01  -1.0562403e-04
   2.0000000e+01   5.0000000e+00  -1.0145908e-04
   1.0000000e+01   9.0000000e+00   9.3683226e-05
   1.4000000e+01   5.0000000e+00   9.0009357e-05
   1.1000000e+01   1.2000000e+01  -8.1010883e-05
   1.7000000e+01   5.0000000e+00  -7.9077477e-05
   5.0000000e+00   1.7000000e+01   7.4707091e-05
   6.0000000e+00   1.2000000e+01  -7.4510739e-05
   1.2000000e+01   7.0000000e+00   6.8104665e-05
   1.4000000e+01   6.0000000e+00   6.6700999e-05
   1.6000000e+01   0.0000000e+00  -6.5814026e-05
   1.2000000e+01   1.1000000e+01  -5.9490511e-05
   3.0000000e+00   1.8000000e+01  -5.1999833e-05
   8.0000000e+00   1.6000000e+01   4.9871248e-05
   1.8000000e+01   4.0000000e+00   4.7891590e-05
   0.0000000e+00   2.2000000e+01   4.7022662e-05
   8.0000000e+00   1.7000000e+01  -4.4610951e-05
   1.6000000e+01   7.0000000e+00  -3.4084691e-05
   2.4000000e+01   0.0000000e+00  -3.3731635e-05
   1.5000000e+01   2.0000000e+00  -2.1669397e-05
   9.0000000e+00   1.0000000e+01  -2.0602720e-05
   1.8000000e+01   0.0000000e+00  -8.6038389e-06
   1.5000000e+01   6.0000000e+00  -4.9172671e-06
