   0.0000000e+00   1.0000000e+00   1.5746324e-02
   0.0000000e+00   0.0000000e+00   1.3154351e-02
   0.0000000e+00   2.0000000e+00   1.0774551e-02
   0.0000000e+00   6.0000000e+00   6.6473369e-03
   1.0000000e+00   1.0000000e+00  -5.4822428e-03
   0.0000000e+00   7.0000000e+00   5.3858580e-03
   2.0000000e+00   3.0000000e+00   5.0097290e-03
   2.0000000e+00   4.0000000e+00   4.9211838e-03
   1.0000000e+00   0.0000000e+00  -4.9082765e-03
   0.0000000e+00   3.0000000e+00   4.3531346e-03
   0.0000000e+00   1.1000000e+01   4.2617538e-03
   0.0000000e+00   5.0000000e+00   4.2593921e-03
   2.0000000e+00   2.0000000e+00   3.9959925e-03
   0.0000000e+00   1.0000000e+01   3.9859549e-03
   2.0000000e+00   5.0000000e+00   3.8437144e-03
   1.0000000e+00   3.0000000e+00   3.5907308e-03
   2.0000000e+00   1.0000000e+00   3.1702131e-03
   2.0000000e+00   6.0000000e+00   3.0534280e-03
   1.0000000e+00   4.0000000e+00   2.8720607e-03
   2.0000000e+00   7.0000000e+00   2.7669092e-03
   1.0000000e+00   6.0000000e+00  -2.6051203e-03
   2.0000000e+00   0.0000000e+00   2.5360251e-03
   3.0000000e+00   8.0000000e+00  -2.5140629e-03
   0.0000000e+00   8.0000000e+00   2.3836241e-03
   3.0000000e+00   7.0000000e+00  -2.2013628e-03
   2.0000000e+00   8.0000000e+00   2.1959944e-03
   0.0000000e+00   1.2000000e+01   2.0662158e-03
   0.0000000e+00   4.0000000e+00   2.0195433e-03
   1.0000000e+00   8.0000000e+00   2.0166792e-03
   0.0000000e+00   9.0000000e+00   2.0040404e-03
   0.0000000e+00   1.5000000e+01   1.9560498e-03
   4.0000000e+00   7.0000000e+00   1.8231116e-03
   4.0000000e+00   6.0000000e+00   1.6739940e-03
   0.0000000e+00   1.4000000e+01   1.6280883e-03
   3.0000000e+00   3.0000000e+00  -1.5493343e-03
   4.0000000e+00   3.0000000e+00   1.4021975e-03
   3.0000000e+00   5.0000000e+00   1.3752309e-03
   4.0000000e+00   2.0000000e+00   1.2860842e-03
   4.0000000e+00   5.0000000e+00   1.2592229e-03
   3.0000000e+00   2.0000000e+00  -1.2579467e-03
   4.0000000e+00   4.0000000e+00   1.2296935e-03
   1.0000000e+00   1.1000000e+01  -1.1794725e-03
   1.0000000e+00   9.0000000e+00   1.1589178e-03
   2.0000000e+00   9.0000000e+00   1.1580444e-03
   6.0000000e+00   7.0000000e+00  -1.1445723e-03
   1.0000000e+00   5.0000000e+00  -1.1429231e-03
   5.0000000e+00   5.0000000e+00  -1.1012160e-03
   6.0000000e+00   6.0000000e+00  -1.0394548e-03
   5.0000000e+00   4.0000000e+00  -1.0318003e-03
   4.0000000e+00   8.0000000e+00   9.9797234e-04
   5.0000000e+00   0.0000000e+00  -9.6556921e-04
   1.0000000e+01   5.0000000e+00   9.6260233e-04
   1.0000000e+00   2.0000000e+00  -9.3842873e-04
   4.0000000e+00   1.2000000e+01   9.2909519e-04
   3.0000000e+00   1.5000000e+01   9.2739430e-04
   3.0000000e+00   0.0000000e+00   8.7853774e-04
   1.0000000e+00   1.0000000e+01  -8.6007724e-04
   6.0000000e+00   2.0000000e+00  -8.5569083e-04
   3.0000000e+00   1.7000000e+01  -8.2841795e-04
   7.0000000e+00   9.0000000e+00   8.2827632e-04
   6.0000000e+00   3.0000000e+00  -8.1501392e-04
   6.0000000e+00   0.0000000e+00   7.9528793e-04
   5.0000000e+00   1.2000000e+01   7.9408254e-04
   0.0000000e+00   1.7000000e+01  -7.8062048e-04
   0.0000000e+00   1.3000000e+01   7.7797255e-04
   4.0000000e+00   1.0000000e+00   7.7757343e-04
   3.0000000e+00   1.4000000e+01   7.7373973e-04
   5.0000000e+00   1.0000000e+00  -7.6397550e-04
   4.0000000e+00   1.3000000e+01   7.5151355e-04
   3.0000000e+00   1.0000000e+01   7.3594873e-04
   1.0000000e+01   6.0000000e+00   7.3349154e-04
   9.0000000e+00   4.0000000e+00   7.1007250e-04
   1.0000000e+01   4.0000000e+00   7.0589625e-04
   1.1000000e+01   1.2000000e+01   6.9849810e-04
   6.0000000e+00   1.6000000e+01  -6.8745686e-04
   9.0000000e+00   5.0000000e+00   6.8471738e-04
   0.0000000e+00   2.1000000e+01  -6.7780901e-04
   3.0000000e+00   1.2000000e+01  -6.7394838e-04
   6.0000000e+00   1.8000000e+01   6.7143857e-04
   3.0000000e+00   9.0000000e+00  -6.6807407e-04
   8.0000000e+00   5.0000000e+00  -6.6656198e-04
   7.0000000e+00   8.0000000e+00   6.6534582e-04
   5.0000000e+00   9.0000000e+00  -6.5357729e-04
   4.0000000e+00   1.0000000e+01  -6.3881537e-04
   1.0000000e+00   1.7000000e+01   6.3797873e-04
   1.1000000e+01   1.1000000e+01   6.2309521e-04
   1.2000000e+01   5.0000000e+00  -6.1016324e-04
   1.3000000e+01   1.2000000e+01  -6.0060131e-04
   1.3000000e+01   9.0000000e+00   5.9476617e-04
   6.0000000e+00   5.0000000e+00  -5.9446720e-04
   3.0000000e+00   1.8000000e+01  -5.6649072e-04
   1.5000000e+01   9.0000000e+00  -5.4798928e-04
   6.0000000e+00   8.0000000e+00  -5.4306274e-04
   8.0000000e+00   1.6000000e+01   5.3707631e-04
   4.0000000e+00   1.6000000e+01   5.3168060e-04
   8.0000000e+00   0.0000000e+00  -5.2411891e-04
   1.1000000e+01   5.0000000e+00  -5.2360226e-04
   1.2000000e+01   4.0000000e+00  -5.1879285e-04
   5.0000000e+00   1.0000000e+01  -5.0804768e-04
   6.0000000e+00   1.0000000e+01   5.0619877e-04
   8.0000000e+00   4.0000000e+00  -5.0406841e-04
   7.0000000e+00   1.0000000e+01   5.0194136e-04
   9.0000000e+00   3.0000000e+00   4.9135783e-04
   8.0000000e+00   2.0000000e+00   4.8391315e-04
   6.0000000e+00   4.0000000e+00  -4.8149540e-04
   9.0000000e+00   1.1000000e+01  -4.7114381e-04
   5.0000000e+00   1.7000000e+01   4.6337518e-04
   1.0000000e+00   2.3000000e+01  -4.6281885e-04
   5.0000000e+00   1.4000000e+01  -4.5677225e-04
   1.1000000e+01   4.0000000e+00  -4.5501816e-04
   0.0000000e+00   2.2000000e+01  -4.4495949e-04
   0.0000000e+00   1.6000000e+01   4.3963099e-04
   1.0000000e+00   1.3000000e+01   4.3855586e-04
   1.2000000e+01   6.0000000e+00  -4.3832950e-04
   1.0000000e+01   7.0000000e+00   4.3192230e-04
   1.3000000e+01   1.1000000e+01  -4.2451836e-04
   6.0000000e+00   1.9000000e+01   4.2326270e-04
   1.0000000e+00   1.5000000e+01  -4.2286752e-04
   2.0000000e+00   1.2000000e+01  -4.1561313e-04
   0.0000000e+00   1.9000000e+01   4.0499992e-04
   5.0000000e+00   1.5000000e+01  -3.9811352e-04
   1.0000000e+01   1.1000000e+01  -3.9610164e-04
   9.0000000e+00   1.0000000e+01  -3.8973421e-04
   1.2000000e+01   1.1000000e+01   3.8270951e-04
   9.0000000e+00   8.0000000e+00  -3.8071911e-04
   6.0000000e+00   1.5000000e+01  -3.7740944e-04
   5.0000000e+00   3.0000000e+00  -3.7564336e-04
   4.0000000e+00   1.5000000e+01   3.7194295e-04
   7.0000000e+00   1.2000000e+01  -3.7158758e-04
   1.8000000e+01   6.0000000e+00  -3.6465938e-04
   5.0000000e+00   1.1000000e+01   3.5784277e-04
   9.0000000e+00   2.0000000e+00   3.5573150e-04
   1.0000000e+00   2.4000000e+01  -3.5568976e-04
   7.0000000e+00   3.0000000e+00  -3.4489776e-04
   2.0000000e+00   1.1000000e+01  -3.4193023e-04
   1.0000000e+01   8.0000000e+00   3.4019825e-04
   9.0000000e+00   1.2000000e+01  -3.3261261e-04
   4.0000000e+00   1.8000000e+01  -3.3214349e-04
   9.0000000e+00   9.0000000e+00  -3.2510971e-04
   8.0000000e+00   6.0000000e+00  -3.2373303e-04
   8.0000000e+00   1.5000000e+01   3.1963517e-04
   3.0000000e+00   1.3000000e+01  -3.1949448e-04
   5.0000000e+00   7.0000000e+00   3.1872033e-04
   7.0000000e+00   2.0000000e+00  -3.1496982e-04
   2.3000000e+01   1.0000000e+00   3.1285364e-04
   5.0000000e+00   6.0000000e+00  -3.0969179e-04
   1.2000000e+01   8.0000000e+00  -3.0639918e-04
   4.0000000e+00   1.4000000e+01   3.0386679e-04
   1.2000000e+01   7.0000000e+00  -3.0362817e-04
   1.1000000e+01   1.3000000e+01   3.0229210e-04
   1.6000000e+01   6.0000000e+00   2.9893994e-04
   1.3000000e+01   8.0000000e+00   2.9238513e-04
   1.8000000e+01   5.0000000e+00  -2.9219264e-04
   3.0000000e+00   1.0000000e+00   2.9112173e-04
   6.0000000e+00   9.0000000e+00   2.8953879e-04
   1.0000000e+01   2.0000000e+00  -2.8763820e-04
   1.5000000e+01   1.0000000e+01  -2.8619593e-04
   1.0000000e+00   1.8000000e+01   2.8564013e-04
   8.0000000e+00   9.0000000e+00  -2.8432386e-04
   0.0000000e+00   1.8000000e+01  -2.8362953e-04
   8.0000000e+00   1.3000000e+01  -2.8208580e-04
   2.0000000e+01   0.0000000e+00   2.7954906e-04
   1.7000000e+01   7.0000000e+00  -2.7901933e-04
   2.3000000e+01   2.0000000e+00   2.7797627e-04
   4.0000000e+00   9.0000000e+00  -2.7466393e-04
   1.1000000e+01   9.0000000e+00  -2.7464402e-04
   7.0000000e+00   1.3000000e+01  -2.7117852e-04
   7.0000000e+00   7.0000000e+00   2.6402662e-04
   2.0000000e+00   1.8000000e+01   2.6350100e-04
   1.4000000e+01   1.1000000e+01  -2.6011372e-04
   2.1000000e+01   2.0000000e+00  -2.5824182e-04
   1.2000000e+01   1.2000000e+01   2.5533809e-04
   9.0000000e+00   1.5000000e+01   2.5397132e-04
   9.0000000e+00   7.0000000e+00  -2.5369442e-04
   5.0000000e+00   1.3000000e+01   2.5350657e-04
   3.0000000e+00   1.1000000e+01   2.5324315e-04
   7.0000000e+00   4.0000000e+00  -2.5255303e-04
   1.5000000e+01   8.0000000e+00  -2.4929747e-04
   3.0000000e+00   2.2000000e+01   2.4772037e-04
   1.0000000e+01   1.2000000e+01  -2.4734509e-04
   1.7000000e+01   0.0000000e+00   2.4671318e-04
   1.7000000e+01   6.0000000e+00  -2.4529821e-04
   8.0000000e+00   1.4000000e+01  -2.4138729e-04
   2.0000000e+01   5.0000000e+00   2.4099803e-04
   1.0000000e+01   9.0000000e+00   2.3807277e-04
   1.0000000e+00   1.9000000e+01  -2.3535522e-04
   1.8000000e+01   7.0000000e+00  -2.3235601e-04
   1.8000000e+01   0.0000000e+00  -2.3181209e-04
   9.0000000e+00   6.0000000e+00   2.3094075e-04
   1.0000000e+00   2.1000000e+01   2.3041287e-04
   1.1000000e+01   0.0000000e+00   2.3030404e-04
   5.0000000e+00   2.0000000e+00  -2.2833699e-04
   2.1000000e+01   1.0000000e+00  -2.2732093e-04
   1.4000000e+01   4.0000000e+00   2.2578855e-04
   2.3000000e+01   0.0000000e+00   2.2241580e-04
   9.0000000e+00   1.0000000e+00   2.2154958e-04
   1.5000000e+01   6.0000000e+00   2.1990237e-04
   4.0000000e+00   0.0000000e+00   2.1874462e-04
   1.3000000e+01   1.0000000e+01   2.1717969e-04
   0.0000000e+00   2.4000000e+01   2.1238287e-04
   1.5000000e+01   0.0000000e+00  -2.1068682e-04
   1.5000000e+01   1.0000000e+00  -2.1019269e-04
   2.2000000e+01   0.0000000e+00  -2.1005353e-04
   5.0000000e+00   1.6000000e+01   2.0597805e-04
   1.3000000e+01   5.0000000e+00   2.0404170e-04
   4.0000000e+00   1.9000000e+01  -2.0256673e-04
   7.0000000e+00   1.6000000e+01  -2.0060192e-04
   1.2000000e+01   9.0000000e+00  -2.0028356e-04
   4.0000000e+00   2.0000000e+01   1.9576583e-04
   3.0000000e+00   2.0000000e+01   1.9505458e-04
   6.0000000e+00   1.2000000e+01  -1.9461186e-04
   1.0000000e+01   1.5000000e+01  -1.9457996e-04
   2.0000000e+00   1.0000000e+01   1.9281113e-04
   1.5000000e+01   7.0000000e+00   1.9111017e-04
   8.0000000e+00   1.1000000e+01   1.8981660e-04
   1.6000000e+01   5.0000000e+00   1.8861780e-04
   1.7000000e+01   1.0000000e+00   1.8791208e-04
   9.0000000e+00   1.6000000e+01   1.8720233e-04
   1.0000000e+00   7.0000000e+00  -1.8665424e-04
   1.9000000e+01   6.0000000e+00   1.8555243e-04
   9.0000000e+00   1.4000000e+01   1.8374937e-04
   6.0000000e+00   1.4000000e+01   1.8290859e-04
   1.2000000e+01   3.0000000e+00  -1.8067599e-04
   1.4000000e+01   8.0000000e+00   1.7991562e-04
   1.6000000e+01   7.0000000e+00   1.7793038e-04
   4.0000000e+00   1.1000000e+01   1.7722290e-04
   1.3000000e+01   4.0000000e+00   1.7435969e-04
   1.1000000e+01   3.0000000e+00  -1.6853935e-04
   7.0000000e+00   1.0000000e+00  -1.6688871e-04
   1.1000000e+01   7.0000000e+00   1.6603970e-04
   1.4000000e+01   9.0000000e+00   1.6370086e-04
   2.5000000e+01   0.0000000e+00  -1.5834715e-04
   1.4000000e+01   3.0000000e+00   1.5812009e-04
   2.0000000e+01   1.0000000e+00   1.5794862e-04
   1.0000000e+01   0.0000000e+00   1.5725134e-04
   1.0000000e+00   1.6000000e+01   1.5608768e-04
   5.0000000e+00   1.8000000e+01   1.5532210e-04
   2.1000000e+01   0.0000000e+00  -1.4873179e-04
   7.0000000e+00   5.0000000e+00  -1.4862205e-04
   4.0000000e+00   1.7000000e+01   1.4843978e-04
   1.0000000e+01   1.4000000e+01   1.4812361e-04
   1.9000000e+01   2.0000000e+00   1.4780326e-04
   2.0000000e+00   1.3000000e+01  -1.4358715e-04
   1.8000000e+01   4.0000000e+00  -1.4043653e-04
   1.2000000e+01   0.0000000e+00  -1.3951026e-04
   1.3000000e+01   7.0000000e+00  -1.3865484e-04
   1.8000000e+01   1.0000000e+00  -1.3522033e-04
   8.0000000e+00   3.0000000e+00   1.3353909e-04
   5.0000000e+00   1.9000000e+01  -1.3319546e-04
   1.4000000e+01   5.0000000e+00   1.3178274e-04
   1.0000000e+01   1.0000000e+00  -1.3160372e-04
   1.2000000e+01   1.0000000e+01   1.3151239e-04
   3.0000000e+00   4.0000000e+00   1.2939937e-04
   1.0000000e+00   1.4000000e+01  -1.2926969e-04
   2.0000000e+01   4.0000000e+00   1.2924389e-04
   2.0000000e+00   2.0000000e+01  -1.2917724e-04
   1.1000000e+01   6.0000000e+00  -1.2891262e-04
   1.6000000e+01   9.0000000e+00  -1.2820653e-04
   2.1000000e+01   3.0000000e+00  -1.2778048e-04
   1.0000000e+01   1.3000000e+01   1.2607816e-04
   8.0000000e+00   1.0000000e+01  -1.1978235e-04
   3.0000000e+00   2.1000000e+01   1.1848696e-04
   2.0000000e+00   1.4000000e+01   1.1780560e-04
   1.0000000e+00   2.0000000e+01  -1.1772556e-04
   2.0000000e+00   1.7000000e+01   1.1682043e-04
   1.4000000e+01   0.0000000e+00   1.1559194e-04
   2.4000000e+01   0.0000000e+00   1.1559156e-04
   7.0000000e+00   1.7000000e+01  -1.1510242e-04
   8.0000000e+00   8.0000000e+00  -1.1429652e-04
   0.0000000e+00   2.5000000e+01   1.0878567e-04
   7.0000000e+00   1.5000000e+01  -1.0877379e-04
   4.0000000e+00   2.1000000e+01   1.0765198e-04
   0.0000000e+00   2.3000000e+01   1.0500562e-04
   6.0000000e+00   1.3000000e+01   1.0393156e-04
   1.0000000e+01   1.0000000e+01  -1.0268812e-04
   8.0000000e+00   1.2000000e+01   1.0248482e-04
   2.1000000e+01   4.0000000e+00   1.0008921e-04
   1.4000000e+01   1.0000000e+00   9.9321169e-05
   1.9000000e+01   3.0000000e+00   9.5294182e-05
   3.0000000e+00   6.0000000e+00   9.3211243e-05
   1.9000000e+01   4.0000000e+00  -9.2247582e-05
   2.0000000e+00   1.9000000e+01   9.1097983e-05
   1.0000000e+01   3.0000000e+00   8.9770938e-05
   7.0000000e+00   1.4000000e+01  -8.9386473e-05
   2.0000000e+00   2.3000000e+01  -8.5561966e-05
   1.4000000e+01   1.0000000e+01  -8.2951363e-05
   7.0000000e+00   1.8000000e+01   8.1790830e-05
   2.2000000e+01   1.0000000e+00  -7.9986106e-05
   1.3000000e+01   6.0000000e+00  -7.9228296e-05
   1.1000000e+01   2.0000000e+00  -7.9122627e-05
   2.0000000e+00   1.5000000e+01   7.8868102e-05
   1.4000000e+01   2.0000000e+00   7.8597936e-05
   1.7000000e+01   4.0000000e+00   7.7534524e-05
   1.9000000e+01   5.0000000e+00  -7.7277943e-05
   1.1000000e+01   1.4000000e+01  -7.6633562e-05
   1.5000000e+01   4.0000000e+00  -7.5936616e-05
   1.1000000e+01   1.0000000e+01   7.2920470e-05
   7.0000000e+00   1.1000000e+01  -6.5024983e-05
   1.6000000e+01   8.0000000e+00  -6.3985262e-05
   3.0000000e+00   1.6000000e+01  -6.3371642e-05
   1.3000000e+01   0.0000000e+00  -6.0651205e-05
   1.9000000e+01   0.0000000e+00  -5.8215262e-05
   1.0000000e+00   1.2000000e+01  -5.7797285e-05
   6.0000000e+00   1.1000000e+01   5.7006446e-05
   5.0000000e+00   2.0000000e+01  -5.6868972e-05
   2.0000000e+00   2.1000000e+01  -5.6328112e-05
   1.2000000e+01   1.3000000e+01  -5.6299337e-05
   1.1000000e+01   8.0000000e+00  -5.6217524e-05
   1.6000000e+01   0.0000000e+00   5.5915537e-05
   2.2000000e+01   2.0000000e+00   5.5538359e-05
   2.0000000e+00   2.2000000e+01   5.4967727e-05
   1.6000000e+01   3.0000000e+00  -5.3024088e-05
   6.0000000e+00   1.7000000e+01  -5.1475253e-05
   1.7000000e+01   3.0000000e+00  -5.1298924e-05
   1.3000000e+01   1.0000000e+00   4.9595866e-05
   1.5000000e+01   3.0000000e+00   4.5998570e-05
   1.6000000e+01   2.0000000e+00  -4.5351593e-05
   1.2000000e+01   2.0000000e+00   4.5063296e-05
   0.0000000e+00   2.0000000e+01  -4.3295942e-05
   2.2000000e+01   3.0000000e+00   4.2987290e-05
   8.0000000e+00   1.0000000e+00   4.2391514e-05
   9.0000000e+00   1.3000000e+01  -3.9727752e-05
   3.0000000e+00   1.9000000e+01   3.8678325e-05
   7.0000000e+00   0.0000000e+00  -3.7483273e-05
   6.0000000e+00   1.0000000e+00  -3.6904140e-05
   1.7000000e+01   8.0000000e+00   3.4343316e-05
   8.0000000e+00   7.0000000e+00  -2.9032838e-05
   1.8000000e+01   3.0000000e+00  -2.8463347e-05
   1.5000000e+01   5.0000000e+00  -2.6121730e-05
   2.0000000e+00   1.6000000e+01  -2.6073136e-05
   1.3000000e+01   3.0000000e+00  -2.5934930e-05
   1.4000000e+01   7.0000000e+00   2.4501072e-05
   1.7000000e+01   2.0000000e+00  -2.3698158e-05
   7.0000000e+00   6.0000000e+00  -2.3270798e-05
   2.0000000e+01   3.0000000e+00   2.3255209e-05
   1.2000000e+01   1.0000000e+00  -2.1682955e-05
   1.6000000e+01   4.0000000e+00   2.1215907e-05
   1.0000000e+00   2.2000000e+01   2.0706582e-05
   8.0000000e+00   1.7000000e+01  -2.0441161e-05
   1.8000000e+01   2.0000000e+00  -1.8258362e-05
   1.9000000e+01   1.0000000e+00   1.6212118e-05
   1.3000000e+01   2.0000000e+00  -1.5592591e-05
   1.5000000e+01   2.0000000e+00  -1.3617111e-05
   1.7000000e+01   5.0000000e+00   1.3003203e-05
   2.0000000e+01   2.0000000e+00   1.2151618e-05
   1.4000000e+01   6.0000000e+00  -1.0780743e-05
   2.4000000e+01   1.0000000e+00  -1.0730252e-05
   1.1000000e+01   1.0000000e+00   1.0471487e-05
   5.0000000e+00   8.0000000e+00  -7.5128418e-06
   9.0000000e+00   0.0000000e+00  -5.2675729e-06
   1.6000000e+01   1.0000000e+00   4.4159005e-06
