   6.1243975e-03  -1.4465020e-02
   4.2900581e-06  -7.0825228e-03
   5.1100615e-04  -6.8114101e-03
  -6.6451435e-03  -1.2005681e-02
  -5.8073731e-04   6.7494019e-03
   8.7263936e-03   3.1503127e-03
   7.5705606e-04  -9.0129819e-03
  -7.0510250e-03  -1.1250655e-02
   2.6959657e-03  -4.0869646e-04
   4.3358250e-04   8.2644677e-04
  -3.7799559e-03   3.7939836e-03
  -1.2950508e-03   3.4644294e-04
   1.0944872e-03   2.2582081e-04
  -3.4564401e-04   3.4416195e-03
  -1.9932142e-03  -6.3227164e-04
   2.4356038e-03  -3.1920360e-03
   1.7987641e-03  -3.0711582e-03
   9.9068867e-04  -6.1406483e-05
   1.0474671e-03  -2.6443900e-03
   4.1970120e-04  -1.0436230e-03
   5.5564215e-04  -5.2299816e-03
  -1.1871755e-03   1.6195752e-03
   3.9911349e-05   2.7197237e-03
  -1.1890057e-03  -1.4189630e-03
  -1.6203592e-04  -2.0383294e-04
   6.8789677e-04  -2.1009740e-03
  -7.4267007e-04  -1.9188983e-03
  -1.9454994e-03  -3.5411355e-03
  -2.8556114e-03   3.3292185e-03
   1.4327511e-03   5.3334900e-03
  -2.4398199e-03  -3.0334517e-03
  -2.3860507e-03  -2.0465070e-03
  -3.1356345e-03   5.2207294e-03
  -2.1291259e-03  -3.6227605e-03
   5.8623706e-04  -3.1993196e-03
  -7.6432302e-04  -2.8040553e-03
   1.9033820e-03  -5.9904301e-03
  -3.0794233e-03   1.5303238e-03
   1.2000347e-04  -1.2562356e-03
   7.8138750e-04  -6.2115814e-03
   3.4545793e-04   1.9524496e-04
   6.9943733e-04   3.0102500e-03
  -7.6893187e-04   2.0555327e-03
  -4.0198979e-03  -2.0669147e-03
   1.1726312e-03   4.2605714e-03
  -2.9144521e-04  -4.7217399e-04
  -5.3686258e-04   2.8577632e-05
  -1.1427349e-04   3.2331399e-04
  -2.4935196e-03   5.2857315e-04
   2.3879842e-04  -2.9501779e-03
   1.1020117e-03   3.4856705e-03
  -1.7327381e-03   2.3486533e-03
   1.6159842e-04  -2.1659524e-03
  -9.1565650e-04   1.6637301e-03
   8.7183690e-04  -2.5298341e-03
  -1.1225465e-03  -1.3129450e-03
   6.4456905e-04   2.5635874e-03
   2.0955600e-04   9.3561590e-05
  -1.0962154e-03  -2.2931945e-03
   6.1719088e-04  -1.0329907e-03
  -1.6493525e-03  -1.2112272e-03
   1.4562394e-03   1.8263059e-04
  -1.4210650e-03  -1.7164021e-03
   3.4766114e-04   3.6491072e-04
   4.9573102e-05  -6.5197819e-04
   7.4132994e-04   1.2487316e-03
   1.6194130e-04   5.5346863e-05
  -2.0406014e-03  -6.1586446e-04
  -1.0702603e-03   1.3193318e-03
  -1.6295121e-03   5.7922161e-04
  -1.8289744e-03   2.8732401e-04
   4.3760394e-04   3.3276489e-04
  -7.4443146e-05   7.7095989e-05
  -2.7084783e-04   2.3898148e-04
   1.6898285e-04  -5.0219250e-04
   7.1698087e-05  -1.5070433e-03
  -2.8320246e-04   9.2349079e-04
  -2.6854539e-04   7.6519571e-04
   2.6323426e-05   2.3769536e-04
  -2.8887981e-04   9.8122350e-04
  -2.6204964e-04  -1.1026147e-05
  -4.6830446e-05  -2.3750868e-04
  -7.8312342e-05   5.4176614e-04
  -8.2717180e-05   6.1799897e-04
  -1.4127806e-04   4.8691438e-05
   2.2941464e-05   1.8737595e-04
  -1.7182443e-04   3.8064693e-04
  -1.8920567e-04   4.5432373e-04
  -1.8287182e-04  -3.9737924e-04
  -1.2405140e-04   3.0170169e-05
   2.6900076e-05  -1.1092357e-04
   2.2609744e-05   1.4324211e-04
  -9.9936328e-05  -1.0038218e-05
   5.2711451e-08   1.8214794e-04
  -8.8746792e-06   2.7633053e-04
  -1.1976718e-05  -2.7326663e-04
  -8.8643352e-05  -8.5459575e-05
  -6.4540089e-05  -1.5496606e-05
   1.0546209e-05  -7.0167028e-05
   1.9837527e-05  -1.3443834e-05
   6.7648535e-06   5.2207696e-05
   1.3087825e-05  -7.6028278e-06
   6.3909002e-06  -2.6549726e-05
   2.3631065e-06  -3.3864158e-05
  -9.4163982e-06   1.9348030e-06
  -3.1757570e-06  -2.1015330e-05
   1.1141474e-06   5.6723182e-05
  -1.8855432e-06  -2.3789876e-06
  -1.2812269e-07  -1.1953022e-05
  -5.6869469e-06  -8.4263626e-07
   8.1064537e-07   9.7633727e-06
   7.6925991e-07  -2.8384509e-06
   5.2763102e-07   1.2006141e-05
   5.0862619e-07   1.1456588e-05
  -2.4065387e-06   1.6371362e-07
   4.0116665e-08  -3.5713239e-06
   4.6998389e-07   4.5237133e-06
  -1.3698740e-06   4.0651385e-07
  -1.1430248e-06   5.6769951e-07
  -1.7322929e-06   2.8609698e-07
  -1.1692663e-06   3.5379725e-07
   4.3202006e-08  -1.3483152e-06
   7.4793785e-08   2.9538926e-06
  -3.8698223e-07   1.0524087e-06
   1.0104075e-07   1.6082761e-06
  -3.1071370e-07  -3.2812550e-08
   1.2570675e-08  -5.4547785e-07
  -5.3377539e-08  -3.5766168e-07
   4.8230131e-08  -2.4507443e-07
  -2.3105657e-09  -3.6142568e-07
  -1.6176293e-08   1.9387818e-07
  -8.0638093e-08  -3.8678965e-07
  -5.0536380e-08   2.9569606e-07
  -1.1420276e-07   2.6170253e-08
  -1.0134470e-07   1.9152200e-08
  -5.4951353e-08   1.6464115e-08
  -3.3536347e-09  -1.2940557e-07
  -3.8278220e-08  -4.9054131e-09
  -2.2946168e-08  -1.9103014e-08
  -1.3382981e-08  -1.4236502e-07
  -1.0489135e-08  -1.3132867e-08
   7.4320724e-09   1.0075279e-07
   7.1994496e-09   1.0540299e-07
   5.1845026e-09   1.0046632e-07
  -1.7858156e-09  -2.7469437e-08
  -3.1453817e-09   5.4092001e-08
   2.5662465e-09  -1.1407906e-08
  -6.1445989e-09  -1.0925946e-09
   3.1185720e-09   1.8112946e-08
   2.3997173e-09   1.7182831e-08
   5.6559695e-10  -7.1940281e-09
  -3.7830330e-09  -8.7867409e-11
  -4.4999232e-11   7.3201706e-09
   9.7530753e-10   1.5391037e-08
  -2.8730497e-10  -9.6352742e-09
  -1.8127721e-09  -3.8930276e-11
  -1.1179820e-10  -4.7918096e-09
  -9.5027134e-11   5.7431638e-09
  -4.5437230e-11  -2.8344075e-09
  -6.1871982e-11  -2.1239815e-09
  -3.4322371e-10  -3.8819580e-09
  -6.8222224e-11   3.8104745e-09
   3.1395955e-10   4.4949237e-09
  -3.4128563e-11  -1.9617610e-09
  -4.8448677e-10  -8.0619991e-10
   6.4988225e-11  -1.2156385e-09
   4.9273010e-12  -1.3412755e-09
   1.8006974e-10   1.9869019e-09
   6.2154641e-11  -4.0688818e-10
  -6.3491470e-11   1.8096982e-10
   5.2866576e-11   2.4628184e-10
   2.8663143e-11   1.2397639e-11
  -8.4977904e-12  -4.2492243e-11
   8.3158424e-12   1.6137787e-10
  -1.0868827e-11  -3.5226781e-11
  -1.5882290e-11  -3.2773661e-12
  -8.5366038e-12   6.0353287e-12
   1.5607399e-12  -9.0010259e-12
  -2.6222103e-13  -1.9251394e-11
   2.8439270e-12   1.5307665e-11
   1.6961859e-12   1.1203632e-11
  -5.9070563e-13  -1.5728259e-11
   1.2172283e-12   1.6657362e-11
  -1.7905186e-12  -7.1319854e-14
   2.9626594e-14  -6.8815305e-12
   2.1702187e-14  -5.7908566e-12
   5.6623429e-13   4.0862662e-13
   5.0498034e-13   7.4910426e-12
  -1.2771324e-12   2.3940194e-13
   3.6826785e-13   6.2204375e-12
  -8.4001620e-15  -2.0078868e-12
  -9.9865165e-15  -1.6581873e-12
  -2.6781302e-13   5.2835602e-13
   1.6031922e-13   2.2455936e-12
   8.5655792e-14   1.1909469e-12
  -6.5184038e-14   6.0759959e-13
   2.5958801e-14   1.7576764e-13
  -5.2275625e-16   1.9177780e-14
   0.0000000e+00   0.0000000e+00
   0.0000000e+00   0.0000000e+00
   0.0000000e+00   0.0000000e+00
   0.0000000e+00   0.0000000e+00
   0.0000000e+00   0.0000000e+00
   0.0000000e+00   0.0000000e+00
   0.0000000e+00   0.0000000e+00
   0.0000000e+00   0.0000000e+00
   0.0000000e+00   0.0000000e+00
   0.0000000e+00   0.0000000e+00
   0.0000000e+00   0.0000000e+00
