   0.0000000e+00   1.0000000e+00   1.6247902e-01
   0.0000000e+00   0.0000000e+00   1.4608583e-01
   2.0000000e+00   0.0000000e+00  -6.1590305e-02
   2.0000000e+00   4.0000000e+00  -5.9291690e-02
   0.0000000e+00   3.0000000e+00  -5.9035279e-02
   1.0000000e+00   0.0000000e+00  -5.8447628e-02
   2.0000000e+00   5.0000000e+00  -4.4385895e-02
   0.0000000e+00   2.0000000e+00   4.4350271e-02
   0.0000000e+00   9.0000000e+00   4.1938673e-02
   0.0000000e+00   4.0000000e+00  -4.1418205e-02
   1.0000000e+00   2.0000000e+00   4.0528366e-02
   0.0000000e+00   7.0000000e+00  -3.9644826e-02
   2.0000000e+00   2.0000000e+00   3.9596404e-02
   2.0000000e+00   7.0000000e+00   3.6591355e-02
   4.0000000e+00   2.0000000e+00  -3.2836925e-02
   4.0000000e+00   1.0000000e+00  -3.1475612e-02
   1.0000000e+00   6.0000000e+00   2.8963552e-02
   1.0000000e+00   8.0000000e+00  -2.8630682e-02
   4.0000000e+00   5.0000000e+00   2.8603344e-02
   0.0000000e+00   1.0000000e+01   2.5453067e-02
   6.0000000e+00   1.0000000e+00   2.4892776e-02
   1.0000000e+00   3.0000000e+00   2.4036625e-02
   4.0000000e+00   4.0000000e+00   2.4001686e-02
   0.0000000e+00   1.1000000e+01  -2.2587583e-02
   1.0000000e+00   1.1000000e+01   2.2576710e-02
   1.0000000e+00   9.0000000e+00  -2.2055309e-02
   6.0000000e+00   0.0000000e+00   2.1948558e-02
   7.0000000e+00   0.0000000e+00   2.1427686e-02
   0.0000000e+00   1.2000000e+01  -2.1415770e-02
   0.0000000e+00   1.9000000e+01  -2.0999509e-02
   5.0000000e+00   4.0000000e+00  -2.0384880e-02
   0.0000000e+00   1.7000000e+01   1.9019469e-02
   6.0000000e+00   2.0000000e+00   1.8632112e-02
   3.0000000e+00   6.0000000e+00  -1.8504473e-02
   2.0000000e+00   6.0000000e+00   1.8396490e-02
   1.0000000e+00   1.3000000e+01  -1.8076890e-02
   2.0000000e+00   9.0000000e+00  -1.8060717e-02
   4.0000000e+00   7.0000000e+00  -1.7359249e-02
   1.0000000e+00   1.0000000e+01   1.7009812e-02
   5.0000000e+00   0.0000000e+00  -1.6818418e-02
   0.0000000e+00   2.1000000e+01   1.6814675e-02
   5.0000000e+00   6.0000000e+00   1.6435219e-02
   4.0000000e+00   0.0000000e+00  -1.6235012e-02
   6.0000000e+00   5.0000000e+00  -1.6121163e-02
   9.0000000e+00   0.0000000e+00  -1.5878971e-02
   5.0000000e+00   2.0000000e+00   1.5724037e-02
   7.0000000e+00   2.0000000e+00  -1.5214520e-02
   3.0000000e+00   4.0000000e+00   1.4985306e-02
   1.4000000e+01   2.0000000e+00  -1.4686863e-02
   1.0000000e+00   1.5000000e+01   1.4661861e-02
   1.2000000e+01   2.0000000e+00   1.4194695e-02
   1.0000000e+00   1.7000000e+01  -1.3457850e-02
   3.0000000e+00   2.0000000e+00  -1.3433476e-02
   1.0000000e+00   4.0000000e+00  -1.3016055e-02
   1.0000000e+00   1.9000000e+01   1.2742318e-02
   0.0000000e+00   2.2000000e+01   1.2709415e-02
   7.0000000e+00   1.2000000e+01   1.2652364e-02
   5.0000000e+00   1.2000000e+01  -1.2526534e-02
   0.0000000e+00   1.5000000e+01  -1.2477169e-02
   1.1000000e+01   4.0000000e+00  -1.2097923e-02
   5.0000000e+00   1.4000000e+01   1.2018024e-02
   1.1000000e+01   3.0000000e+00  -1.1971128e-02
   7.0000000e+00   1.4000000e+01  -1.1846266e-02
   1.0000000e+00   1.0000000e+00  -1.1775529e-02
   7.0000000e+00   1.0000000e+01  -1.1643292e-02
   3.0000000e+00   9.0000000e+00   1.1638472e-02
   0.0000000e+00   5.0000000e+00   1.1344394e-02
   1.4000000e+01   1.0000000e+00  -1.1147119e-02
   3.0000000e+00   8.0000000e+00   1.1128989e-02
   1.6000000e+01   2.0000000e+00   1.1103633e-02
   5.0000000e+00   8.0000000e+00  -1.0973732e-02
   1.0000000e+00   2.1000000e+01  -1.0920901e-02
   1.2000000e+01   1.0000000e+00   1.0854737e-02
   6.0000000e+00   4.0000000e+00  -1.0850466e-02
   6.0000000e+00   1.5000000e+01   1.0826917e-02
   1.0000000e+00   7.0000000e+00   1.0734401e-02
   5.0000000e+00   1.0000000e+01   1.0661531e-02
   7.0000000e+00   8.0000000e+00   1.0556122e-02
   3.0000000e+00   1.7000000e+01   1.0524981e-02
   0.0000000e+00   1.3000000e+01   1.0499784e-02
   3.0000000e+00   7.0000000e+00  -1.0415555e-02
   0.0000000e+00   2.0000000e+01  -1.0383737e-02
   0.0000000e+00   2.4000000e+01  -1.0268824e-02
   0.0000000e+00   2.3000000e+01  -1.0254618e-02
   8.0000000e+00   1.5000000e+01  -1.0193739e-02
   9.0000000e+00   2.0000000e+00   1.0190436e-02
   1.1000000e+01   0.0000000e+00   1.0151382e-02
   1.3000000e+01   4.0000000e+00   1.0107873e-02
   5.0000000e+00   1.7000000e+01  -1.0097832e-02
   6.0000000e+00   1.7000000e+01  -1.0015599e-02
   7.0000000e+00   6.0000000e+00  -9.8647830e-03
   9.0000000e+00   3.0000000e+00   9.7972758e-03
   1.3000000e+01   3.0000000e+00   9.6380694e-03
   4.0000000e+00   8.0000000e+00  -9.6107365e-03
   3.0000000e+00   1.9000000e+01  -9.5226307e-03
   3.0000000e+00   1.5000000e+01  -9.3506755e-03
   2.0000000e+00   1.0000000e+00  -9.2077321e-03
   1.2000000e+01   3.0000000e+00   9.0423307e-03
   3.0000000e+00   1.0000000e+00  -9.0197027e-03
   7.0000000e+00   1.6000000e+01   8.8452314e-03
   8.0000000e+00   1.7000000e+01   8.7061207e-03
   5.0000000e+00   1.9000000e+01   8.6843771e-03
   1.6000000e+01   1.0000000e+00   8.6486030e-03
   3.0000000e+00   1.1000000e+01  -8.6106041e-03
   0.0000000e+00   1.4000000e+01   8.5616809e-03
   9.0000000e+00   1.0000000e+01   8.5106700e-03
   5.0000000e+00   1.5000000e+01   8.4380736e-03
   8.0000000e+00   1.3000000e+01   8.4288804e-03
   7.0000000e+00   4.0000000e+00   8.3538358e-03
   9.0000000e+00   1.2000000e+01  -8.2630676e-03
   4.0000000e+00   3.0000000e+00  -8.2403101e-03
   5.0000000e+00   1.6000000e+01  -8.2245501e-03
   2.0000000e+00   1.1000000e+01   8.0285531e-03
   0.0000000e+00   8.0000000e+00  -7.9778521e-03
   1.3000000e+01   0.0000000e+00  -7.9322810e-03
   8.0000000e+00   0.0000000e+00  -7.9004238e-03
   1.0000000e+00   1.2000000e+01  -7.8805726e-03
   1.0000000e+01   2.0000000e+00  -7.8552109e-03
   6.0000000e+00   7.0000000e+00   7.8190895e-03
   1.1000000e+01   7.0000000e+00   7.8031034e-03
   6.0000000e+00   1.3000000e+01  -7.7725923e-03
   3.0000000e+00   1.3000000e+01   7.7682425e-03
   1.0000000e+00   2.3000000e+01   7.7648697e-03
   9.0000000e+00   1.4000000e+01   7.7350012e-03
   1.4000000e+01   3.0000000e+00  -7.7250780e-03
   1.5000000e+01   0.0000000e+00   7.7205473e-03
   9.0000000e+00   8.0000000e+00  -7.6654920e-03
   8.0000000e+00   1.0000000e+00  -7.6470319e-03
   8.0000000e+00   4.0000000e+00   7.6385397e-03
   9.0000000e+00   7.0000000e+00  -7.5213159e-03
   1.0000000e+01   3.0000000e+00  -7.5091234e-03
   1.7000000e+01   0.0000000e+00  -7.1178338e-03
   7.0000000e+00   1.7000000e+01   7.0755027e-03
   4.0000000e+00   1.7000000e+01   6.9704155e-03
   4.0000000e+00   1.5000000e+01  -6.9333008e-03
   3.0000000e+00   2.1000000e+01   6.7721202e-03
   6.0000000e+00   1.9000000e+01   6.6566757e-03
   1.1000000e+01   5.0000000e+00  -6.6422577e-03
   9.0000000e+00   5.0000000e+00   6.5331955e-03
   1.0000000e+01   1.3000000e+01  -6.4666308e-03
   9.0000000e+00   1.6000000e+01  -6.4428165e-03
   1.0000000e+01   1.5000000e+01   6.3883011e-03
   5.0000000e+00   3.0000000e+00  -6.3080571e-03
   1.3000000e+01   1.0000000e+00  -6.2936457e-03
   8.0000000e+00   5.0000000e+00   6.1499972e-03
   1.8000000e+01   2.0000000e+00  -5.9971238e-03
   9.0000000e+00   4.0000000e+00   5.9407626e-03
   5.0000000e+00   1.0000000e+00   5.8469711e-03
   1.5000000e+01   1.0000000e+00   5.7758187e-03
   1.0000000e+00   2.4000000e+01   5.6502293e-03
   0.0000000e+00   2.5000000e+01   5.6305724e-03
   1.1000000e+01   1.0000000e+00   5.5626193e-03
   1.5000000e+01   3.0000000e+00  -5.5595841e-03
   4.0000000e+00   1.9000000e+01  -5.5149333e-03
   3.0000000e+00   1.0000000e+01  -5.5137912e-03
   6.0000000e+00   3.0000000e+00   5.4781039e-03
   3.0000000e+00   1.4000000e+01  -5.4719359e-03
   6.0000000e+00   1.8000000e+01  -5.4477721e-03
   1.3000000e+01   7.0000000e+00  -5.3913478e-03
   6.0000000e+00   8.0000000e+00   5.3669888e-03
   1.4000000e+01   5.0000000e+00   5.3571139e-03
   1.8000000e+01   1.0000000e+00  -5.3055943e-03
   7.0000000e+00   1.5000000e+01  -5.2970261e-03
   4.0000000e+00   9.0000000e+00   5.2828061e-03
   2.0000000e+00   2.1000000e+01  -5.2662199e-03
   1.0000000e+01   1.0000000e+00  -5.2015800e-03
   1.6000000e+01   3.0000000e+00   5.1774679e-03
   1.2000000e+01   5.0000000e+00  -5.1558254e-03
   8.0000000e+00   1.2000000e+01   5.1431419e-03
   0.0000000e+00   6.0000000e+00  -5.1350470e-03
   2.0000000e+00   2.3000000e+01   5.1271533e-03
   1.1000000e+01   2.0000000e+00  -5.1008282e-03
   1.9000000e+01   0.0000000e+00   5.0960090e-03
   3.0000000e+00   1.2000000e+01   5.0110370e-03
   1.0000000e+01   1.1000000e+01   4.9838059e-03
   1.2000000e+01   6.0000000e+00  -4.9809426e-03
   2.0000000e+00   1.3000000e+01  -4.9547498e-03
   1.1000000e+01   1.0000000e+01  -4.9521813e-03
   0.0000000e+00   1.8000000e+01   4.8855186e-03
   7.0000000e+00   1.8000000e+01  -4.8805361e-03
   2.0000000e+00   1.9000000e+01   4.8406854e-03
   4.0000000e+00   1.3000000e+01   4.7611036e-03
   5.0000000e+00   7.0000000e+00   4.7592533e-03
   1.0000000e+01   6.0000000e+00   4.7340772e-03
   1.5000000e+01   4.0000000e+00  -4.6841709e-03
   5.0000000e+00   1.3000000e+01  -4.5347827e-03
   4.0000000e+00   1.0000000e+01   4.4393525e-03
   2.0000000e+00   1.7000000e+01  -4.4259798e-03
   1.1000000e+01   8.0000000e+00   4.3873375e-03
   8.0000000e+00   1.1000000e+01  -4.3611940e-03
   2.0000000e+00   1.5000000e+01   4.3604049e-03
   8.0000000e+00   1.0000000e+01  -4.3240910e-03
   1.2000000e+01   1.1000000e+01  -4.3218763e-03
   1.0000000e+00   1.4000000e+01   4.3074583e-03
   1.0000000e+01   8.0000000e+00  -4.2807355e-03
   6.0000000e+00   1.2000000e+01  -4.2748500e-03
   6.0000000e+00   6.0000000e+00  -4.2591467e-03
   1.0000000e+00   2.2000000e+01  -4.2551283e-03
   1.7000000e+01   1.0000000e+00  -4.2430374e-03
   1.2000000e+01   8.0000000e+00   4.2089957e-03
   1.0000000e+01   4.0000000e+00  -4.2048636e-03
   3.0000000e+00   0.0000000e+00   4.1549190e-03
   1.3000000e+01   5.0000000e+00   4.1296517e-03
   1.1000000e+01   1.2000000e+01   4.0856663e-03
   9.0000000e+00   9.0000000e+00   4.0640275e-03
   1.0000000e+01   1.0000000e+01   4.0551796e-03
   8.0000000e+00   2.0000000e+00  -3.9811966e-03
   4.0000000e+00   2.1000000e+01   3.8781565e-03
   3.0000000e+00   1.6000000e+01   3.8277260e-03
   1.1000000e+01   1.4000000e+01  -3.6658257e-03
   1.2000000e+01   1.3000000e+01   3.6652806e-03
   8.0000000e+00   7.0000000e+00  -3.5880295e-03
   2.0000000e+00   1.0000000e+01  -3.5479160e-03
   1.1000000e+01   9.0000000e+00  -3.5228634e-03
   9.0000000e+00   1.0000000e+00  -3.4995086e-03
   1.2000000e+01   9.0000000e+00   3.4875254e-03
   1.4000000e+01   6.0000000e+00   3.3896652e-03
   1.6000000e+01   5.0000000e+00  -3.3246606e-03
   2.0000000e+00   1.8000000e+01   3.3019450e-03
   5.0000000e+00   1.8000000e+01   3.2664792e-03
   2.0000000e+00   1.6000000e+01  -3.2659847e-03
   3.0000000e+00   2.2000000e+01   3.2262636e-03
   1.2000000e+01   0.0000000e+00   3.1432982e-03
   1.0000000e+00   1.6000000e+01  -3.0794904e-03
   3.0000000e+00   3.0000000e+00   3.0737036e-03
   1.4000000e+01   9.0000000e+00  -2.9846289e-03
   1.0000000e+01   9.0000000e+00  -2.9678106e-03
   7.0000000e+00   7.0000000e+00   2.9325068e-03
   1.4000000e+01   1.1000000e+01   2.9229550e-03
   4.0000000e+00   2.0000000e+01  -2.9098945e-03
   1.3000000e+01   6.0000000e+00  -2.8984543e-03
   7.0000000e+00   5.0000000e+00  -2.7651342e-03
   6.0000000e+00   1.1000000e+01   2.7567778e-03
   1.3000000e+01   1.0000000e+01   2.7263806e-03
   4.0000000e+00   6.0000000e+00   2.6975539e-03
   1.0000000e+01   1.2000000e+01  -2.6634068e-03
   1.8000000e+01   3.0000000e+00  -2.6098183e-03
   2.0000000e+00   2.0000000e+01  -2.6091609e-03
   7.0000000e+00   9.0000000e+00  -2.5969963e-03
   6.0000000e+00   1.4000000e+01   2.5077296e-03
   2.0000000e+00   8.0000000e+00   2.4873562e-03
   1.4000000e+01   8.0000000e+00  -2.4825897e-03
   1.5000000e+01   7.0000000e+00   2.4458527e-03
   2.0000000e+00   1.4000000e+01   2.4436698e-03
   4.0000000e+00   1.1000000e+01  -2.4307659e-03
   2.5000000e+01   0.0000000e+00   2.4248878e-03
   5.0000000e+00   9.0000000e+00  -2.3798025e-03
   4.0000000e+00   1.8000000e+01   2.3532762e-03
   9.0000000e+00   6.0000000e+00   2.3399927e-03
   1.4000000e+01   0.0000000e+00  -2.2856289e-03
   2.0000000e+01   1.0000000e+00   2.2632028e-03
   3.0000000e+00   2.0000000e+01  -2.2613027e-03
   0.0000000e+00   1.6000000e+01  -2.2352675e-03
   1.3000000e+01   9.0000000e+00   2.2125808e-03
   8.0000000e+00   1.4000000e+01  -2.2091927e-03
   1.9000000e+01   1.0000000e+00   2.2011866e-03
   1.3000000e+01   8.0000000e+00  -2.1965966e-03
   7.0000000e+00   3.0000000e+00  -2.1683851e-03
   1.3000000e+01   2.0000000e+00   2.1572006e-03
   8.0000000e+00   1.6000000e+01  -2.1360116e-03
   1.1000000e+01   6.0000000e+00   2.1197161e-03
   2.1000000e+01   0.0000000e+00  -2.1182661e-03
   8.0000000e+00   3.0000000e+00   2.0781852e-03
   9.0000000e+00   1.5000000e+01   2.0731346e-03
   1.7000000e+01   3.0000000e+00   1.9975211e-03
   7.0000000e+00   1.3000000e+01   1.9512811e-03
   6.0000000e+00   1.6000000e+01   1.9149692e-03
   1.6000000e+01   9.0000000e+00   1.8805483e-03
   1.3000000e+01   1.2000000e+01  -1.8330847e-03
   1.9000000e+01   4.0000000e+00   1.8116287e-03
   1.4000000e+01   4.0000000e+00   1.8082509e-03
   1.2000000e+01   1.0000000e+01  -1.8073082e-03
   1.6000000e+01   4.0000000e+00  -1.7939630e-03
   1.5000000e+01   1.0000000e+01  -1.7497065e-03
   2.0000000e+01   0.0000000e+00   1.7244555e-03
   8.0000000e+00   9.0000000e+00   1.6761600e-03
   9.0000000e+00   1.1000000e+01  -1.6155680e-03
   1.8000000e+01   0.0000000e+00  -1.5895254e-03
   1.6000000e+01   0.0000000e+00   1.5759704e-03
   5.0000000e+00   1.1000000e+01   1.5712839e-03
   5.0000000e+00   5.0000000e+00  -1.5642020e-03
   1.6000000e+01   6.0000000e+00  -1.5569629e-03
   1.0000000e+00   2.0000000e+01   1.5504256e-03
   1.5000000e+01   6.0000000e+00   1.5052374e-03
   2.0000000e+01   2.0000000e+00   1.4878361e-03
   1.0000000e+01   7.0000000e+00   1.4149849e-03
   2.2000000e+01   0.0000000e+00  -1.4062061e-03
   2.1000000e+01   4.0000000e+00  -1.3500713e-03
   1.9000000e+01   6.0000000e+00  -1.3440281e-03
   1.0000000e+01   5.0000000e+00   1.3339185e-03
   2.2000000e+01   2.0000000e+00   1.3039798e-03
   1.5000000e+01   5.0000000e+00  -1.2992506e-03
   6.0000000e+00   9.0000000e+00  -1.2742328e-03
   1.0000000e+00   1.8000000e+01   1.2740721e-03
   1.5000000e+01   8.0000000e+00   1.2632812e-03
   2.0000000e+00   3.0000000e+00   1.2331763e-03
   4.0000000e+00   1.4000000e+01  -1.1957381e-03
   2.4000000e+01   1.0000000e+00  -1.1746727e-03
   1.0000000e+01   0.0000000e+00  -1.1687958e-03
   2.0000000e+00   2.2000000e+01   1.1600953e-03
   7.0000000e+00   1.1000000e+01   1.1576312e-03
   8.0000000e+00   6.0000000e+00  -1.1556084e-03
   1.5000000e+01   2.0000000e+00  -1.1494058e-03
   2.3000000e+01   1.0000000e+00  -1.1046065e-03
   1.7000000e+01   8.0000000e+00  -1.0770442e-03
   1.7000000e+01   2.0000000e+00   1.0403704e-03
   1.1000000e+01   1.1000000e+01   1.0373593e-03
   1.9000000e+01   2.0000000e+00  -1.0311605e-03
   8.0000000e+00   8.0000000e+00   1.0142383e-03
   2.0000000e+01   5.0000000e+00   9.6308809e-04
   1.5000000e+01   9.0000000e+00  -9.0833495e-04
   2.1000000e+01   2.0000000e+00   8.3594907e-04
   1.8000000e+01   5.0000000e+00   8.0386223e-04
   6.0000000e+00   1.0000000e+01   7.3951224e-04
   2.0000000e+01   4.0000000e+00   7.2911792e-04
   2.3000000e+01   0.0000000e+00  -6.9968156e-04
   1.6000000e+01   8.0000000e+00   6.5939852e-04
   2.0000000e+01   3.0000000e+00   6.5090129e-04
   1.8000000e+01   7.0000000e+00   6.2335686e-04
   4.0000000e+00   1.6000000e+01  -5.9207918e-04
   2.4000000e+01   0.0000000e+00   5.7101474e-04
   2.1000000e+01   3.0000000e+00  -5.6380234e-04
   3.0000000e+00   1.8000000e+01  -5.5655030e-04
   1.8000000e+01   4.0000000e+00   5.2591568e-04
   2.3000000e+01   2.0000000e+00  -5.2044453e-04
   2.2000000e+01   3.0000000e+00   5.1183510e-04
   1.9000000e+01   5.0000000e+00   4.9211114e-04
   4.0000000e+00   1.2000000e+01   4.7536344e-04
   1.2000000e+01   1.2000000e+01  -4.4711971e-04
   1.0000000e+00   5.0000000e+00  -4.2920505e-04
   5.0000000e+00   2.0000000e+01   3.8069140e-04
   1.2000000e+01   4.0000000e+00   3.7293297e-04
   1.7000000e+01   7.0000000e+00  -3.5968695e-04
   1.2000000e+01   7.0000000e+00  -3.5768589e-04
   1.6000000e+01   7.0000000e+00  -3.4929786e-04
   1.7000000e+01   5.0000000e+00  -3.2594702e-04
   3.0000000e+00   5.0000000e+00   3.2261835e-04
   1.8000000e+01   6.0000000e+00   2.8092641e-04
   1.7000000e+01   6.0000000e+00   2.7191721e-04
   2.1000000e+01   1.0000000e+00  -2.5904090e-04
   1.4000000e+01   1.0000000e+01  -2.4874387e-04
   7.0000000e+00   1.0000000e+00  -2.2945697e-04
   9.0000000e+00   1.3000000e+01  -2.0662120e-04
   1.3000000e+01   1.1000000e+01  -2.0120728e-04
   1.1000000e+01   1.3000000e+01  -1.8880940e-04
   1.0000000e+01   1.4000000e+01   1.7636708e-04
   2.0000000e+00   1.2000000e+01  -1.3538915e-04
   1.4000000e+01   7.0000000e+00   1.2332188e-04
   1.7000000e+01   4.0000000e+00   9.9124340e-05
   2.2000000e+01   1.0000000e+00  -5.6126602e-05
   1.9000000e+01   3.0000000e+00   3.1262074e-05
