   0.0000000e+00   0.0000000e+00   2.2312542e-02
   0.0000000e+00   1.0000000e+00   4.2120837e-03
   0.0000000e+00   2.0000000e+00   1.3482633e-03
   0.0000000e+00   3.0000000e+00   4.2826434e-03
   0.0000000e+00   4.0000000e+00   6.5156980e-03
   0.0000000e+00   5.0000000e+00   7.5491749e-04
   0.0000000e+00   6.0000000e+00   2.6968602e-03
   0.0000000e+00   7.0000000e+00   3.2161705e-03
   0.0000000e+00   8.0000000e+00   4.1627835e-03
   0.0000000e+00   9.0000000e+00   2.0859642e-03
   0.0000000e+00   1.0000000e+01   2.6515023e-03
   0.0000000e+00   1.1000000e+01   3.5070476e-03
   0.0000000e+00   1.2000000e+01   2.7906732e-03
   0.0000000e+00   1.3000000e+01   1.6076856e-03
   0.0000000e+00   1.4000000e+01   1.7749425e-03
   0.0000000e+00   1.5000000e+01   1.2678942e-03
   0.0000000e+00   1.6000000e+01   6.9314387e-04
   0.0000000e+00   1.7000000e+01   4.8185487e-04
   0.0000000e+00   1.8000000e+01   2.7871356e-04
   0.0000000e+00   1.9000000e+01   3.0336770e-04
   0.0000000e+00   2.0000000e+01   7.6561411e-05
   0.0000000e+00   2.1000000e+01  -1.6398521e-04
   0.0000000e+00   2.2000000e+01   1.5569320e-04
   0.0000000e+00   2.3000000e+01   3.1869152e-04
   0.0000000e+00   2.4000000e+01   1.6123643e-04
   0.0000000e+00   2.5000000e+01   2.0363180e-04
   1.0000000e+00   0.0000000e+00   3.2250683e-03
   1.0000000e+00   1.0000000e+00  -3.3274004e-03
   1.0000000e+00   2.0000000e+00  -1.0390428e-03
   1.0000000e+00   3.0000000e+00   2.3444719e-03
   1.0000000e+00   4.0000000e+00   1.3984111e-03
   1.0000000e+00   5.0000000e+00  -5.0831567e-04
   1.0000000e+00   6.0000000e+00   1.6325763e-03
   1.0000000e+00   7.0000000e+00   9.7708770e-04
   1.0000000e+00   8.0000000e+00   9.7047438e-04
   1.0000000e+00   9.0000000e+00   2.4143162e-04
   1.0000000e+00   1.0000000e+01   1.5012533e-03
   1.0000000e+00   1.1000000e+01   1.0949078e-03
   1.0000000e+00   1.2000000e+01   1.0310516e-03
   1.0000000e+00   1.3000000e+01   9.2357688e-04
   1.0000000e+00   1.4000000e+01   1.5610392e-03
   1.0000000e+00   1.5000000e+01   9.9383743e-04
   1.0000000e+00   1.6000000e+01   8.1988324e-04
   1.0000000e+00   1.7000000e+01   8.3312710e-04
   1.0000000e+00   1.8000000e+01   5.4568980e-04
   1.0000000e+00   1.9000000e+01   3.6442089e-04
   1.0000000e+00   2.0000000e+01   1.1487779e-04
   1.0000000e+00   2.1000000e+01  -1.5243156e-04
   1.0000000e+00   2.2000000e+01  -6.0540794e-05
   1.0000000e+00   2.3000000e+01   6.4678023e-05
   1.0000000e+00   2.4000000e+01   9.8539840e-05
   2.0000000e+00   0.0000000e+00   3.7604151e-03
   2.0000000e+00   1.0000000e+00   8.9897382e-04
   2.0000000e+00   2.0000000e+00   4.0322787e-03
   2.0000000e+00   3.0000000e+00   2.1450738e-03
   2.0000000e+00   4.0000000e+00   1.1116978e-03
   2.0000000e+00   5.0000000e+00   1.1890662e-03
   2.0000000e+00   6.0000000e+00   1.5646644e-03
   2.0000000e+00   7.0000000e+00   7.4250666e-04
   2.0000000e+00   8.0000000e+00   5.4114104e-05
   2.0000000e+00   9.0000000e+00   3.5011792e-04
   2.0000000e+00   1.0000000e+01   8.8723980e-04
   2.0000000e+00   1.1000000e+01  -1.9757571e-04
   2.0000000e+00   1.2000000e+01   4.2380128e-04
   2.0000000e+00   1.3000000e+01   5.2018844e-04
   2.0000000e+00   1.4000000e+01   7.5003126e-04
   2.0000000e+00   1.5000000e+01   3.1864603e-04
   2.0000000e+00   1.6000000e+01   5.3953020e-04
   2.0000000e+00   1.7000000e+01   4.5503757e-04
   2.0000000e+00   1.8000000e+01   4.4978443e-04
   2.0000000e+00   1.9000000e+01   2.6729272e-04
   2.0000000e+00   2.0000000e+01   1.9546701e-04
   2.0000000e+00   2.1000000e+01   2.3499003e-04
   2.0000000e+00   2.2000000e+01   1.5432285e-05
   2.0000000e+00   2.3000000e+01  -1.2709177e-04
   3.0000000e+00   0.0000000e+00   5.4428318e-03
   3.0000000e+00   1.0000000e+00   1.7248977e-03
   3.0000000e+00   2.0000000e+00   1.7097444e-04
   3.0000000e+00   3.0000000e+00   2.7212233e-04
   3.0000000e+00   4.0000000e+00   3.9741603e-04
   3.0000000e+00   5.0000000e+00   1.3293647e-04
   3.0000000e+00   6.0000000e+00   3.6545457e-04
   3.0000000e+00   7.0000000e+00   3.0818573e-04
   3.0000000e+00   8.0000000e+00   3.2971760e-04
   3.0000000e+00   9.0000000e+00   5.3849875e-04
   3.0000000e+00   1.0000000e+01   6.4920574e-04
   3.0000000e+00   1.1000000e+01   1.7564734e-04
   3.0000000e+00   1.2000000e+01   5.0607488e-04
   3.0000000e+00   1.3000000e+01   2.9795116e-04
   3.0000000e+00   1.4000000e+01   1.7166123e-04
   3.0000000e+00   1.5000000e+01  -2.0051940e-04
   3.0000000e+00   1.6000000e+01   1.6576772e-04
   3.0000000e+00   1.7000000e+01   1.4114730e-05
   3.0000000e+00   1.8000000e+01   3.1707340e-04
   3.0000000e+00   1.9000000e+01   1.6976837e-04
   3.0000000e+00   2.0000000e+01   2.3590024e-04
   3.0000000e+00   2.1000000e+01   4.5899712e-04
   3.0000000e+00   2.2000000e+01   2.0601253e-04
   4.0000000e+00   0.0000000e+00   4.7558382e-03
   4.0000000e+00   1.0000000e+00  -8.6015697e-04
   4.0000000e+00   2.0000000e+00   2.3500297e-04
   4.0000000e+00   3.0000000e+00   1.4609282e-03
   4.0000000e+00   4.0000000e+00   1.1020731e-03
   4.0000000e+00   5.0000000e+00   4.5013047e-04
   4.0000000e+00   6.0000000e+00   1.2439290e-03
   4.0000000e+00   7.0000000e+00   1.0953652e-03
   4.0000000e+00   8.0000000e+00   1.1845340e-03
   4.0000000e+00   9.0000000e+00   8.1730433e-04
   4.0000000e+00   1.0000000e+01   1.0421374e-03
   4.0000000e+00   1.1000000e+01   6.3786203e-04
   4.0000000e+00   1.2000000e+01   3.6487941e-04
   4.0000000e+00   1.3000000e+01   3.2172265e-04
   4.0000000e+00   1.4000000e+01   3.3861797e-04
   4.0000000e+00   1.5000000e+01  -1.7317157e-04
   4.0000000e+00   1.6000000e+01   5.6533808e-06
   4.0000000e+00   1.7000000e+01  -3.4966313e-05
   4.0000000e+00   1.8000000e+01   2.6970503e-04
   4.0000000e+00   1.9000000e+01   1.4109851e-04
   4.0000000e+00   2.0000000e+01   2.0861345e-04
   4.0000000e+00   2.1000000e+01   2.3564928e-04
   5.0000000e+00   0.0000000e+00   2.3378316e-03
   5.0000000e+00   1.0000000e+00  -4.0918583e-04
   5.0000000e+00   2.0000000e+00   1.7650608e-03
   5.0000000e+00   3.0000000e+00   1.9134798e-03
   5.0000000e+00   4.0000000e+00   1.0508383e-03
   5.0000000e+00   5.0000000e+00  -7.1284639e-05
   5.0000000e+00   6.0000000e+00   1.2632642e-03
   5.0000000e+00   7.0000000e+00   9.0509645e-04
   5.0000000e+00   8.0000000e+00   8.8754131e-04
   5.0000000e+00   9.0000000e+00   9.4288420e-04
   5.0000000e+00   1.0000000e+01   1.3487952e-03
   5.0000000e+00   1.1000000e+01   8.3737497e-04
   5.0000000e+00   1.2000000e+01   7.2272724e-04
   5.0000000e+00   1.3000000e+01   6.0597740e-04
   5.0000000e+00   1.4000000e+01   7.1968182e-04
   5.0000000e+00   1.5000000e+01   2.4684725e-04
   5.0000000e+00   1.6000000e+01   1.7920437e-04
   5.0000000e+00   1.7000000e+01   1.6609197e-04
   5.0000000e+00   1.8000000e+01   1.2428565e-04
   5.0000000e+00   1.9000000e+01   7.6565448e-05
   5.0000000e+00   2.0000000e+01   1.9803080e-04
   6.0000000e+00   0.0000000e+00   4.8902950e-03
   6.0000000e+00   1.0000000e+00   7.5661406e-04
   6.0000000e+00   2.0000000e+00   1.8220724e-03
   6.0000000e+00   3.0000000e+00   1.8164081e-03
   6.0000000e+00   4.0000000e+00   7.8612868e-04
   6.0000000e+00   5.0000000e+00   3.3869127e-04
   6.0000000e+00   6.0000000e+00   1.1734502e-03
   6.0000000e+00   7.0000000e+00   5.3258089e-04
   6.0000000e+00   8.0000000e+00   3.6345741e-04
   6.0000000e+00   9.0000000e+00   7.3730989e-04
   6.0000000e+00   1.0000000e+01   1.0084797e-03
   6.0000000e+00   1.1000000e+01   6.4380656e-04
   6.0000000e+00   1.2000000e+01   9.2111958e-04
   6.0000000e+00   1.3000000e+01   7.1265671e-04
   6.0000000e+00   1.4000000e+01   7.0269175e-04
   6.0000000e+00   1.5000000e+01   2.7873230e-04
   6.0000000e+00   1.6000000e+01   2.0878833e-04
   6.0000000e+00   1.7000000e+01   2.4527651e-04
   6.0000000e+00   1.8000000e+01  -3.0356833e-05
   6.0000000e+00   1.9000000e+01   9.5943486e-06
   7.0000000e+00   0.0000000e+00   3.6706546e-03
   7.0000000e+00   1.0000000e+00   1.0021753e-04
   7.0000000e+00   2.0000000e+00   6.9299998e-04
   7.0000000e+00   3.0000000e+00   8.7499683e-04
   7.0000000e+00   4.0000000e+00   9.2339486e-04
   7.0000000e+00   5.0000000e+00   9.9396920e-04
   7.0000000e+00   6.0000000e+00   9.6569156e-04
   7.0000000e+00   7.0000000e+00   8.8778045e-04
   7.0000000e+00   8.0000000e+00   6.6609439e-04
   7.0000000e+00   9.0000000e+00   8.6556142e-04
   7.0000000e+00   1.0000000e+01   9.8211727e-04
   7.0000000e+00   1.1000000e+01   5.5001066e-04
   7.0000000e+00   1.2000000e+01   6.4627230e-04
   7.0000000e+00   1.3000000e+01   5.3135599e-04
   7.0000000e+00   1.4000000e+01   2.6592069e-04
   7.0000000e+00   1.5000000e+01  -4.4755991e-05
   7.0000000e+00   1.6000000e+01  -2.7848053e-06
   7.0000000e+00   1.7000000e+01  -1.8613287e-05
   7.0000000e+00   1.8000000e+01  -1.3765285e-04
   8.0000000e+00   0.0000000e+00   3.1578467e-03
   8.0000000e+00   1.0000000e+00  -1.1081633e-04
   8.0000000e+00   2.0000000e+00   1.0557732e-03
   8.0000000e+00   3.0000000e+00   1.6627374e-03
   8.0000000e+00   4.0000000e+00   1.0786850e-03
   8.0000000e+00   5.0000000e+00   2.5549598e-04
   8.0000000e+00   6.0000000e+00   9.6823250e-04
   8.0000000e+00   7.0000000e+00   1.1188106e-03
   8.0000000e+00   8.0000000e+00   5.3889797e-04
   8.0000000e+00   9.0000000e+00   7.3204039e-04
   8.0000000e+00   1.0000000e+01   1.0885994e-03
   8.0000000e+00   1.1000000e+01   8.5041707e-04
   8.0000000e+00   1.2000000e+01   5.7584518e-04
   8.0000000e+00   1.3000000e+01   4.0196385e-04
   8.0000000e+00   1.4000000e+01   1.1777294e-04
   8.0000000e+00   1.5000000e+01  -3.6816567e-05
   8.0000000e+00   1.6000000e+01  -1.4909340e-04
   8.0000000e+00   1.7000000e+01  -1.7639335e-04
   9.0000000e+00   0.0000000e+00   3.0362887e-03
   9.0000000e+00   1.0000000e+00   6.1883328e-04
   9.0000000e+00   2.0000000e+00   1.2685342e-03
   9.0000000e+00   3.0000000e+00   1.4540528e-03
   9.0000000e+00   4.0000000e+00   1.2915701e-03
   9.0000000e+00   5.0000000e+00   6.0615442e-04
   9.0000000e+00   6.0000000e+00   1.2352272e-03
   9.0000000e+00   7.0000000e+00   6.9528848e-04
   9.0000000e+00   8.0000000e+00   4.6192236e-04
   9.0000000e+00   9.0000000e+00   5.8366046e-04
   9.0000000e+00   1.0000000e+01   7.0442292e-04
   9.0000000e+00   1.1000000e+01   8.0500382e-04
   9.0000000e+00   1.2000000e+01   6.3675512e-04
   9.0000000e+00   1.3000000e+01   4.9206464e-04
   9.0000000e+00   1.4000000e+01   3.9223423e-04
   9.0000000e+00   1.5000000e+01   1.7359673e-04
   9.0000000e+00   1.6000000e+01  -7.9197991e-05
   1.0000000e+01   0.0000000e+00   4.2611441e-03
   1.0000000e+01   1.0000000e+00   1.1802964e-03
   1.0000000e+01   2.0000000e+00   2.9007591e-04
   1.0000000e+01   3.0000000e+00   6.9975837e-04
   1.0000000e+01   4.0000000e+00   1.3199105e-03
   1.0000000e+01   5.0000000e+00   7.7176783e-04
   1.0000000e+01   6.0000000e+00   8.9743678e-04
   1.0000000e+01   7.0000000e+00   5.9726531e-04
   1.0000000e+01   8.0000000e+00   3.9642086e-04
   1.0000000e+01   9.0000000e+00   3.6570328e-04
   1.0000000e+01   1.0000000e+01   6.0224536e-04
   1.0000000e+01   1.1000000e+01   6.3530282e-04
   1.0000000e+01   1.2000000e+01   4.4407447e-04
   1.0000000e+01   1.3000000e+01   4.6229103e-04
   1.0000000e+01   1.4000000e+01   5.1225616e-04
   1.0000000e+01   1.5000000e+01   2.0827640e-04
   1.1000000e+01   0.0000000e+00   2.7348182e-03
   1.1000000e+01   1.0000000e+00   9.5891129e-04
   1.1000000e+01   2.0000000e+00   5.7393251e-04
   1.1000000e+01   3.0000000e+00   6.5002210e-04
   1.1000000e+01   4.0000000e+00   9.5388618e-04
   1.1000000e+01   5.0000000e+00   7.0826743e-04
   1.1000000e+01   6.0000000e+00   4.3137851e-04
   1.1000000e+01   7.0000000e+00   2.9439872e-04
   1.1000000e+01   8.0000000e+00   1.5265812e-05
   1.1000000e+01   9.0000000e+00   2.5278919e-04
   1.1000000e+01   1.0000000e+01   4.6660398e-04
   1.1000000e+01   1.1000000e+01   3.3824845e-04
   1.1000000e+01   1.2000000e+01   3.8602847e-04
   1.1000000e+01   1.3000000e+01   4.2039239e-04
   1.1000000e+01   1.4000000e+01   1.8264376e-04
   1.2000000e+01   0.0000000e+00   1.9530398e-03
   1.2000000e+01   1.0000000e+00   1.1893183e-03
   1.2000000e+01   2.0000000e+00   7.9689902e-04
   1.2000000e+01   3.0000000e+00   3.7345858e-04
   1.2000000e+01   4.0000000e+00   7.4199891e-04
   1.2000000e+01   5.0000000e+00   6.7414063e-04
   1.2000000e+01   6.0000000e+00   3.9924346e-04
   1.2000000e+01   7.0000000e+00   2.2652493e-04
   1.2000000e+01   8.0000000e+00  -1.5828884e-05
   1.2000000e+01   9.0000000e+00   1.2906182e-04
   1.2000000e+01   1.0000000e+01   2.1706520e-04
   1.2000000e+01   1.1000000e+01   2.8118915e-04
   1.2000000e+01   1.2000000e+01   1.9814297e-04
   1.2000000e+01   1.3000000e+01   1.6187627e-04
   1.3000000e+01   0.0000000e+00   2.6493267e-03
   1.3000000e+01   1.0000000e+00   1.1951425e-03
   1.3000000e+01   2.0000000e+00   4.9213630e-04
   1.3000000e+01   3.0000000e+00   2.3886069e-04
   1.3000000e+01   4.0000000e+00   6.3963310e-04
   1.3000000e+01   5.0000000e+00   2.6902185e-04
   1.3000000e+01   6.0000000e+00   4.1779998e-04
   1.3000000e+01   7.0000000e+00   2.8805663e-04
   1.3000000e+01   8.0000000e+00   1.9423983e-04
   1.3000000e+01   9.0000000e+00   2.2941247e-04
   1.3000000e+01   1.0000000e+01   3.3422861e-04
   1.3000000e+01   1.1000000e+01   4.1307329e-04
   1.3000000e+01   1.2000000e+01   3.8015557e-05
   1.4000000e+01   0.0000000e+00   2.5831143e-03
   1.4000000e+01   1.0000000e+00   9.0886663e-04
   1.4000000e+01   2.0000000e+00   6.2224270e-05
   1.4000000e+01   3.0000000e+00  -2.2406312e-05
   1.4000000e+01   4.0000000e+00   6.2581326e-04
   1.4000000e+01   5.0000000e+00   3.8243041e-04
   1.4000000e+01   6.0000000e+00   1.9272913e-04
   1.4000000e+01   7.0000000e+00  -3.5139944e-05
   1.4000000e+01   8.0000000e+00   2.3084563e-04
   1.4000000e+01   9.0000000e+00   4.0275866e-04
   1.4000000e+01   1.0000000e+01   3.5799287e-04
   1.4000000e+01   1.1000000e+01   3.3914039e-04
   1.5000000e+01   0.0000000e+00   1.3262747e-03
   1.5000000e+01   1.0000000e+00   5.6267813e-04
   1.5000000e+01   2.0000000e+00   5.3845896e-05
   1.5000000e+01   3.0000000e+00  -9.7947339e-05
   1.5000000e+01   4.0000000e+00   3.1295653e-04
   1.5000000e+01   5.0000000e+00   4.2251301e-04
   1.5000000e+01   6.0000000e+00   8.9808635e-05
   1.5000000e+01   7.0000000e+00   9.4668176e-05
   1.5000000e+01   8.0000000e+00   1.6577495e-04
   1.5000000e+01   9.0000000e+00   2.2420912e-04
   1.5000000e+01   1.0000000e+01   2.5394130e-04
   1.6000000e+01   0.0000000e+00  -5.1308754e-06
   1.6000000e+01   1.0000000e+00   3.1127486e-04
   1.6000000e+01   2.0000000e+00   2.9982591e-04
   1.6000000e+01   3.0000000e+00  -5.6100944e-05
   1.6000000e+01   4.0000000e+00  -6.2764839e-05
   1.6000000e+01   5.0000000e+00   2.0134483e-04
   1.6000000e+01   6.0000000e+00   7.0731525e-05
   1.6000000e+01   7.0000000e+00   2.5401693e-04
   1.6000000e+01   8.0000000e+00   2.0983181e-04
   1.6000000e+01   9.0000000e+00   2.0341453e-04
   1.7000000e+01   0.0000000e+00  -3.0697981e-04
   1.7000000e+01   1.0000000e+00   1.3267861e-04
   1.7000000e+01   2.0000000e+00   1.7245486e-04
   1.7000000e+01   3.0000000e+00  -1.4341994e-04
   1.7000000e+01   4.0000000e+00  -2.5122934e-05
   1.7000000e+01   5.0000000e+00   1.4307058e-04
   1.7000000e+01   6.0000000e+00   4.4665834e-05
   1.7000000e+01   7.0000000e+00   1.2831664e-04
   1.7000000e+01   8.0000000e+00   2.5704150e-04
   1.8000000e+01   0.0000000e+00  -3.1541446e-04
   1.8000000e+01   1.0000000e+00  -2.4978642e-04
   1.8000000e+01   2.0000000e+00   5.4231815e-05
   1.8000000e+01   3.0000000e+00   1.0204530e-04
   1.8000000e+01   4.0000000e+00   1.6282828e-04
   1.8000000e+01   5.0000000e+00   1.2388706e-04
   1.8000000e+01   6.0000000e+00   5.6858793e-05
   1.8000000e+01   7.0000000e+00   1.0453642e-04
   1.9000000e+01   0.0000000e+00  -5.1502184e-04
   1.9000000e+01   1.0000000e+00  -2.9678705e-04
   1.9000000e+01   2.0000000e+00   2.9076609e-04
   1.9000000e+01   3.0000000e+00   3.3871624e-04
   1.9000000e+01   4.0000000e+00   1.3951826e-04
   1.9000000e+01   5.0000000e+00   2.2300013e-04
   1.9000000e+01   6.0000000e+00   6.9648651e-05
   2.0000000e+01   0.0000000e+00  -2.4192643e-04
   2.0000000e+01   1.0000000e+00   1.2551370e-04
   2.0000000e+01   2.0000000e+00   4.8509622e-04
   2.0000000e+01   3.0000000e+00   2.7790724e-04
   2.0000000e+01   4.0000000e+00  -6.2131250e-07
   2.0000000e+01   5.0000000e+00   2.2559916e-04
   2.1000000e+01   0.0000000e+00   5.0234240e-04
   2.1000000e+01   1.0000000e+00   4.0632146e-04
   2.1000000e+01   2.0000000e+00   3.4031280e-04
   2.1000000e+01   3.0000000e+00   2.4408408e-04
   2.1000000e+01   4.0000000e+00   7.7554721e-05
   2.2000000e+01   0.0000000e+00   9.3820506e-04
   2.2000000e+01   1.0000000e+00   4.6747027e-04
   2.2000000e+01   2.0000000e+00   1.3042592e-04
   2.2000000e+01   3.0000000e+00   2.3017071e-04
   2.3000000e+01   0.0000000e+00   7.7917944e-04
   2.3000000e+01   1.0000000e+00   4.7991171e-04
   2.3000000e+01   2.0000000e+00   1.2302492e-04
   2.4000000e+01   0.0000000e+00   4.6207430e-04
   2.4000000e+01   1.0000000e+00   4.5780806e-04
   2.5000000e+01   0.0000000e+00   2.5212390e-04
