   4.8566693e+02  -4.6390140e+02
   4.2300716e+02  -7.7720720e+02
   1.5516988e+02  -8.8297998e+02
   9.7675625e+01  -1.5259745e+02
   2.7034267e+02   7.2732602e+02
   5.6419711e+01   1.3292081e+02
   2.3367929e+02  -3.2006328e+02
   8.3361345e+01  -1.2873986e+02
   3.5877797e+02   1.7326824e+02
   2.2688008e+02   1.9169579e+02
   3.3270385e+01   1.9454797e+02
   3.5938647e+02  -1.6106146e+02
   1.5752623e+02   2.9306308e+02
   7.3264885e+01  -8.1629982e+01
   1.8688936e+00  -4.3745174e+02
   1.6924415e+02  -2.4563150e+02
  -1.5894689e+01  -2.5518642e+02
   6.5482293e+00  -1.2694157e+02
   1.4225433e+02  -3.0346680e+02
   1.3751225e+02  -2.4073481e+01
   5.4409605e+01  -1.9044503e+02
  -3.7692375e+01   1.2533533e+02
   2.6500932e+02  -2.3390787e+02
  -4.2794240e+01  -7.2783422e+01
   2.0010165e+02   2.2016644e+01
   3.0071130e+02  -6.9084425e+01
   1.1656188e+01  -2.0252350e+02
   3.5278279e+01  -2.8126379e+02
  -1.6417883e+02   1.7557633e+02
  -5.8175422e+00   1.8570142e+02
   2.2548523e+01  -1.7532215e+02
  -4.8819920e+00  -1.9362521e+02
   1.4862497e+01   8.0065920e+01
  -1.0390213e+02  -1.6836870e+02
   1.1707470e+02  -2.9086489e+00
   1.1904715e+01  -1.3722012e+02
   1.1871092e+02   3.4576454e+01
  -7.7478753e+01   1.2073607e+02
   5.6177846e+01   4.6620606e+01
   1.5563384e+02  -1.3641054e+01
   7.8044496e+00  -2.4690926e+01
   5.1395767e+01   1.6223644e+02
  -5.1532571e+00   1.4353577e+02
   7.2081118e+01  -8.3487263e+01
  -7.2663012e+00   7.3296370e+00
  -1.9807897e+02  -5.9124037e+01
  -3.1708326e+01  -1.6876875e+02
  -1.6494861e+01  -2.7388892e+01
  -1.3826060e+00  -1.4673970e+02
   4.4385829e+01   7.9710915e+01
   8.2848800e+01   2.0316402e+01
  -5.6883001e+00  -8.1704527e+00
   4.0518426e+01  -4.2842917e+01
   1.2332463e+02  -8.3096738e+00
  -2.9287560e+01   2.8717609e+01
  -3.0542065e+01  -8.0881667e+01
  -2.5056449e+01  -4.5560766e+01
   5.0346245e+01  -2.6652573e+01
   1.9014730e+01  -1.3595989e+02
   4.8833655e+00  -7.3193668e+01
  -1.1051289e+01  -7.7166619e+01
  -8.1523165e+01  -7.3307475e+01
   3.4296479e+01  -7.1476899e+01
   5.0808267e+01   8.2876316e+01
  -4.1097743e+01   6.9068378e+01
   1.6333200e+02  -3.4537789e+00
  -9.4186615e+01  -2.9599476e+01
   2.7993781e+01  -3.1844549e+01
  -1.2166991e+01  -1.2629504e+02
   1.1881236e+01   6.1989177e+00
   5.3756159e+01   7.3134036e+01
   1.3975167e+02   1.6694313e+02
   3.1641724e+01  -1.4654651e+01
   3.3737011e+01  -1.5732979e+02
   1.0175160e+02  -7.5434135e+01
   1.1119984e+02   8.6928697e+00
  -1.3060913e+00  -8.5500333e+01
   2.4073987e-01  -1.3338171e+02
   4.9611873e+01  -1.5310758e+02
   6.2358111e+01  -1.2554171e+02
  -4.3660704e+01  -5.7141529e+01
   8.8348122e+01  -1.1504596e+01
   2.5767564e+01  -1.2079257e+02
  -4.9964647e+00  -3.9356345e+01
   1.9481015e+01   9.1777217e+01
  -8.0508658e+01  -1.0377728e+00
  -7.9586533e+00  -6.6098766e+01
   8.0935838e+01   8.1897818e+01
   1.0991566e+02  -4.9302126e+01
  -1.8842309e+01  -7.3973679e+01
   2.8741645e+01  -5.7339994e+01
   8.8927816e+01  -2.9734209e+01
  -4.7472320e+01  -2.8497565e+01
  -4.4313851e+01  -1.5637550e+02
  -4.0528157e+01  -5.6942551e+01
   9.6755120e+01  -4.0543859e+01
   1.2783053e+02  -4.5132479e+01
  -6.2823403e+01   2.6088238e+01
   8.0311198e+01   6.0874284e+00
   1.6644139e+01  -1.4583267e+02
   7.0810185e+01  -2.1540874e+00
  -3.1115587e+00  -1.6283878e+02
   4.8767933e+01  -1.3756200e+02
   2.9957793e+01  -3.1857048e+01
   5.1884755e+01   8.8120786e+01
  -4.5690002e+01  -2.2561333e+01
  -5.1331937e+01  -1.0049866e+02
   5.7002159e+01  -8.6137538e+00
   3.0278363e+01  -7.6886990e+01
  -5.0524985e+01   2.2087682e+01
  -8.0723007e+01  -1.4508816e+02
  -4.7775844e+01  -1.2486088e+02
  -4.7044346e+01  -7.2883108e+01
  -6.2860383e+01  -8.3900612e+01
   5.2568801e+00   9.8952479e+00
  -1.7580638e+01   4.7371363e-01
  -3.6891298e+01  -3.7846309e+01
   2.6104493e+01  -1.0236183e+01
   4.1420820e+00   9.5501632e+01
   2.5331360e+01  -1.0303295e+01
   5.3796303e+01   3.1225346e+01
  -1.0136750e+02  -1.5131868e+01
  -3.4295921e+01  -6.5651614e+01
   8.2088186e+01  -2.1684109e+01
  -9.2102860e+01  -5.3318319e+01
  -2.6615399e+00  -1.5577440e+01
   1.1774362e+01  -1.4620486e+01
  -2.8570072e+01  -6.0432606e+01
   3.3239212e+01  -6.3854538e+01
  -6.1496549e+01   7.9383459e+00
   5.6177241e+00  -8.8570355e+00
   7.5844610e+01   4.7975087e+01
   7.3815108e+01  -6.1989444e+01
   1.1892303e+01  -2.7797006e+01
  -2.4445225e+01   2.7314380e+01
  -2.6002314e+01   2.8845439e+01
   2.5414547e+01  -8.4974934e+00
   1.4182235e+01   3.1142792e+01
   1.1645581e+01  -3.7950220e+01
  -1.1773539e+01   2.4764011e+01
   1.3244770e+01   1.1683133e+01
  -1.0210408e+02  -2.5295916e+01
  -3.6857422e+01  -7.7958971e+01
  -5.2838447e+00  -7.3408710e+01
  -3.0050747e+01   2.4514658e+00
   4.3519739e+01  -6.5255968e+00
   1.9124280e+01  -2.3545523e+01
   6.5502744e+01   2.6094708e+01
  -2.8509230e+01  -5.6001927e+01
  -4.6204642e+01  -7.5864370e+01
   3.8824530e+01  -3.4102584e+01
   4.2235290e+01   5.1487385e+01
  -1.1755585e+02   3.5978174e+01
  -3.7746580e+01   1.3424486e+01
   2.8479858e+01   8.1523215e+01
   2.1532190e+01  -5.6138131e+01
  -8.4615063e+00   2.4617355e+00
  -7.8885480e+00  -3.4755410e+01
   5.1766559e+01  -1.3700295e+00
  -6.6572317e+01  -3.0720585e+01
   2.2839344e+01   7.9274240e+01
   1.2297191e+01  -4.3920989e+01
  -3.0547326e+01  -6.5956412e+01
   2.1275935e+01   2.4542365e+01
   5.4704766e+01   3.2037391e+01
   2.1286674e+00  -6.9971251e+01
  -6.0107932e+01   3.6958690e+01
  -1.4708683e+01  -7.1527888e+01
   1.0311243e+01  -3.7271210e+01
   9.5154518e+00   7.9931376e+01
  -3.6035543e+00  -7.1366503e+01
   6.9222466e+00  -7.1076976e+01
   1.0350663e+01  -1.4107759e+01
  -6.1887414e+01  -5.0420151e+01
   8.0426536e+01   5.5951692e+00
  -1.3352183e+01  -8.6388511e+00
   1.8922097e+01   3.0080670e+01
   6.8782515e+01   9.0388343e+00
   3.0112687e+01   2.6380302e+01
   3.2279678e+01  -7.8758289e+01
  -2.5620081e+01  -6.7472658e+01
  -6.9731184e+00   1.3524416e+01
  -6.8965192e+01  -6.9439218e+01
  -2.8802823e+01  -1.7574165e+01
   3.7362480e+01   3.8408041e+01
   1.8627498e+01  -8.8199502e+00
   2.7330972e+01  -8.3110189e+01
  -7.2465404e+01  -3.6620090e+01
  -1.9918582e+01   2.5629086e+01
  -3.3728415e+01  -6.0756409e+01
  -2.3909491e+01  -1.6168003e+00
  -2.4682987e+00  -8.0961858e+00
   6.6023044e+01   5.1376615e+00
  -3.2380505e+01  -5.0492608e+01
  -3.6419834e+01  -6.2403141e+01
   5.1863150e+01  -7.8314854e+01
  -5.3747777e+01  -1.3948769e+02
  -5.1845210e+00  -6.3892891e+01
  -3.7417116e+01  -1.2121279e+02
   4.6888812e+01  -8.9616048e+00
   2.3139598e+01  -8.7846784e+01
  -6.6525021e+01  -6.1383578e+01
   3.2583709e+01  -5.0984772e+01
   2.5546688e+00  -1.5956938e+01
  -3.1571100e+00  -6.5764843e+01
  -5.2124589e+01  -9.0617009e+01
   1.4164400e+01  -7.7704815e+01
  -3.5423134e+01  -6.2706598e+01
  -7.7340866e-01  -5.0294156e+01
