   0.0000000e+00   0.0000000e+00   2.1966662e-02
   0.0000000e+00   4.0000000e+00   8.2790232e-03
   2.0000000e+00   0.0000000e+00   6.1961313e-03
   2.0000000e+00   1.0000000e+00   5.7786171e-03
   0.0000000e+00   1.0000000e+00   5.2223588e-03
   0.0000000e+00   8.0000000e+00   4.3722933e-03
   2.0000000e+00   6.0000000e+00   4.0279391e-03
   4.0000000e+00   2.0000000e+00   3.9414887e-03
   2.0000000e+00   2.0000000e+00   3.8126908e-03
   4.0000000e+00   0.0000000e+00   3.5027399e-03
   2.0000000e+00   5.0000000e+00   3.3932471e-03
   0.0000000e+00   1.2000000e+01   3.3115200e-03
   4.0000000e+00   6.0000000e+00   3.1809166e-03
   8.0000000e+00   2.0000000e+00   2.9538855e-03
   0.0000000e+00   3.0000000e+00   2.9299834e-03
   6.0000000e+00   0.0000000e+00   2.8480176e-03
   2.0000000e+00   1.0000000e+01   2.8174804e-03
   4.0000000e+00   1.0000000e+00   2.7702856e-03
   2.0000000e+00   4.0000000e+00   2.6907320e-03
   0.0000000e+00   7.0000000e+00   2.6483411e-03
   2.0000000e+00   8.0000000e+00   2.5410346e-03
   6.0000000e+00   2.0000000e+00   2.4208861e-03
   2.0000000e+00   9.0000000e+00   2.4089403e-03
   6.0000000e+00   1.0000000e+00   2.2070407e-03
   1.0000000e+01   0.0000000e+00   2.2017413e-03
   1.0000000e+01   2.0000000e+00   2.1466589e-03
   4.0000000e+00   7.0000000e+00   2.1266174e-03
   0.0000000e+00   5.0000000e+00   2.1160440e-03
   8.0000000e+00   1.0000000e+00   2.1012647e-03
   0.0000000e+00   1.1000000e+01   2.0752649e-03
   0.0000000e+00   1.6000000e+01   2.0622836e-03
   5.0000000e+00   1.0000000e+00  -1.9825388e-03
   1.0000000e+01   4.0000000e+00   1.9736953e-03
   0.0000000e+00   1.4000000e+01   1.9466403e-03
   0.0000000e+00   1.0000000e+01   1.9101043e-03
   2.0000000e+00   1.2000000e+01   1.8756210e-03
   2.0000000e+00   7.0000000e+00   1.8533188e-03
   4.0000000e+00   8.0000000e+00   1.8016994e-03
   2.0000000e+00   1.4000000e+01   1.7554319e-03
   4.0000000e+00   1.0000000e+01   1.7320970e-03
   4.0000000e+00   4.0000000e+00   1.7210654e-03
   8.0000000e+00   0.0000000e+00   1.7089691e-03
   2.0000000e+00   1.3000000e+01   1.6388423e-03
   3.0000000e+00   0.0000000e+00  -1.6331683e-03
   7.0000000e+00   2.0000000e+00  -1.6158706e-03
   7.0000000e+00   3.0000000e+00  -1.6119305e-03
   1.1000000e+01   3.0000000e+00  -1.5685647e-03
   7.0000000e+00   1.0000000e+00  -1.5568257e-03
   8.0000000e+00   6.0000000e+00   1.5406559e-03
   0.0000000e+00   6.0000000e+00   1.5295461e-03
   1.0000000e+01   3.0000000e+00   1.5269521e-03
   9.0000000e+00   2.0000000e+00  -1.5085679e-03
   9.0000000e+00   1.0000000e+00  -1.4975100e-03
   1.2000000e+01   2.0000000e+00   1.4847162e-03
   6.0000000e+00   4.0000000e+00   1.4558043e-03
   1.0000000e+01   1.0000000e+00   1.3867303e-03
   1.2000000e+01   4.0000000e+00   1.3717481e-03
   6.0000000e+00   6.0000000e+00   1.3715115e-03
   1.1000000e+01   4.0000000e+00  -1.3676049e-03
   1.2000000e+01   3.0000000e+00   1.3258832e-03
   5.0000000e+00   5.0000000e+00  -1.2857275e-03
   0.0000000e+00   1.5000000e+01   1.2825315e-03
   0.0000000e+00   9.0000000e+00   1.2732054e-03
   0.0000000e+00   1.8000000e+01   1.2434996e-03
   8.0000000e+00   3.0000000e+00   1.2243080e-03
   8.0000000e+00   4.0000000e+00   1.2146926e-03
   7.0000000e+00   6.0000000e+00  -1.1750887e-03
   2.0000000e+00   1.6000000e+01   1.1581084e-03
   1.1000000e+01   2.0000000e+00  -1.1543135e-03
   7.0000000e+00   7.0000000e+00  -1.1515697e-03
   6.0000000e+00   8.0000000e+00   1.1387422e-03
   6.0000000e+00   3.0000000e+00   1.1312663e-03
   5.0000000e+00   9.0000000e+00  -1.1257599e-03
   7.0000000e+00   0.0000000e+00  -1.1241143e-03
   0.0000000e+00   2.0000000e+01   1.1039560e-03
   9.0000000e+00   3.0000000e+00  -1.1001068e-03
   4.0000000e+00   3.0000000e+00   1.0930146e-03
   0.0000000e+00   1.3000000e+01   1.0783825e-03
   1.0000000e+00   6.0000000e+00   1.0734533e-03
   5.0000000e+00   0.0000000e+00  -1.0619210e-03
   1.0000000e+00   1.6000000e+01  -1.0359302e-03
   4.0000000e+00   5.0000000e+00   1.0302035e-03
   9.0000000e+00   5.0000000e+00  -1.0166346e-03
   9.0000000e+00   4.0000000e+00  -1.0161560e-03
   1.4000000e+01   0.0000000e+00   1.0151792e-03
   2.0000000e+00   1.8000000e+01   9.8319668e-04
   5.0000000e+00   6.0000000e+00  -9.6151948e-04
   7.0000000e+00   1.1000000e+01  -9.6105492e-04
   1.4000000e+01   4.0000000e+00   9.5952891e-04
   5.0000000e+00   1.1000000e+01  -9.5877220e-04
   1.3000000e+01   3.0000000e+00  -9.4848787e-04
   2.0000000e+00   2.0000000e+01   9.4782043e-04
   2.0000000e+00   1.1000000e+01   9.3200617e-04
   7.0000000e+00   8.0000000e+00  -9.0409949e-04
   5.0000000e+00   2.0000000e+00  -8.9880015e-04
   1.0000000e+01   6.0000000e+00   8.9467336e-04
   3.0000000e+00   2.0000000e+00  -8.6684487e-04
   2.0000000e+00   3.0000000e+00  -8.6345560e-04
   5.0000000e+00   8.0000000e+00  -8.3700459e-04
   4.0000000e+00   9.0000000e+00   8.3603715e-04
   1.0000000e+00   1.3000000e+01  -8.3311544e-04
   4.0000000e+00   2.0000000e+01   8.3266704e-04
   8.0000000e+00   7.0000000e+00   8.0306161e-04
   1.3000000e+01   4.0000000e+00  -7.9737353e-04
   1.0000000e+01   5.0000000e+00   7.9104663e-04
   1.1000000e+01   5.0000000e+00  -7.8069377e-04
   1.0000000e+00   1.5000000e+01  -7.7368009e-04
   2.2000000e+01   0.0000000e+00   7.6467334e-04
   9.0000000e+00   0.0000000e+00  -7.6100975e-04
   1.8000000e+01   0.0000000e+00   7.5990434e-04
   1.0000000e+00   1.2000000e+01  -7.5717866e-04
   1.0000000e+00   1.7000000e+01  -7.3016398e-04
   5.0000000e+00   1.0000000e+01  -7.2456071e-04
   1.4000000e+01   2.0000000e+00   7.1488064e-04
   8.0000000e+00   8.0000000e+00   7.0929566e-04
   0.0000000e+00   2.2000000e+01   7.0771128e-04
   3.0000000e+00   1.9000000e+01  -7.0491351e-04
   1.2000000e+01   5.0000000e+00   7.0147797e-04
   1.2000000e+01   6.0000000e+00   6.9686626e-04
   2.0000000e+00   2.2000000e+01   6.8188483e-04
   3.0000000e+00   8.0000000e+00   6.7992449e-04
   0.0000000e+00   2.5000000e+01  -6.7819962e-04
   1.0000000e+01   1.2000000e+01   6.7579570e-04
   4.0000000e+00   1.8000000e+01   6.6568974e-04
   1.0000000e+00   7.0000000e+00   6.5858023e-04
   0.0000000e+00   2.4000000e+01   6.5444454e-04
   6.0000000e+00   1.6000000e+01   6.4649388e-04
   1.0000000e+00   1.4000000e+01  -6.4547301e-04
   4.0000000e+00   1.4000000e+01   6.4103434e-04
   9.0000000e+00   7.0000000e+00  -6.3908037e-04
   1.2000000e+01   0.0000000e+00   6.3313221e-04
   1.0000000e+01   8.0000000e+00   6.2989872e-04
   9.0000000e+00   1.0000000e+01   6.2488674e-04
   2.4000000e+01   0.0000000e+00   6.2258606e-04
   3.0000000e+00   1.7000000e+01  -6.2179777e-04
   1.0000000e+01   7.0000000e+00   6.1260483e-04
   4.0000000e+00   1.2000000e+01   6.0126500e-04
   1.0000000e+00   3.0000000e+00   5.9219008e-04
   3.0000000e+00   1.8000000e+01  -5.8693457e-04
   4.0000000e+00   1.1000000e+01   5.8151696e-04
   6.0000000e+00   1.2000000e+01   5.6946383e-04
   1.6000000e+01   3.0000000e+00  -5.6080534e-04
   8.0000000e+00   1.4000000e+01   5.4874885e-04
   2.0000000e+01   4.0000000e+00   5.3558984e-04
   3.0000000e+00   1.1000000e+01  -5.3429080e-04
   1.3000000e+01   2.0000000e+00  -5.2915231e-04
   7.0000000e+00   5.0000000e+00  -5.2473707e-04
   1.6000000e+01   0.0000000e+00   5.1145335e-04
   6.0000000e+00   7.0000000e+00   5.0239245e-04
   2.2000000e+01   2.0000000e+00   5.0032463e-04
   1.1000000e+01   1.0000000e+00  -4.9809243e-04
   2.0000000e+01   0.0000000e+00   4.9421314e-04
   8.0000000e+00   5.0000000e+00   4.9396205e-04
   9.0000000e+00   6.0000000e+00  -4.9360902e-04
   2.0000000e+01   2.0000000e+00   4.9000446e-04
   1.4000000e+01   1.0000000e+01   4.8842190e-04
   0.0000000e+00   2.1000000e+01  -4.7720236e-04
   1.2000000e+01   1.0000000e+00   4.7629677e-04
   3.0000000e+00   1.6000000e+01  -4.7465760e-04
   1.7000000e+01   4.0000000e+00   4.6232506e-04
   5.0000000e+00   7.0000000e+00  -4.6069336e-04
   1.3000000e+01   1.0000000e+00  -4.5648851e-04
   8.0000000e+00   1.2000000e+01   4.5264345e-04
   1.1000000e+01   1.3000000e+01  -4.3947680e-04
   1.7000000e+01   2.0000000e+00   4.3877838e-04
   2.0000000e+00   1.7000000e+01   4.3536582e-04
   3.0000000e+00   3.0000000e+00  -4.2858900e-04
   3.0000000e+00   1.0000000e+01  -4.2669903e-04
   1.8000000e+01   6.0000000e+00   4.2019635e-04
   6.0000000e+00   1.8000000e+01   4.1938084e-04
   5.0000000e+00   1.3000000e+01  -4.1322041e-04
   1.0000000e+00   1.0000000e+00  -4.1205388e-04
   9.0000000e+00   1.1000000e+01   4.0826280e-04
   1.4000000e+01   8.0000000e+00   3.9939154e-04
   3.0000000e+00   1.3000000e+01  -3.9771124e-04
   7.0000000e+00   1.0000000e+01  -3.9290778e-04
   6.0000000e+00   1.4000000e+01   3.9246236e-04
   4.0000000e+00   1.9000000e+01   3.9008866e-04
   3.0000000e+00   4.0000000e+00  -3.8870847e-04
   3.0000000e+00   6.0000000e+00   3.8574643e-04
   0.0000000e+00   2.0000000e+00  -3.8526847e-04
   2.0000000e+00   1.5000000e+01   3.7671218e-04
   1.0000000e+00   5.0000000e+00   3.7505565e-04
   1.6000000e+01   8.0000000e+00   3.7273035e-04
   1.2000000e+01   7.0000000e+00  -3.7176356e-04
   0.0000000e+00   2.3000000e+01  -3.6878842e-04
   8.0000000e+00   1.0000000e+01   3.6706081e-04
   1.0000000e+00   4.0000000e+00   3.6589791e-04
   5.0000000e+00   1.2000000e+01  -3.6389327e-04
   7.0000000e+00   9.0000000e+00  -3.6375178e-04
   1.8000000e+01   3.0000000e+00  -3.6129664e-04
   1.0000000e+00   1.8000000e+01  -3.5158328e-04
   6.0000000e+00   1.0000000e+01   3.4687825e-04
   1.5000000e+01   9.0000000e+00  -3.3832495e-04
   2.0000000e+00   2.3000000e+01  -3.3669442e-04
   1.3000000e+01   5.0000000e+00  -3.2342265e-04
   3.0000000e+00   1.0000000e+00  -3.2176648e-04
   4.0000000e+00   1.6000000e+01   3.1978247e-04
   1.0000000e+00   8.0000000e+00   3.1836930e-04
   1.2000000e+01   1.2000000e+01   3.1797286e-04
   1.0000000e+01   1.4000000e+01   3.1661083e-04
   3.0000000e+00   1.4000000e+01  -3.1326398e-04
   1.3000000e+01   1.1000000e+01  -3.1086082e-04
   4.0000000e+00   1.7000000e+01  -3.0978061e-04
   1.6000000e+01   5.0000000e+00  -3.0635271e-04
   1.1000000e+01   1.0000000e+01   3.0482355e-04
   5.0000000e+00   2.0000000e+01  -3.0397178e-04
   1.1000000e+01   7.0000000e+00  -3.0064439e-04
   1.6000000e+01   2.0000000e+00   2.9985828e-04
   1.1000000e+01   1.4000000e+01  -2.9607241e-04
   1.5000000e+01   6.0000000e+00   2.9144342e-04
   9.0000000e+00   9.0000000e+00   2.8468751e-04
   7.0000000e+00   1.2000000e+01  -2.8361736e-04
   3.0000000e+00   5.0000000e+00   2.8258942e-04
   1.7000000e+01   3.0000000e+00   2.8208861e-04
   1.1000000e+01   6.0000000e+00  -2.8068112e-04
   6.0000000e+00   1.1000000e+01   2.8063108e-04
   6.0000000e+00   5.0000000e+00   2.8052103e-04
   8.0000000e+00   1.6000000e+01   2.6858289e-04
   1.3000000e+01   7.0000000e+00   2.6562373e-04
   1.7000000e+01   7.0000000e+00  -2.6300228e-04
   1.4000000e+01   7.0000000e+00  -2.6275199e-04
   1.3000000e+01   1.2000000e+01  -2.6227630e-04
   5.0000000e+00   1.9000000e+01  -2.5781734e-04
   9.0000000e+00   1.3000000e+01  -2.5764176e-04
   1.2000000e+01   9.0000000e+00  -2.5674841e-04
   3.0000000e+00   1.5000000e+01  -2.4713713e-04
   1.6000000e+01   9.0000000e+00   2.3493644e-04
   1.5000000e+01   1.0000000e+01  -2.3376848e-04
   2.3000000e+01   1.0000000e+00  -2.2805638e-04
   0.0000000e+00   1.9000000e+01   2.2228458e-04
   1.4000000e+01   1.0000000e+00   2.2164096e-04
   1.2000000e+01   8.0000000e+00   2.2124364e-04
   1.0000000e+00   2.1000000e+01   2.2063341e-04
   1.9000000e+01   2.0000000e+00   2.2030909e-04
   1.5000000e+01   1.0000000e+00  -2.1953716e-04
   3.0000000e+00   9.0000000e+00   2.1748788e-04
   1.4000000e+01   3.0000000e+00   2.1708969e-04
   1.2000000e+01   1.0000000e+01   2.1629649e-04
   1.0000000e+00   1.0000000e+01   2.1094666e-04
   1.0000000e+01   9.0000000e+00  -2.1093316e-04
   1.2000000e+01   1.3000000e+01   2.0948258e-04
   1.4000000e+01   6.0000000e+00   2.0785813e-04
   1.0000000e+01   1.5000000e+01  -2.0701350e-04
   1.8000000e+01   4.0000000e+00   2.0556745e-04
   4.0000000e+00   1.5000000e+01  -2.0320207e-04
   1.3000000e+01   8.0000000e+00   1.9567650e-04
   0.0000000e+00   1.7000000e+01   1.9302038e-04
   1.0000000e+00   1.9000000e+01  -1.9035926e-04
   1.8000000e+01   2.0000000e+00   1.8785136e-04
   1.6000000e+01   6.0000000e+00   1.8566310e-04
   8.0000000e+00   1.7000000e+01  -1.7867138e-04
   5.0000000e+00   4.0000000e+00  -1.7865373e-04
   1.0000000e+01   1.3000000e+01   1.7653190e-04
   3.0000000e+00   2.0000000e+01  -1.7328398e-04
   1.1000000e+01   9.0000000e+00   1.7218917e-04
   3.0000000e+00   1.2000000e+01  -1.7023537e-04
   1.9000000e+01   3.0000000e+00   1.6904973e-04
   2.1000000e+01   3.0000000e+00  -1.6861994e-04
   1.0000000e+01   1.1000000e+01  -1.6519009e-04
   1.1000000e+01   8.0000000e+00   1.5211132e-04
   1.7000000e+01   0.0000000e+00   1.5181686e-04
   1.7000000e+01   8.0000000e+00  -1.4933312e-04
   8.0000000e+00   1.1000000e+01   1.4342078e-04
   2.5000000e+01   0.0000000e+00   1.4308420e-04
   7.0000000e+00   4.0000000e+00  -1.4203979e-04
   5.0000000e+00   3.0000000e+00   1.3998815e-04
   1.0000000e+00   2.0000000e+01  -1.3773439e-04
   2.1000000e+01   1.0000000e+00  -1.3698968e-04
   1.9000000e+01   4.0000000e+00   1.3642920e-04
   2.2000000e+01   1.0000000e+00   1.3462315e-04
   3.0000000e+00   2.1000000e+01  -1.3409701e-04
   1.0000000e+00   9.0000000e+00  -1.3388037e-04
   5.0000000e+00   1.6000000e+01   1.3339753e-04
   7.0000000e+00   1.3000000e+01  -1.3095756e-04
   1.3000000e+01   1.0000000e+01  -1.2921233e-04
   1.5000000e+01   5.0000000e+00   1.2773012e-04
   2.2000000e+01   3.0000000e+00   1.1629088e-04
   2.0000000e+01   3.0000000e+00  -1.1530151e-04
   1.5000000e+01   0.0000000e+00  -1.1484451e-04
   5.0000000e+00   1.7000000e+01   1.1398262e-04
   2.0000000e+00   1.9000000e+01   1.1377962e-04
   1.6000000e+01   4.0000000e+00   1.1350234e-04
   1.4000000e+01   5.0000000e+00   1.1197959e-04
   3.0000000e+00   7.0000000e+00   1.1191909e-04
   8.0000000e+00   1.3000000e+01   1.1156625e-04
   5.0000000e+00   1.5000000e+01   1.1038595e-04
   1.8000000e+01   7.0000000e+00   1.0718942e-04
   1.0000000e+00   2.0000000e+00   1.0431388e-04
   1.1000000e+01   1.2000000e+01  -1.0361335e-04
   1.7000000e+01   6.0000000e+00   1.0006791e-04
   9.0000000e+00   1.4000000e+01   9.9455275e-05
   4.0000000e+00   1.3000000e+01   9.8891361e-05
   7.0000000e+00   1.6000000e+01   9.8286262e-05
   1.0000000e+00   2.3000000e+01   9.7787429e-05
   6.0000000e+00   1.7000000e+01   9.7603064e-05
   9.0000000e+00   1.2000000e+01   9.7174277e-05
   7.0000000e+00   1.5000000e+01  -9.0472364e-05
   1.1000000e+01   0.0000000e+00  -8.7043603e-05
   1.6000000e+01   1.0000000e+00  -8.5402090e-05
   1.8000000e+01   5.0000000e+00  -8.5098478e-05
   1.9000000e+01   0.0000000e+00   8.4711575e-05
   6.0000000e+00   1.5000000e+01   8.4051718e-05
   1.0000000e+00   0.0000000e+00  -8.3627167e-05
   1.3000000e+01   0.0000000e+00  -8.3166638e-05
   1.3000000e+01   9.0000000e+00  -8.1760302e-05
   2.0000000e+01   1.0000000e+00  -8.1376084e-05
   6.0000000e+00   1.3000000e+01   7.9490888e-05
   1.5000000e+01   8.0000000e+00   7.6007573e-05
   2.1000000e+01   2.0000000e+00  -7.4334668e-05
   1.9000000e+01   6.0000000e+00  -7.4066932e-05
   9.0000000e+00   1.5000000e+01  -6.9545124e-05
   1.9000000e+01   1.0000000e+00  -6.9010338e-05
   2.1000000e+01   0.0000000e+00   6.8321115e-05
   6.0000000e+00   9.0000000e+00   6.7330890e-05
   9.0000000e+00   1.6000000e+01  -6.5694443e-05
   1.5000000e+01   4.0000000e+00   5.6979666e-05
   1.0000000e+00   2.4000000e+01   5.3368757e-05
   1.4000000e+01   1.1000000e+01   5.1827994e-05
   1.0000000e+00   1.1000000e+01  -5.1215735e-05
   1.9000000e+01   5.0000000e+00  -5.0463076e-05
   4.0000000e+00   2.1000000e+01   4.9798241e-05
   5.0000000e+00   1.8000000e+01  -4.7045599e-05
   1.7000000e+01   5.0000000e+00   4.6442512e-05
   1.5000000e+01   7.0000000e+00   4.5325407e-05
   2.3000000e+01   2.0000000e+00  -4.0162404e-05
   1.3000000e+01   6.0000000e+00   3.9763204e-05
   1.4000000e+01   9.0000000e+00   3.7767644e-05
   2.3000000e+01   0.0000000e+00   3.7705283e-05
   3.0000000e+00   2.2000000e+01  -3.6411116e-05
   1.5000000e+01   2.0000000e+00   3.0947828e-05
   6.0000000e+00   1.9000000e+01  -3.0877772e-05
   7.0000000e+00   1.8000000e+01  -3.0834730e-05
   1.1000000e+01   1.1000000e+01   3.0194519e-05
   2.4000000e+01   1.0000000e+00   2.9383750e-05
   1.0000000e+00   2.2000000e+01   2.8841439e-05
   5.0000000e+00   1.4000000e+01  -2.4902396e-05
   1.8000000e+01   1.0000000e+00   2.1557155e-05
   7.0000000e+00   1.4000000e+01   1.9283020e-05
   1.6000000e+01   7.0000000e+00   1.8067305e-05
   1.7000000e+01   1.0000000e+00   1.5453659e-05
   1.0000000e+01   1.0000000e+01   1.4256309e-05
   7.0000000e+00   1.7000000e+01  -1.2862485e-05
   8.0000000e+00   9.0000000e+00   1.2642984e-05
   2.1000000e+01   4.0000000e+00  -1.0248322e-05
   2.0000000e+00   2.1000000e+01  -1.0060657e-05
   1.5000000e+01   3.0000000e+00   9.5254340e-06
   1.2000000e+01   1.1000000e+01  -8.7600935e-06
   9.0000000e+00   8.0000000e+00   5.9187464e-06
   8.0000000e+00   1.5000000e+01  -5.0889191e-06
   2.0000000e+01   5.0000000e+00   9.8628059e-07
