   2.0000000000000000e+00   0.0000000000000000e+00   7.2065303918460123e-05
   2.0000000000000000e+00   1.0000000000000000e+00  -5.2132100999365394e-05
   0.0000000000000000e+00   0.0000000000000000e+00   4.1387560038180492e-05
   4.0000000000000000e+00   0.0000000000000000e+00   4.0489874397257580e-05
   1.0000000000000000e+00   0.0000000000000000e+00  -3.6065751395370425e-05
   0.0000000000000000e+00   1.0000000000000000e+00  -3.5192571002276445e-05
   1.0000000000000000e+00   1.0000000000000000e+00   3.1389653016476621e-05
   4.0000000000000000e+00   1.0000000000000000e+00  -2.5377869570549225e-05
   5.0000000000000000e+00   0.0000000000000000e+00   2.0101755913056707e-05
   2.0000000000000000e+00   2.0000000000000000e+00   1.8163220368762089e-05
   0.0000000000000000e+00   2.0000000000000000e+00   1.8032689611460692e-05
   3.0000000000000000e+00   1.0000000000000000e+00   1.7683048628403577e-05
   3.0000000000000000e+00   0.0000000000000000e+00  -1.7600675429104188e-05
   1.0000000000000000e+00   2.0000000000000000e+00  -1.3507454090355749e-05
   5.0000000000000000e+00   1.0000000000000000e+00  -1.1678525840616730e-05
   7.0000000000000000e+00   0.0000000000000000e+00   9.6706782746036585e-06
   3.0000000000000000e+00   2.0000000000000000e+00  -8.1635449245090598e-06
   7.0000000000000000e+00   1.0000000000000000e+00  -6.9034007750975585e-06
   0.0000000000000000e+00   3.0000000000000000e+00  -6.6365376680119632e-06
   4.0000000000000000e+00   2.0000000000000000e+00   6.1383286000897403e-06
   9.0000000000000000e+00   0.0000000000000000e+00  -5.3299519105661526e-06
   9.0000000000000000e+00   1.0000000000000000e+00   3.6134342397595376e-06
   6.0000000000000000e+00   0.0000000000000000e+00   2.7915748872633266e-06
   7.0000000000000000e+00   2.0000000000000000e+00   2.4076583631738866e-06
   5.0000000000000000e+00   2.0000000000000000e+00   2.3166236522741911e-06
   2.0000000000000000e+00   4.0000000000000000e+00  -2.0843792920018323e-06
   1.0000000000000000e+00   4.0000000000000000e+00   1.9151213177970985e-06
   4.0000000000000000e+00   4.0000000000000000e+00  -1.8719708782934563e-06
   1.0000000000000000e+00   3.0000000000000000e+00   1.7575273894059838e-06
   0.0000000000000000e+00   4.0000000000000000e+00   1.7351541470040462e-06
   8.0000000000000000e+00   0.0000000000000000e+00  -1.6518470345483255e-06
   6.0000000000000000e+00   2.0000000000000000e+00  -1.6459953849646032e-06
   4.0000000000000000e+00   3.0000000000000000e+00   1.4932845774574419e-06
   2.0000000000000000e+00   3.0000000000000000e+00  -1.4596266376965653e-06
   3.0000000000000000e+00   4.0000000000000000e+00   1.4518008538188236e-06
   5.0000000000000000e+00   3.0000000000000000e+00   1.1797045414652572e-06
   1.0000000000000000e+00   5.0000000000000000e+00  -1.1789964915361726e-06
   9.0000000000000000e+00   2.0000000000000000e+00  -1.1722746346580634e-06
   3.0000000000000000e+00   3.0000000000000000e+00   9.6511501648895816e-07
   1.3000000000000000e+01   0.0000000000000000e+00   9.3939766609702896e-07
   6.0000000000000000e+00   3.0000000000000000e+00   8.9921941437990446e-07
   1.0000000000000000e+01   0.0000000000000000e+00  -8.6589791359877838e-07
   0.0000000000000000e+00   5.0000000000000000e+00  -8.1808688641125442e-07
   3.0000000000000000e+00   5.0000000000000000e+00  -7.9977398797531379e-07
   0.0000000000000000e+00   6.0000000000000000e+00   7.2047561238053566e-07
   2.0000000000000000e+00   5.0000000000000000e+00   5.3257807193055925e-07
   5.0000000000000000e+00   4.0000000000000000e+00  -5.3126042755260717e-07
   2.0000000000000000e+00   7.0000000000000000e+00  -4.8332604878997166e-07
   1.0000000000000000e+00   6.0000000000000000e+00   4.3872198139023738e-07
   1.4000000000000000e+01   0.0000000000000000e+00   4.2358271322578185e-07
   4.0000000000000000e+00   5.0000000000000000e+00   4.2115751955654262e-07
   8.0000000000000000e+00   1.0000000000000000e+00   4.1878838436385748e-07
   1.3000000000000000e+01   1.0000000000000000e+00  -3.8672149221449555e-07
   1.0000000000000000e+00   1.8000000000000000e+01   3.8360812199703527e-07
   0.0000000000000000e+00   7.0000000000000000e+00  -3.8271195854201779e-07
   1.2000000000000000e+01   2.0000000000000000e+00  -3.7553859295192163e-07
   1.5000000000000000e+01   1.0000000000000000e+00   3.7142361120481203e-07
   1.0000000000000000e+00   1.6000000000000000e+01   3.6501669593315910e-07
   0.0000000000000000e+00   8.0000000000000000e+00   3.6110606426573959e-07
   2.0000000000000000e+00   9.0000000000000000e+00  -3.5258826436899387e-07
   2.0000000000000000e+00   1.1000000000000000e+01  -3.2781670612637636e-07
   1.0000000000000000e+00   2.0000000000000000e+01   3.0324816010660885e-07
   6.0000000000000000e+00   1.0000000000000000e+00   2.9867546645997557e-07
   1.8000000000000000e+01   4.0000000000000000e+00  -2.9113258627079458e-07
   1.7000000000000000e+01   0.0000000000000000e+00   2.8851050218708893e-07
   1.4000000000000000e+01   1.0000000000000000e+00  -2.8615468207392231e-07
   1.6000000000000000e+01   4.0000000000000000e+00  -2.8024231655638943e-07
   1.1000000000000000e+01   1.0000000000000000e+00  -2.7299302666385633e-07
   6.0000000000000000e+00   5.0000000000000000e+00  -2.6575922123770508e-07
   2.0000000000000000e+01   4.0000000000000000e+00  -2.6037101216346128e-07
   1.4000000000000000e+01   4.0000000000000000e+00  -2.4144874270761447e-07
   1.0000000000000000e+00   1.4000000000000000e+01   2.4050541230028430e-07
   1.3000000000000000e+01   3.0000000000000000e+00   2.3805920797750634e-07
   1.8000000000000000e+01   2.0000000000000000e+00  -2.3564012836217662e-07
   1.0000000000000000e+00   9.0000000000000000e+00   2.3046047812384929e-07
   1.1000000000000000e+01   2.0000000000000000e+00   2.2225509909772197e-07
   1.1000000000000000e+01   0.0000000000000000e+00   2.2188947545597209e-07
   9.0000000000000000e+00   4.0000000000000000e+00   2.1986665315601045e-07
   1.6000000000000000e+01   2.0000000000000000e+00  -2.1879462981778151e-07
   2.0000000000000000e+00   1.3000000000000000e+01  -2.1512344163667149e-07
   6.0000000000000000e+00   4.0000000000000000e+00  -2.0916755943581981e-07
   8.0000000000000000e+00   4.0000000000000000e+00  -2.0746969606321272e-07
   2.0000000000000000e+01   2.0000000000000000e+00  -2.0617099789684713e-07
   2.0000000000000000e+00   6.0000000000000000e+00   2.0608536715816386e-07
   1.9000000000000000e+01   0.0000000000000000e+00   2.0586406580816927e-07
   2.2000000000000000e+01   2.0000000000000000e+00  -2.0579484893983994e-07
   1.2000000000000000e+01   7.0000000000000000e+00   2.0298527194873751e-07
   2.1000000000000000e+01   2.0000000000000000e+00  -2.0271148875490929e-07
   1.0000000000000000e+00   1.1000000000000000e+01   2.0204788035906237e-07
   2.0000000000000000e+00   2.3000000000000000e+01  -2.0111839962021235e-07
   9.0000000000000000e+00   3.0000000000000000e+00   2.0078923068499808e-07
   1.2000000000000000e+01   0.0000000000000000e+00  -2.0046130428898573e-07
   2.0000000000000000e+00   2.1000000000000000e+01  -1.9974499924241235e-07
   1.3000000000000000e+01   9.0000000000000000e+00  -1.9907142279655491e-07
   1.4000000000000000e+01   7.0000000000000000e+00   1.9799073447897352e-07
   2.3000000000000000e+01   2.0000000000000000e+00  -1.9576932488702478e-07
   1.2000000000000000e+01   1.0000000000000000e+00   1.9391625326096033e-07
   1.4000000000000000e+01   5.0000000000000000e+00   1.9094703008767852e-07
   1.5000000000000000e+01   9.0000000000000000e+00  -1.8844010649781241e-07
   1.1000000000000000e+01   9.0000000000000000e+00  -1.8664116783915129e-07
   1.0000000000000000e+00   7.0000000000000000e+00   1.8567714697761065e-07
   1.2000000000000000e+01   9.0000000000000000e+00   1.8260751666385210e-07
   3.0000000000000000e+00   7.0000000000000000e+00   1.7995677331599077e-07
   1.3000000000000000e+01   1.1000000000000000e+01  -1.7949148217440390e-07
   1.6000000000000000e+01   6.0000000000000000e+00  -1.7816111972340667e-07
   2.2000000000000000e+01   0.0000000000000000e+00  -1.7733449346912751e-07
   1.6000000000000000e+01   7.0000000000000000e+00   1.7331511565015963e-07
   1.0000000000000000e+00   2.2000000000000000e+01   1.7243136068578172e-07
   4.0000000000000000e+00   6.0000000000000000e+00  -1.6928988345489878e-07
   2.0000000000000000e+00   1.9000000000000000e+01  -1.6756749251991877e-07
   1.0000000000000000e+01   9.0000000000000000e+00   1.6612672290064890e-07
   9.0000000000000000e+00   7.0000000000000000e+00  -1.6494139994984029e-07
   1.6000000000000000e+01   5.0000000000000000e+00   1.6458586190473078e-07
   1.4000000000000000e+01   6.0000000000000000e+00  -1.6329463105650620e-07
   4.0000000000000000e+00   2.1000000000000000e+01  -1.6208843282255372e-07
   1.4000000000000000e+01   9.0000000000000000e+00   1.6181018213513070e-07
   1.1000000000000000e+01   3.0000000000000000e+00   1.6158131332750870e-07
   1.5000000000000000e+01   0.0000000000000000e+00  -1.6022984025295469e-07
   7.0000000000000000e+00   7.0000000000000000e+00  -1.5825995868096337e-07
   1.8000000000000000e+01   6.0000000000000000e+00  -1.5345533461233170e-07
   1.2000000000000000e+01   3.0000000000000000e+00   1.5065139421625536e-07
   1.9000000000000000e+01   2.0000000000000000e+00  -1.4928427526182751e-07
   1.0000000000000000e+01   1.1000000000000000e+01   1.4862553599552701e-07
   1.1000000000000000e+01   7.0000000000000000e+00  -1.4794745112713077e-07
   1.2000000000000000e+01   4.0000000000000000e+00  -1.4696784287630911e-07
   1.0000000000000000e+01   7.0000000000000000e+00   1.4694660203221281e-07
   1.0000000000000000e+01   4.0000000000000000e+00  -1.4418492737844777e-07
   1.2000000000000000e+01   5.0000000000000000e+00   1.4370884739017822e-07
   3.0000000000000000e+00   6.0000000000000000e+00   1.4364485389314003e-07
   5.0000000000000000e+00   6.0000000000000000e+00   1.4341200979126461e-07
   4.0000000000000000e+00   1.9000000000000000e+01  -1.4244292547911034e-07
   1.2000000000000000e+01   1.1000000000000000e+01   1.4196927887930649e-07
   1.8000000000000000e+01   7.0000000000000000e+00   1.4124699735406179e-07
   1.0000000000000000e+01   1.0000000000000000e+00  -1.3958729725305102e-07
   1.3000000000000000e+01   4.0000000000000000e+00  -1.3952891261948300e-07
   3.0000000000000000e+00   2.0000000000000000e+01   1.3633391548688750e-07
   2.0000000000000000e+01   1.0000000000000000e+00  -1.3574639601461683e-07
   4.0000000000000000e+00   8.0000000000000000e+00  -1.3556150823603621e-07
   9.0000000000000000e+00   9.0000000000000000e+00  -1.3356414581263416e-07
   2.4000000000000000e+01   0.0000000000000000e+00  -1.3331129793597968e-07
   1.0000000000000000e+01   5.0000000000000000e+00   1.3021363316061875e-07
   8.0000000000000000e+00   6.0000000000000000e+00  -1.2990110228742024e-07
   2.0000000000000000e+00   1.5000000000000000e+01  -1.2967366822060760e-07
   5.0000000000000000e+00   1.3000000000000000e+01   1.2940722596685077e-07
   1.1000000000000000e+01   1.1000000000000000e+01  -1.2790094914250652e-07
   1.6000000000000000e+01   9.0000000000000000e+00   1.2788269891821937e-07
   1.8000000000000000e+01   5.0000000000000000e+00   1.2622750413245058e-07
   5.0000000000000000e+00   1.1000000000000000e+01   1.2422462247871835e-07
   1.0000000000000000e+01   1.3000000000000000e+01   1.2400309338651942e-07
   7.0000000000000000e+00   1.3000000000000000e+01   1.2345792203591436e-07
   3.0000000000000000e+00   1.8000000000000000e+01   1.2332434752276117e-07
   2.0000000000000000e+00   1.7000000000000000e+01  -1.2329238683456694e-07
   3.0000000000000000e+00   2.2000000000000000e+01   1.1872039377225135e-07
   1.0000000000000000e+01   1.5000000000000000e+01   1.1696642050914411e-07
   1.2000000000000000e+01   6.0000000000000000e+00  -1.1567301971044647e-07
   0.0000000000000000e+00   1.4000000000000000e+01  -1.1277538164865861e-07
   1.3000000000000000e+01   7.0000000000000000e+00  -1.1182883764023660e-07
   2.4000000000000000e+01   1.0000000000000000e+00  -1.1178664643525964e-07
   1.2000000000000000e+01   1.3000000000000000e+01   1.1072871290347337e-07
   1.4000000000000000e+01   1.1000000000000000e+01   1.0844781384919006e-07
   1.0000000000000000e+01   6.0000000000000000e+00  -1.0718336190336712e-07
   4.0000000000000000e+00   1.7000000000000000e+01  -1.0446814514343114e-07
   1.3000000000000000e+01   2.0000000000000000e+00   1.0426220288247597e-07
   9.0000000000000000e+00   1.0000000000000000e+01   1.0386470611893105e-07
   2.2000000000000000e+01   1.0000000000000000e+00  -1.0249124891014748e-07
   1.6000000000000000e+01   0.0000000000000000e+00  -1.0221683338310232e-07
   5.0000000000000000e+00   1.8000000000000000e+01  -1.0199297747784538e-07
   0.0000000000000000e+00   1.7000000000000000e+01  -1.0184937964628785e-07
   0.0000000000000000e+00   1.2000000000000000e+01  -1.0165608887004881e-07
   5.0000000000000000e+00   1.5000000000000000e+01   9.9812648279362718e-08
   2.3000000000000000e+01   1.0000000000000000e+00   9.9581905747572880e-08
   0.0000000000000000e+00   1.9000000000000000e+01  -9.7651672261188904e-08
   2.1000000000000000e+01   1.0000000000000000e+00   9.7517291337586049e-08
   6.0000000000000000e+00   6.0000000000000000e+00  -9.7020989880491720e-08
   8.0000000000000000e+00   1.1000000000000000e+01   9.6728710266146023e-08
   7.0000000000000000e+00   1.5000000000000000e+01   9.6722777558236743e-08
   1.0000000000000000e+00   1.3000000000000000e+01   9.6189909516498527e-08
   9.0000000000000000e+00   1.2000000000000000e+01   9.5243207771341869e-08
   3.0000000000000000e+00   1.6000000000000000e+01   9.5143122410697662e-08
   1.5000000000000000e+01   7.0000000000000000e+00  -9.4382937144244829e-08
   2.0000000000000000e+01   5.0000000000000000e+00   9.4066597066188873e-08
   1.0000000000000000e+00   1.9000000000000000e+01  -9.2888248896284939e-08
   8.0000000000000000e+00   2.0000000000000000e+00  -9.2166338338869230e-08
   9.0000000000000000e+00   5.0000000000000000e+00  -9.1153803061672956e-08
   1.0000000000000000e+00   1.7000000000000000e+01  -9.0404693531246524e-08
   7.0000000000000000e+00   6.0000000000000000e+00   9.0221047435837901e-08
   2.0000000000000000e+01   0.0000000000000000e+00  -9.0001047100582831e-08
   1.5000000000000000e+01   2.0000000000000000e+00  -8.9711668468749704e-08
   1.7000000000000000e+01   7.0000000000000000e+00  -8.9639606846848255e-08
   5.0000000000000000e+00   1.6000000000000000e+01  -8.9299586268146920e-08
   9.0000000000000000e+00   8.0000000000000000e+00   8.8250214466150376e-08
   5.0000000000000000e+00   2.0000000000000000e+01  -8.7214518968090541e-08
   1.5000000000000000e+01   3.0000000000000000e+00   8.6428953961788469e-08
   8.0000000000000000e+00   9.0000000000000000e+00   8.5921861947558558e-08
   8.0000000000000000e+00   1.7000000000000000e+01   8.4952883398858066e-08
   8.0000000000000000e+00   1.3000000000000000e+01   8.4544435134002673e-08
   7.0000000000000000e+00   1.1000000000000000e+01   8.4395695697776546e-08
   1.3000000000000000e+01   5.0000000000000000e+00   8.1433859403671462e-08
   1.0000000000000000e+00   1.2000000000000000e+01   8.0668746365885528e-08
   2.0000000000000000e+00   1.0000000000000000e+01  -7.9451456337167487e-08
   8.0000000000000000e+00   1.5000000000000000e+01   7.9431035903528297e-08
   4.0000000000000000e+00   1.0000000000000000e+01  -7.9371045137367139e-08
   1.0000000000000000e+01   2.0000000000000000e+00   7.8001529810955602e-08
   0.0000000000000000e+00   2.1000000000000000e+01  -7.7478498114375144e-08
   6.0000000000000000e+00   8.0000000000000000e+00  -7.6769240848209358e-08
   1.4000000000000000e+01   2.0000000000000000e+00  -7.6749066116272632e-08
   1.1000000000000000e+01   8.0000000000000000e+00   7.6015782561326379e-08
   0.0000000000000000e+00   1.5000000000000000e+01  -7.3859197862121317e-08
   1.5000000000000000e+01   4.0000000000000000e+00  -7.2747247894615359e-08
   0.0000000000000000e+00   1.6000000000000000e+01  -7.2033880367325747e-08
   7.0000000000000000e+00   1.2000000000000000e+01   7.1841723686654779e-08
   1.4000000000000000e+01   3.0000000000000000e+00   7.1727201389732583e-08
   4.0000000000000000e+00   1.1000000000000000e+01  -7.1624002969234007e-08
   4.0000000000000000e+00   7.0000000000000000e+00  -7.1410119797854953e-08
   1.8000000000000000e+01   1.0000000000000000e+00  -7.0171786120360317e-08
   5.0000000000000000e+00   9.0000000000000000e+00   6.9818105284308588e-08
   1.3000000000000000e+01   1.2000000000000000e+01  -6.8994554521818538e-08
   4.0000000000000000e+00   1.4000000000000000e+01  -6.8295166914062288e-08
   9.0000000000000000e+00   1.4000000000000000e+01   6.7922488069380377e-08
   4.0000000000000000e+00   1.5000000000000000e+01  -6.7762731143916191e-08
   4.0000000000000000e+00   1.2000000000000000e+01  -6.7624101774364541e-08
   5.0000000000000000e+00   7.0000000000000000e+00  -6.7239235110505721e-08
   0.0000000000000000e+00   2.5000000000000000e+01  -6.6355442622160909e-08
   0.0000000000000000e+00   2.3000000000000000e+01  -6.5838773822494200e-08
   4.0000000000000000e+00   9.0000000000000000e+00  -6.4992777319310288e-08
   9.0000000000000000e+00   6.0000000000000000e+00   6.2200104150636744e-08
   3.0000000000000000e+00   2.1000000000000000e+01  -6.1247673153185007e-08
   3.0000000000000000e+00   1.9000000000000000e+01  -6.1134193114067739e-08
   6.0000000000000000e+00   1.4000000000000000e+01  -6.1038234085841557e-08
   6.0000000000000000e+00   1.6000000000000000e+01  -6.0723573326598694e-08
   1.1000000000000000e+01   1.3000000000000000e+01  -5.9837038605018694e-08
   1.4000000000000000e+01   8.0000000000000000e+00  -5.9663316110570799e-08
   0.0000000000000000e+00   1.1000000000000000e+01   5.9409042600227206e-08
   1.9000000000000000e+01   1.0000000000000000e+00   5.8803188176638174e-08
   3.0000000000000000e+00   1.7000000000000000e+01  -5.8476402895342998e-08
   7.0000000000000000e+00   5.0000000000000000e+00  -5.8223315537266972e-08
   6.0000000000000000e+00   7.0000000000000000e+00  -5.7968843275802776e-08
   3.0000000000000000e+00   1.4000000000000000e+01   5.7535839020496329e-08
   1.1000000000000000e+01   4.0000000000000000e+00  -5.7068716835472088e-08
   4.0000000000000000e+00   1.3000000000000000e+01  -5.6704343342182732e-08
   1.1000000000000000e+01   5.0000000000000000e+00   5.6452446422546229e-08
   1.0000000000000000e+01   3.0000000000000000e+00  -5.6346108819227504e-08
   1.2000000000000000e+01   8.0000000000000000e+00  -5.6314017932389621e-08
   7.0000000000000000e+00   1.0000000000000000e+01   5.6219977853252789e-08
   6.0000000000000000e+00   1.8000000000000000e+01  -5.6175140452905979e-08
   5.0000000000000000e+00   1.7000000000000000e+01   5.5689972909580966e-08
   3.0000000000000000e+00   9.0000000000000000e+00   5.4573939908741819e-08
   3.0000000000000000e+00   1.5000000000000000e+01  -5.4276455861498316e-08
   1.9000000000000000e+01   5.0000000000000000e+00  -5.4218641600940248e-08
   1.7000000000000000e+01   4.0000000000000000e+00  -5.3907169767584266e-08
   1.6000000000000000e+01   1.0000000000000000e+00   5.3871898836799712e-08
   4.0000000000000000e+00   1.6000000000000000e+01  -5.3169743550321964e-08
   5.0000000000000000e+00   1.4000000000000000e+01  -5.1412706510531458e-08
   2.1000000000000000e+01   0.0000000000000000e+00   5.0801263200062770e-08
   7.0000000000000000e+00   1.8000000000000000e+01  -5.0655613102330367e-08
   1.3000000000000000e+01   8.0000000000000000e+00   4.8466167681844134e-08
   1.0000000000000000e+00   2.1000000000000000e+01  -4.7705804170375450e-08
   3.0000000000000000e+00   8.0000000000000000e+00  -4.7172810464555809e-08
   1.6000000000000000e+01   3.0000000000000000e+00   4.6845778050511926e-08
   6.0000000000000000e+00   1.2000000000000000e+01  -4.6652610853807195e-08
   7.0000000000000000e+00   3.0000000000000000e+00  -4.6455886683130430e-08
   8.0000000000000000e+00   1.6000000000000000e+01  -4.5513680436144283e-08
   8.0000000000000000e+00   5.0000000000000000e+00   4.4272983544544479e-08
   2.2000000000000000e+01   3.0000000000000000e+00  -4.4187614290776089e-08
   1.9000000000000000e+01   3.0000000000000000e+00  -4.3741383842521326e-08
   1.1000000000000000e+01   1.0000000000000000e+01   4.3259093036805220e-08
   2.1000000000000000e+01   3.0000000000000000e+00  -4.2038225737086692e-08
   1.5000000000000000e+01   8.0000000000000000e+00   4.0686375675141734e-08
   1.6000000000000000e+01   8.0000000000000000e+00  -3.8112760121785029e-08
   7.0000000000000000e+00   1.4000000000000000e+01   3.7551148044494546e-08
   0.0000000000000000e+00   1.0000000000000000e+01   3.6890728393277770e-08
   1.7000000000000000e+01   8.0000000000000000e+00   3.6690284758299229e-08
   7.0000000000000000e+00   1.7000000000000000e+01   3.6279854382214463e-08
   1.0000000000000000e+00   2.4000000000000000e+01   3.6169761580456041e-08
   5.0000000000000000e+00   8.0000000000000000e+00  -3.6136796622174925e-08
   1.0000000000000000e+01   8.0000000000000000e+00  -3.5466384081504354e-08
   9.0000000000000000e+00   1.1000000000000000e+01  -3.5447087981262494e-08
   1.5000000000000000e+01   5.0000000000000000e+00   3.5077494645668740e-08
   9.0000000000000000e+00   1.6000000000000000e+01   3.4712473576832192e-08
   1.1000000000000000e+01   6.0000000000000000e+00   3.4155540605151662e-08
   1.9000000000000000e+01   6.0000000000000000e+00   3.3404831303205578e-08
   8.0000000000000000e+00   7.0000000000000000e+00   3.3222248941017570e-08
   8.0000000000000000e+00   8.0000000000000000e+00  -3.2142080440925830e-08
   6.0000000000000000e+00   9.0000000000000000e+00  -3.1846724994757206e-08
   1.7000000000000000e+01   6.0000000000000000e+00   3.1645144353230655e-08
   1.0000000000000000e+01   1.4000000000000000e+01  -3.0851217148676480e-08
   2.0000000000000000e+00   8.0000000000000000e+00  -2.9770512085011882e-08
   1.8000000000000000e+01   0.0000000000000000e+00  -2.9496409564947249e-08
   4.0000000000000000e+00   1.8000000000000000e+01  -2.9419702758966679e-08
   3.0000000000000000e+00   1.3000000000000000e+01  -2.8687467800846369e-08
   8.0000000000000000e+00   1.4000000000000000e+01  -2.7863852155309906e-08
   1.0000000000000000e+00   8.0000000000000000e+00   2.7611748262581304e-08
   6.0000000000000000e+00   1.0000000000000000e+01  -2.7611112727948500e-08
   5.0000000000000000e+00   1.0000000000000000e+01  -2.7300368904008332e-08
   2.0000000000000000e+00   1.6000000000000000e+01   2.6634062546538839e-08
   1.7000000000000000e+01   2.0000000000000000e+00  -2.6069900808987436e-08
   9.0000000000000000e+00   1.5000000000000000e+01   2.5791844468372152e-08
   2.0000000000000000e+00   1.4000000000000000e+01   2.5483254581916914e-08
   3.0000000000000000e+00   1.2000000000000000e+01   2.5472578299799192e-08
   1.0000000000000000e+00   2.3000000000000000e+01   2.5218549690435201e-08
   1.5000000000000000e+01   6.0000000000000000e+00   2.5215914604259098e-08
   7.0000000000000000e+00   8.0000000000000000e+00   2.4864849461627993e-08
   9.0000000000000000e+00   1.3000000000000000e+01   2.4704774473626697e-08
   1.8000000000000000e+01   3.0000000000000000e+00   2.4368749718258503e-08
   2.0000000000000000e+00   1.8000000000000000e+01   2.4274689085018680e-08
   0.0000000000000000e+00   1.8000000000000000e+01  -2.3051870037603480e-08
   1.9000000000000000e+01   4.0000000000000000e+00  -2.2113402815063591e-08
   5.0000000000000000e+00   1.2000000000000000e+01  -2.1822667598799016e-08
   7.0000000000000000e+00   9.0000000000000000e+00  -2.1741606645574168e-08
   1.2000000000000000e+01   1.2000000000000000e+01  -2.0541256170203350e-08
   1.0000000000000000e+00   1.5000000000000000e+01  -2.0202041445198652e-08
   5.0000000000000000e+00   5.0000000000000000e+00   1.9972093035699198e-08
   1.5000000000000000e+01   1.0000000000000000e+01  -1.9788808839815199e-08
   2.0000000000000000e+01   3.0000000000000000e+00  -1.9758395522352497e-08
   1.3000000000000000e+01   6.0000000000000000e+00   1.9683743310125533e-08
   1.7000000000000000e+01   1.0000000000000000e+00   1.9203547279941906e-08
   1.1000000000000000e+01   1.4000000000000000e+01  -1.8998119115076815e-08
   6.0000000000000000e+00   1.7000000000000000e+01  -1.8475346553109089e-08
   2.5000000000000000e+01   0.0000000000000000e+00  -1.8173591194516745e-08
   0.0000000000000000e+00   2.4000000000000000e+01   1.7821394924298298e-08
   3.0000000000000000e+00   1.0000000000000000e+01   1.7372347307406957e-08
   0.0000000000000000e+00   2.2000000000000000e+01   1.7176507813962482e-08
   6.0000000000000000e+00   1.9000000000000000e+01  -1.6770127233988777e-08
   6.0000000000000000e+00   1.5000000000000000e+01  -1.6047226495355254e-08
   0.0000000000000000e+00   9.0000000000000000e+00  -1.6044149798227265e-08
   7.0000000000000000e+00   4.0000000000000000e+00  -1.5167484837520302e-08
   1.7000000000000000e+01   3.0000000000000000e+00  -1.4917822287979947e-08
   7.0000000000000000e+00   1.6000000000000000e+01  -1.3420703797646520e-08
   1.7000000000000000e+01   5.0000000000000000e+00  -1.2413698032619129e-08
   2.0000000000000000e+00   2.0000000000000000e+01   1.2205379308797775e-08
   8.0000000000000000e+00   1.2000000000000000e+01  -1.1803915698833378e-08
   4.0000000000000000e+00   2.0000000000000000e+01  -1.1392594633783454e-08
   1.2000000000000000e+01   1.0000000000000000e+01  -1.1084129702367466e-08
   1.3000000000000000e+01   1.0000000000000000e+01  -1.0085160328766136e-08
   6.0000000000000000e+00   1.1000000000000000e+01  -9.6548963578637086e-09
   8.0000000000000000e+00   1.0000000000000000e+01  -8.9175780795587991e-09
   1.4000000000000000e+01   1.0000000000000000e+01  -8.0857050122890574e-09
   0.0000000000000000e+00   2.0000000000000000e+01   7.5062363337543940e-09
   2.0000000000000000e+00   1.2000000000000000e+01  -7.4626825037543429e-09
   2.1000000000000000e+01   4.0000000000000000e+00   6.6539504980776169e-09
   6.0000000000000000e+00   1.3000000000000000e+01  -6.5678505844498052e-09
   5.0000000000000000e+00   1.9000000000000000e+01   5.4613098661257028e-09
   3.0000000000000000e+00   1.1000000000000000e+01   5.1118623873122890e-09
   1.0000000000000000e+01   1.0000000000000000e+01  -5.0498546800948074e-09
   8.0000000000000000e+00   3.0000000000000000e+00   4.9393770192551035e-09
   1.0000000000000000e+01   1.2000000000000000e+01  -4.3291951223256382e-09
   2.3000000000000000e+01   0.0000000000000000e+00   3.8994667928758158e-09
   1.1000000000000000e+01   1.2000000000000000e+01   3.3249349717354390e-09
   1.0000000000000000e+00   1.0000000000000000e+01   3.2812261724351502e-09
   0.0000000000000000e+00   1.3000000000000000e+01  -3.1221478787344386e-09
   2.0000000000000000e+00   2.2000000000000000e+01  -1.7281416365860710e-09
