   0.0000000000000000e+00   0.0000000000000000e+00   3.7350572852400734e-04
   2.0000000000000000e+00   0.0000000000000000e+00   2.5528690412197062e-04
   1.0000000000000000e+00   0.0000000000000000e+00  -1.4867935286387099e-04
   3.0000000000000000e+00   0.0000000000000000e+00  -9.4521506781760137e-05
   0.0000000000000000e+00   1.0000000000000000e+00   8.7945247095471199e-05
   2.0000000000000000e+00   1.0000000000000000e+00   7.1082469427676047e-05
   4.0000000000000000e+00   0.0000000000000000e+00   6.9008929164773457e-05
   1.0000000000000000e+00   1.0000000000000000e+00   5.3707202368738574e-05
   1.0000000000000000e+00   2.0000000000000000e+00   3.9093824193461621e-05
   4.0000000000000000e+00   1.0000000000000000e+00   3.2668122432291545e-05
   0.0000000000000000e+00   2.0000000000000000e+00   2.1394487959103366e-05
   2.0000000000000000e+00   2.0000000000000000e+00   2.0895652354605545e-05
   3.0000000000000000e+00   2.0000000000000000e+00   2.0466184703695820e-05
   3.0000000000000000e+00   1.0000000000000000e+00   1.8690268773484391e-05
   2.0000000000000000e+00   5.0000000000000000e+00  -1.3486252511375891e-05
   6.0000000000000000e+00   2.0000000000000000e+00   9.7567977335608303e-06
   1.0000000000000000e+00   3.0000000000000000e+00   9.5120117487897375e-06
   7.0000000000000000e+00   0.0000000000000000e+00   9.1821244249453203e-06
   2.0000000000000000e+00   3.0000000000000000e+00   8.1543545363496853e-06
   0.0000000000000000e+00   4.0000000000000000e+00   7.9594100893040451e-06
   5.0000000000000000e+00   3.0000000000000000e+00   7.8652523238707497e-06
   8.0000000000000000e+00   1.0000000000000000e+00  -7.8018104186061163e-06
   4.0000000000000000e+00   2.0000000000000000e+00   7.6953907615629897e-06
   1.0000000000000000e+00   5.0000000000000000e+00   7.6174750441816471e-06
   1.0000000000000000e+00   4.0000000000000000e+00  -6.8950122497267051e-06
   5.0000000000000000e+00   0.0000000000000000e+00   6.6531880499866039e-06
   6.0000000000000000e+00   1.0000000000000000e+00   6.3473800591134746e-06
   0.0000000000000000e+00   5.0000000000000000e+00  -5.5096485957656178e-06
   2.0000000000000000e+00   4.0000000000000000e+00  -5.4961087174059549e-06
   6.0000000000000000e+00   0.0000000000000000e+00  -5.4725957979499964e-06
   5.0000000000000000e+00   1.0000000000000000e+00   5.4706182603037913e-06
   0.0000000000000000e+00   3.0000000000000000e+00   5.3933516453294473e-06
   1.0000000000000000e+00   6.0000000000000000e+00   5.3036228976629183e-06
   4.0000000000000000e+00   6.0000000000000000e+00   5.1472544868080263e-06
   3.0000000000000000e+00   5.0000000000000000e+00   5.1237321039600617e-06
   2.0000000000000000e+00   7.0000000000000000e+00   4.0888141104659658e-06
   5.0000000000000000e+00   4.0000000000000000e+00   3.7452078857306742e-06
   4.0000000000000000e+00   5.0000000000000000e+00  -3.6051235138659083e-06
   8.0000000000000000e+00   0.0000000000000000e+00  -3.2249430817940478e-06
   5.0000000000000000e+00   2.0000000000000000e+00   3.0636219252171060e-06
   4.0000000000000000e+00   8.0000000000000000e+00   2.9460716850441229e-06
   4.0000000000000000e+00   7.0000000000000000e+00   2.9137181749488296e-06
   3.0000000000000000e+00   7.0000000000000000e+00  -2.7572369626207897e-06
   7.0000000000000000e+00   2.0000000000000000e+00  -2.7035884709607557e-06
   7.0000000000000000e+00   4.0000000000000000e+00   2.6389996697057521e-06
   2.0000000000000000e+00   8.0000000000000000e+00   2.4971131368228345e-06
   8.0000000000000000e+00   2.0000000000000000e+00  -2.4627549478953199e-06
   5.0000000000000000e+00   6.0000000000000000e+00  -2.4610884237062481e-06
   7.0000000000000000e+00   1.0000000000000000e+00   2.3093789273467865e-06
   6.0000000000000000e+00   4.0000000000000000e+00  -2.2703026321876872e-06
   9.0000000000000000e+00   0.0000000000000000e+00  -2.2328302646046461e-06
   5.0000000000000000e+00   5.0000000000000000e+00  -2.1354526401052890e-06
   1.1000000000000000e+01   0.0000000000000000e+00   2.1353864688284537e-06
   1.0000000000000000e+00   7.0000000000000000e+00  -2.1000086616615998e-06
   1.1000000000000000e+01   1.0000000000000000e+00  -1.9756546753428836e-06
   5.0000000000000000e+00   7.0000000000000000e+00  -1.9408557415527879e-06
   1.0000000000000000e+00   9.0000000000000000e+00   1.8779784353352860e-06
   3.0000000000000000e+00   1.1000000000000000e+01   1.8340264034138229e-06
   1.3000000000000000e+01   1.0000000000000000e+00  -1.8337501653421135e-06
   3.0000000000000000e+00   8.0000000000000000e+00  -1.6908560566811126e-06
   0.0000000000000000e+00   7.0000000000000000e+00   1.6857287123800569e-06
   1.3000000000000000e+01   0.0000000000000000e+00  -1.6680052529696013e-06
   0.0000000000000000e+00   8.0000000000000000e+00   1.6537194488296531e-06
   1.4000000000000000e+01   0.0000000000000000e+00   1.5270548082702049e-06
   1.0000000000000000e+00   1.0000000000000000e+01   1.5100226643689661e-06
   1.2000000000000000e+01   4.0000000000000000e+00   1.4860516818230695e-06
   0.0000000000000000e+00   9.0000000000000000e+00  -1.4538060550056904e-06
   0.0000000000000000e+00   6.0000000000000000e+00  -1.4203321092819839e-06
   1.2000000000000000e+01   1.0000000000000000e+00   1.2874648989876822e-06
   1.0000000000000000e+00   8.0000000000000000e+00   1.2366652333943488e-06
   6.0000000000000000e+00   3.0000000000000000e+00  -1.1912785266364423e-06
   3.0000000000000000e+00   1.3000000000000000e+01   1.1663054925260646e-06
   1.4000000000000000e+01   4.0000000000000000e+00   1.1614076959368831e-06
   6.0000000000000000e+00   5.0000000000000000e+00  -1.1156981540713848e-06
   1.0000000000000000e+01   0.0000000000000000e+00  -1.1083179055583346e-06
   3.0000000000000000e+00   4.0000000000000000e+00  -1.0870190983148205e-06
   6.0000000000000000e+00   7.0000000000000000e+00  -1.0512078479099654e-06
   8.0000000000000000e+00   3.0000000000000000e+00   1.0300937748653519e-06
   3.0000000000000000e+00   3.0000000000000000e+00  -1.0143230381373141e-06
   1.0000000000000000e+01   3.0000000000000000e+00  -9.7829874684230028e-07
   1.0000000000000000e+00   1.5000000000000000e+01  -9.7381609552781899e-07
   3.0000000000000000e+00   1.2000000000000000e+01   9.6101791469787591e-07
   9.0000000000000000e+00   3.0000000000000000e+00  -9.3894544613098658e-07
   1.0000000000000000e+01   5.0000000000000000e+00  -9.3887493194884401e-07
   1.6000000000000000e+01   3.0000000000000000e+00  -9.3302898456460294e-07
   3.0000000000000000e+00   9.0000000000000000e+00   9.1938324620041894e-07
   8.0000000000000000e+00   4.0000000000000000e+00   8.8395129183274651e-07
   0.0000000000000000e+00   1.1000000000000000e+01  -8.8283485667585951e-07
   2.0000000000000000e+00   1.1000000000000000e+01   8.7450430581677185e-07
   9.0000000000000000e+00   1.0000000000000000e+00   8.5293728020946515e-07
   7.0000000000000000e+00   5.0000000000000000e+00  -8.4850445525819552e-07
   1.0000000000000000e+00   1.4000000000000000e+01  -8.3361013001102737e-07
   1.3000000000000000e+01   2.0000000000000000e+00   8.2569536418724151e-07
   2.0000000000000000e+00   1.0000000000000000e+01   8.0634437430679591e-07
   7.0000000000000000e+00   6.0000000000000000e+00   7.9097669654574501e-07
   8.0000000000000000e+00   5.0000000000000000e+00  -7.7582284361737204e-07
   1.0000000000000000e+01   4.0000000000000000e+00   7.5417376750012482e-07
   5.0000000000000000e+00   8.0000000000000000e+00  -7.4471767807601349e-07
   6.0000000000000000e+00   6.0000000000000000e+00   7.4443810389483267e-07
   1.4000000000000000e+01   2.0000000000000000e+00  -7.4416488721805360e-07
   4.0000000000000000e+00   4.0000000000000000e+00  -7.3816539182767825e-07
   1.2000000000000000e+01   6.0000000000000000e+00   7.2932753547691035e-07
   1.5000000000000000e+01   1.0000000000000000e+00  -7.0862600605461370e-07
   6.0000000000000000e+00   1.8000000000000000e+01   6.9517769333570881e-07
   9.0000000000000000e+00   2.0000000000000000e+00  -6.9412248113563991e-07
   6.0000000000000000e+00   1.6000000000000000e+01   6.8865888439253857e-07
   3.0000000000000000e+00   1.4000000000000000e+01   6.7955753966171394e-07
   1.0000000000000000e+00   1.7000000000000000e+01  -6.7918893262689065e-07
   0.0000000000000000e+00   1.4000000000000000e+01  -6.7773702215378881e-07
   1.1000000000000000e+01   2.0000000000000000e+00  -6.7127438195192523e-07
   1.4000000000000000e+01   5.0000000000000000e+00  -6.7049549829267143e-07
   4.0000000000000000e+00   9.0000000000000000e+00   6.6093482656937482e-07
   1.6000000000000000e+01   5.0000000000000000e+00  -6.4623161948656842e-07
   3.0000000000000000e+00   1.0000000000000000e+01   6.4561237570580271e-07
   2.0000000000000000e+00   1.2000000000000000e+01   6.3687565871225708e-07
   0.0000000000000000e+00   1.6000000000000000e+01  -6.2444030124909087e-07
   7.0000000000000000e+00   8.0000000000000000e+00   6.1820319249407368e-07
   6.0000000000000000e+00   1.3000000000000000e+01   6.0131037779412178e-07
   6.0000000000000000e+00   1.1000000000000000e+01   6.0012449426784601e-07
   1.0000000000000000e+00   1.1000000000000000e+01   5.9892679826579249e-07
   7.0000000000000000e+00   9.0000000000000000e+00   5.7948002388959453e-07
   1.4000000000000000e+01   7.0000000000000000e+00  -5.5812187386080469e-07
   0.0000000000000000e+00   1.0000000000000000e+01  -5.5603403460294384e-07
   9.0000000000000000e+00   4.0000000000000000e+00  -5.4570095873857462e-07
   1.4000000000000000e+01   1.0000000000000000e+00   5.4331174458285077e-07
   7.0000000000000000e+00   1.1000000000000000e+01   5.4264548617475744e-07
   1.0000000000000000e+00   1.2000000000000000e+01  -5.3247827167366779e-07
   4.0000000000000000e+00   3.0000000000000000e+00   5.2038360733883326e-07
   2.0000000000000000e+00   1.5000000000000000e+01   5.1778022722180892e-07
   1.4000000000000000e+01   3.0000000000000000e+00  -5.1281025471512177e-07
   6.0000000000000000e+00   1.4000000000000000e+01   5.1266972708356103e-07
   2.0000000000000000e+00   1.3000000000000000e+01   5.1079168354821026e-07
   2.2000000000000000e+01   3.0000000000000000e+00   5.0821244742762194e-07
   1.0000000000000000e+01   6.0000000000000000e+00   4.9433156912414701e-07
   5.0000000000000000e+00   1.1000000000000000e+01   4.9045873281609964e-07
   1.0000000000000000e+01   1.0000000000000000e+00  -4.8921967764274102e-07
   6.0000000000000000e+00   1.5000000000000000e+01   4.8877755859106160e-07
   7.0000000000000000e+00   1.3000000000000000e+01   4.8786392263874788e-07
   7.0000000000000000e+00   1.7000000000000000e+01   4.8186605512931789e-07
   6.0000000000000000e+00   1.0000000000000000e+01   4.8168308430967834e-07
   1.4000000000000000e+01   9.0000000000000000e+00  -4.7625111662599082e-07
   1.1000000000000000e+01   3.0000000000000000e+00   4.7074587196622568e-07
   7.0000000000000000e+00   1.5000000000000000e+01   4.6204237488198291e-07
   1.0000000000000000e+00   1.6000000000000000e+01  -4.5755288935194623e-07
   1.0000000000000000e+00   1.3000000000000000e+01  -4.5716378776582411e-07
   8.0000000000000000e+00   7.0000000000000000e+00  -4.5533087081252543e-07
   1.8000000000000000e+01   1.0000000000000000e+00  -4.5166835858043361e-07
   3.0000000000000000e+00   1.6000000000000000e+01   4.4711080430757094e-07
   1.6000000000000000e+01   7.0000000000000000e+00  -4.4649716750850001e-07
   1.7000000000000000e+01   3.0000000000000000e+00   4.4252573592075601e-07
   4.0000000000000000e+00   1.1000000000000000e+01   4.4174157614922522e-07
   1.2000000000000000e+01   5.0000000000000000e+00  -4.3493502179513846e-07
   4.0000000000000000e+00   1.7000000000000000e+01   4.2372057491628695e-07
   3.0000000000000000e+00   1.9000000000000000e+01  -4.1430217092994353e-07
   8.0000000000000000e+00   1.6000000000000000e+01   4.1351480830376055e-07
   6.0000000000000000e+00   8.0000000000000000e+00   4.1264723203997688e-07
   8.0000000000000000e+00   6.0000000000000000e+00  -4.0724449957150224e-07
   1.4000000000000000e+01   1.1000000000000000e+01  -4.0453846825522415e-07
   4.0000000000000000e+00   1.9000000000000000e+01   4.0142708635562925e-07
   1.8000000000000000e+01   3.0000000000000000e+00  -3.9964410002563084e-07
   1.4000000000000000e+01   6.0000000000000000e+00   3.9906507037440481e-07
   5.0000000000000000e+00   1.0000000000000000e+01  -3.9891150252968238e-07
   3.0000000000000000e+00   2.0000000000000000e+01   3.9463132012719963e-07
   4.0000000000000000e+00   1.5000000000000000e+01   3.9347009542189368e-07
   1.9000000000000000e+01   0.0000000000000000e+00  -3.9024374966864058e-07
   3.0000000000000000e+00   1.8000000000000000e+01   3.8126828874781152e-07
   1.2000000000000000e+01   2.0000000000000000e+00  -3.8033590930110350e-07
   9.0000000000000000e+00   5.0000000000000000e+00   3.7695166755582975e-07
   3.0000000000000000e+00   2.2000000000000000e+01   3.7103028694295661e-07
   5.0000000000000000e+00   1.4000000000000000e+01  -3.6659992396198839e-07
   3.0000000000000000e+00   1.7000000000000000e+01  -3.6568064722948817e-07
   4.0000000000000000e+00   1.0000000000000000e+01   3.6291823001732633e-07
   4.0000000000000000e+00   2.1000000000000000e+01   3.6028307612374011e-07
   1.0000000000000000e+01   1.5000000000000000e+01   3.5885913929284817e-07
   4.0000000000000000e+00   1.2000000000000000e+01  -3.5450726091574911e-07
   4.0000000000000000e+00   1.4000000000000000e+01  -3.5284167565055372e-07
   9.0000000000000000e+00   6.0000000000000000e+00   3.5012351107360170e-07
   1.2000000000000000e+01   1.0000000000000000e+01  -3.4910552938255604e-07
   5.0000000000000000e+00   1.6000000000000000e+01  -3.4100406531036555e-07
   2.0000000000000000e+01   3.0000000000000000e+00   3.3983044364420536e-07
   6.0000000000000000e+00   1.2000000000000000e+01   3.3957230860066539e-07
   1.2000000000000000e+01   0.0000000000000000e+00  -3.3733382610667165e-07
   1.6000000000000000e+01   9.0000000000000000e+00  -3.3709342472896756e-07
   0.0000000000000000e+00   1.8000000000000000e+01  -3.2675835737278319e-07
   9.0000000000000000e+00   1.5000000000000000e+01   3.2259422593568887e-07
   1.5000000000000000e+01   1.0000000000000000e+01  -3.2230832735242876e-07
   1.6000000000000000e+01   4.0000000000000000e+00   3.1618338007595365e-07
   6.0000000000000000e+00   1.7000000000000000e+01   3.1570981077313039e-07
   5.0000000000000000e+00   1.3000000000000000e+01   3.0235352580850336e-07
   1.7000000000000000e+01   4.0000000000000000e+00   3.0066239042177543e-07
   2.3000000000000000e+01   0.0000000000000000e+00   2.9893200117214261e-07
   2.0000000000000000e+00   1.4000000000000000e+01   2.9821855586072490e-07
   1.0000000000000000e+00   1.9000000000000000e+01  -2.9715143010298950e-07
   1.0000000000000000e+01   1.0000000000000000e+01  -2.9291300036483210e-07
   1.0000000000000000e+00   2.0000000000000000e+01   2.9271414555497390e-07
   3.0000000000000000e+00   2.1000000000000000e+01  -2.9060560059985662e-07
   2.2000000000000000e+01   1.0000000000000000e+00   2.8976071733437163e-07
   1.6000000000000000e+01   0.0000000000000000e+00   2.8333731321379174e-07
   1.0000000000000000e+00   2.2000000000000000e+01   2.7853200579186417e-07
   2.0000000000000000e+00   6.0000000000000000e+00   2.7350137978308046e-07
   2.0000000000000000e+00   1.7000000000000000e+01   2.7019204855190018e-07
   2.0000000000000000e+01   4.0000000000000000e+00  -2.6935321925893706e-07
   1.3000000000000000e+01   1.0000000000000000e+01  -2.6633416316511053e-07
   1.9000000000000000e+01   3.0000000000000000e+00   2.6517034835204831e-07
   2.0000000000000000e+01   5.0000000000000000e+00   2.6443973382258089e-07
   1.9000000000000000e+01   4.0000000000000000e+00   2.6344026898761734e-07
   1.3000000000000000e+01   6.0000000000000000e+00   2.6157227609483754e-07
   1.2000000000000000e+01   1.2000000000000000e+01  -2.6085543016888742e-07
   5.0000000000000000e+00   1.2000000000000000e+01  -2.5928343151111110e-07
   1.3000000000000000e+01   1.2000000000000000e+01  -2.5083511096321239e-07
   7.0000000000000000e+00   1.2000000000000000e+01  -2.4841964916992290e-07
   1.0000000000000000e+01   1.2000000000000000e+01  -2.4816560382317803e-07
   1.5000000000000000e+01   2.0000000000000000e+00   2.4490479020481832e-07
   9.0000000000000000e+00   1.3000000000000000e+01   2.4191677107782118e-07
   1.2000000000000000e+01   3.0000000000000000e+00  -2.3722992067054414e-07
   1.5000000000000000e+01   3.0000000000000000e+00   2.3457644020345591e-07
   1.2000000000000000e+01   7.0000000000000000e+00  -2.3214850945278926e-07
   2.0000000000000000e+00   9.0000000000000000e+00   2.3143575257651734e-07
   8.0000000000000000e+00   1.4000000000000000e+01   2.3081181658677491e-07
   9.0000000000000000e+00   1.0000000000000000e+01  -2.2972676987653766e-07
   1.2000000000000000e+01   9.0000000000000000e+00  -2.2596450254104141e-07
   1.2000000000000000e+01   1.1000000000000000e+01  -2.2560345494921208e-07
   4.0000000000000000e+00   1.3000000000000000e+01   2.2525926430213228e-07
   6.0000000000000000e+00   9.0000000000000000e+00   2.1808965375850355e-07
   1.1000000000000000e+01   8.0000000000000000e+00   2.1415259264739409e-07
   7.0000000000000000e+00   1.4000000000000000e+01  -2.1357177787311040e-07
   1.8000000000000000e+01   0.0000000000000000e+00   2.1284962677055294e-07
   9.0000000000000000e+00   1.2000000000000000e+01  -2.1276287685887083e-07
   1.1000000000000000e+01   5.0000000000000000e+00   2.1241572922399750e-07
   2.0000000000000000e+00   1.6000000000000000e+01   2.0155714211754869e-07
   2.0000000000000000e+00   2.3000000000000000e+01   1.9874632809434737e-07
   2.4000000000000000e+01   0.0000000000000000e+00  -1.9737933144100817e-07
   1.1000000000000000e+01   6.0000000000000000e+00   1.8837041186582553e-07
   1.7000000000000000e+01   6.0000000000000000e+00   1.8658609019829127e-07
   2.2000000000000000e+01   0.0000000000000000e+00  -1.8531464498726311e-07
   1.8000000000000000e+01   5.0000000000000000e+00  -1.8327387256933456e-07
   9.0000000000000000e+00   1.6000000000000000e+01   1.7969713595819015e-07
   1.4000000000000000e+01   1.0000000000000000e+01  -1.7889574429538404e-07
   1.7000000000000000e+01   2.0000000000000000e+00  -1.7828339546963399e-07
   1.5000000000000000e+01   8.0000000000000000e+00  -1.7813868625924383e-07
   1.9000000000000000e+01   2.0000000000000000e+00  -1.7629270215036432e-07
   1.9000000000000000e+01   5.0000000000000000e+00  -1.7382074336134658e-07
   0.0000000000000000e+00   1.2000000000000000e+01  -1.7317444135599715e-07
   8.0000000000000000e+00   8.0000000000000000e+00   1.6698656188535693e-07
   1.5000000000000000e+01   4.0000000000000000e+00   1.6631716107455967e-07
   1.9000000000000000e+01   6.0000000000000000e+00   1.6615605663829024e-07
   1.3000000000000000e+01   1.1000000000000000e+01  -1.6289423971224951e-07
   2.0000000000000000e+00   2.2000000000000000e+01  -1.6199990029429927e-07
   5.0000000000000000e+00   9.0000000000000000e+00  -1.5970640603172062e-07
   1.0000000000000000e+01   1.3000000000000000e+01   1.5578197820751085e-07
   1.6000000000000000e+01   1.0000000000000000e+00  -1.5524234137314488e-07
   8.0000000000000000e+00   1.7000000000000000e+01   1.4505311258144688e-07
   9.0000000000000000e+00   1.1000000000000000e+01   1.4409676193530096e-07
   0.0000000000000000e+00   1.3000000000000000e+01  -1.4359364053107264e-07
   1.5000000000000000e+01   6.0000000000000000e+00   1.3862225156162016e-07
   2.5000000000000000e+01   0.0000000000000000e+00   1.3424351993576925e-07
   2.0000000000000000e+01   0.0000000000000000e+00   1.3026657713247951e-07
   2.0000000000000000e+00   2.1000000000000000e+01   1.2857361901949956e-07
   2.0000000000000000e+00   1.9000000000000000e+01   1.2756958080520605e-07
   5.0000000000000000e+00   1.8000000000000000e+01  -1.2542736593497768e-07
   1.7000000000000000e+01   5.0000000000000000e+00  -1.2289201779480134e-07
   1.2000000000000000e+01   8.0000000000000000e+00  -1.1794969180363556e-07
   7.0000000000000000e+00   3.0000000000000000e+00  -1.1749373246074703e-07
   6.0000000000000000e+00   1.9000000000000000e+01   1.1703195594928509e-07
   5.0000000000000000e+00   2.0000000000000000e+01   1.1613068717818246e-07
   1.0000000000000000e+00   2.4000000000000000e+01   1.1491146090062348e-07
   1.8000000000000000e+01   4.0000000000000000e+00  -1.1469816268982699e-07
   1.4000000000000000e+01   8.0000000000000000e+00  -1.1300551129813028e-07
   1.0000000000000000e+01   9.0000000000000000e+00   1.1009725468976157e-07
   0.0000000000000000e+00   2.2000000000000000e+01   1.0805678894036903e-07
   2.3000000000000000e+01   1.0000000000000000e+00   1.0270052786073191e-07
   1.1000000000000000e+01   7.0000000000000000e+00  -1.0111339872340010e-07
   1.7000000000000000e+01   1.0000000000000000e+00  -1.0086891834565633e-07
   8.0000000000000000e+00   1.1000000000000000e+01   1.0021273269223542e-07
   1.1000000000000000e+01   1.4000000000000000e+01   9.9246269095523264e-08
   2.4000000000000000e+01   1.0000000000000000e+00   9.8477807677375310e-08
   8.0000000000000000e+00   1.5000000000000000e+01   9.6706948630505839e-08
   3.0000000000000000e+00   1.5000000000000000e+01   9.6313907191865038e-08
   3.0000000000000000e+00   6.0000000000000000e+00  -9.5657958120836306e-08
   0.0000000000000000e+00   2.4000000000000000e+01   9.1752449091983848e-08
   9.0000000000000000e+00   7.0000000000000000e+00  -9.0966222177708485e-08
   1.8000000000000000e+01   6.0000000000000000e+00  -9.0275639886619808e-08
   1.6000000000000000e+01   8.0000000000000000e+00  -8.9561264891137591e-08
   0.0000000000000000e+00   2.1000000000000000e+01  -8.9072213483366111e-08
   1.6000000000000000e+01   2.0000000000000000e+00  -8.8393267326996095e-08
   5.0000000000000000e+00   1.9000000000000000e+01   8.6396585646246175e-08
   0.0000000000000000e+00   1.9000000000000000e+01  -8.6179623640717761e-08
   9.0000000000000000e+00   8.0000000000000000e+00  -8.3590665119321650e-08
   1.7000000000000000e+01   7.0000000000000000e+00  -7.9624363231538658e-08
   2.1000000000000000e+01   3.0000000000000000e+00  -7.4099620090132266e-08
   2.0000000000000000e+00   1.8000000000000000e+01   7.3529828914628978e-08
   1.1000000000000000e+01   9.0000000000000000e+00  -7.2295716876065944e-08
   1.3000000000000000e+01   9.0000000000000000e+00  -7.1207487883091183e-08
   1.2000000000000000e+01   1.3000000000000000e+01  -6.9405637251626741e-08
   9.0000000000000000e+00   9.0000000000000000e+00   6.8026069470633755e-08
   2.3000000000000000e+01   2.0000000000000000e+00   6.7949420627632405e-08
   5.0000000000000000e+00   1.7000000000000000e+01  -6.7742423813026783e-08
   1.5000000000000000e+01   7.0000000000000000e+00  -6.2383311015514666e-08
   1.6000000000000000e+01   6.0000000000000000e+00   6.1664475949219311e-08
   4.0000000000000000e+00   1.8000000000000000e+01   6.1001234226742309e-08
   7.0000000000000000e+00   1.6000000000000000e+01  -6.0851928864723136e-08
   1.5000000000000000e+01   0.0000000000000000e+00  -5.8283149998478505e-08
   8.0000000000000000e+00   1.0000000000000000e+01   5.6823415256726391e-08
   1.0000000000000000e+00   2.1000000000000000e+01  -5.6039797992373123e-08
   8.0000000000000000e+00   9.0000000000000000e+00   5.5948042297998538e-08
   1.3000000000000000e+01   3.0000000000000000e+00  -5.5875370585328487e-08
   0.0000000000000000e+00   1.7000000000000000e+01  -5.3891403199767905e-08
   4.0000000000000000e+00   1.6000000000000000e+01  -5.3517939927693989e-08
   2.1000000000000000e+01   2.0000000000000000e+00  -5.3251829131556857e-08
   1.9000000000000000e+01   1.0000000000000000e+00   5.2889726943923568e-08
   0.0000000000000000e+00   2.3000000000000000e+01  -5.2511472389997214e-08
   1.0000000000000000e+01   1.1000000000000000e+01   5.2152850182818756e-08
   1.0000000000000000e+00   1.8000000000000000e+01   5.1518277231652841e-08
   2.0000000000000000e+00   2.0000000000000000e+01  -5.1260163098568800e-08
   7.0000000000000000e+00   1.8000000000000000e+01   5.1247179959277217e-08
   8.0000000000000000e+00   1.3000000000000000e+01   4.9852130161228100e-08
   1.5000000000000000e+01   5.0000000000000000e+00  -4.6568091839990460e-08
   1.1000000000000000e+01   1.1000000000000000e+01  -4.6186173156940375e-08
   1.0000000000000000e+01   7.0000000000000000e+00   4.5142481926787776e-08
   8.0000000000000000e+00   1.2000000000000000e+01   4.3953404122482744e-08
   1.5000000000000000e+01   9.0000000000000000e+00  -4.3150881621348019e-08
   1.1000000000000000e+01   4.0000000000000000e+00   4.2403124028290191e-08
   7.0000000000000000e+00   7.0000000000000000e+00   4.2366527719410337e-08
   5.0000000000000000e+00   1.5000000000000000e+01  -4.2292387516814479e-08
   1.8000000000000000e+01   7.0000000000000000e+00  -4.1980841548193539e-08
   1.3000000000000000e+01   7.0000000000000000e+00  -4.1312174400589722e-08
   1.3000000000000000e+01   4.0000000000000000e+00   4.0008202814494271e-08
   1.0000000000000000e+00   2.3000000000000000e+01   3.2336843901524211e-08
   1.7000000000000000e+01   8.0000000000000000e+00  -3.0817317547449433e-08
   1.7000000000000000e+01   0.0000000000000000e+00  -3.0083747125197090e-08
   0.0000000000000000e+00   2.5000000000000000e+01   2.9790019951434486e-08
   9.0000000000000000e+00   1.4000000000000000e+01  -2.8900043730120194e-08
   4.0000000000000000e+00   2.0000000000000000e+01   2.5940295305355365e-08
   1.8000000000000000e+01   2.0000000000000000e+00  -2.4702683344458082e-08
   0.0000000000000000e+00   2.0000000000000000e+01  -2.3038243432654181e-08
   1.1000000000000000e+01   1.2000000000000000e+01  -2.2421432458224987e-08
   0.0000000000000000e+00   1.5000000000000000e+01   2.2330044334522225e-08
   1.3000000000000000e+01   5.0000000000000000e+00   2.1943930051094052e-08
   1.1000000000000000e+01   1.0000000000000000e+01  -2.0940715251061473e-08
   2.0000000000000000e+01   2.0000000000000000e+00  -1.9912481434152743e-08
   1.1000000000000000e+01   1.3000000000000000e+01  -1.8569562807107165e-08
   2.1000000000000000e+01   4.0000000000000000e+00   1.7604786893534767e-08
   1.0000000000000000e+01   1.4000000000000000e+01  -1.3159481238984748e-08
   1.0000000000000000e+01   2.0000000000000000e+00  -1.3089626199380040e-08
   2.0000000000000000e+01   1.0000000000000000e+00   1.2590988928587087e-08
   1.0000000000000000e+01   8.0000000000000000e+00  -1.0868533913255536e-08
   2.2000000000000000e+01   2.0000000000000000e+00   8.0320282523359004e-09
   2.1000000000000000e+01   1.0000000000000000e+00   5.1057753439439732e-09
   2.1000000000000000e+01   0.0000000000000000e+00  -4.6022722967922279e-09
   7.0000000000000000e+00   1.0000000000000000e+01  -4.2534657952126555e-09
   1.3000000000000000e+01   8.0000000000000000e+00  -3.4598635124839963e-10
