   0.0000000000000000e+00   0.0000000000000000e+00   2.9862950305318739e-04
   2.0000000000000000e+00   0.0000000000000000e+00   5.6788707631184456e-05
   0.0000000000000000e+00   2.0000000000000000e+00   1.7137027061729633e-05
   0.0000000000000000e+00   1.0000000000000000e+00  -1.6552070115875857e-05
   1.0000000000000000e+00   0.0000000000000000e+00  -6.8413121944304461e-06
   1.0000000000000000e+00   1.0000000000000000e+00  -6.0506609305577465e-06
   4.0000000000000000e+00   0.0000000000000000e+00  -5.1169703891873480e-06
   1.0000000000000000e+00   2.0000000000000000e+00   3.3248068950533741e-06
   0.0000000000000000e+00   3.0000000000000000e+00  -3.2091416833705774e-06
   3.0000000000000000e+00   0.0000000000000000e+00   3.1580347229123282e-06
   0.0000000000000000e+00   4.0000000000000000e+00   1.7649668140669041e-06
   2.0000000000000000e+00   2.0000000000000000e+00   1.5614536201269600e-06
   5.0000000000000000e+00   0.0000000000000000e+00  -1.4336811368804703e-06
   2.0000000000000000e+00   3.0000000000000000e+00  -1.0352422823571876e-06
   1.0000000000000000e+00   4.0000000000000000e+00   1.0077284293017919e-06
   3.0000000000000000e+00   2.0000000000000000e+00   9.1579616830015973e-07
   1.0000000000000000e+01   0.0000000000000000e+00  -8.6285773383326974e-07
   2.0000000000000000e+00   1.0000000000000000e+00   7.3874998743345744e-07
   0.0000000000000000e+00   1.5000000000000000e+01   7.2267730757089050e-07
   0.0000000000000000e+00   1.7000000000000000e+01   7.0579483339133185e-07
   3.0000000000000000e+00   4.0000000000000000e+00   6.9725064569912594e-07
   0.0000000000000000e+00   1.3000000000000000e+01   6.8533248939225359e-07
   0.0000000000000000e+00   1.9000000000000000e+01   6.3646679208189696e-07
   2.0000000000000000e+00   5.0000000000000000e+00  -5.9212925817858954e-07
   0.0000000000000000e+00   1.1000000000000000e+01   5.8560581848216237e-07
   0.0000000000000000e+00   2.1000000000000000e+01   5.4686226315824928e-07
   1.4000000000000000e+01   0.0000000000000000e+00   5.3856074254502263e-07
   1.0000000000000000e+00   3.0000000000000000e+00  -5.3505015534002263e-07
   0.0000000000000000e+00   8.0000000000000000e+00  -5.1063307144726731e-07
   1.0000000000000000e+00   6.0000000000000000e+00   5.0088916975777752e-07
   0.0000000000000000e+00   5.0000000000000000e+00  -4.9336199510207044e-07
   4.0000000000000000e+00   3.0000000000000000e+00  -4.8823508956257870e-07
   6.0000000000000000e+00   2.0000000000000000e+00   4.8773328623954054e-07
   1.0000000000000000e+00   8.0000000000000000e+00   4.3495794890181173e-07
   0.0000000000000000e+00   2.3000000000000000e+01   4.3354548039048719e-07
   4.0000000000000000e+00   5.0000000000000000e+00  -4.3099411159624714e-07
   3.0000000000000000e+00   1.0000000000000000e+00   4.2691882485511241e-07
   0.0000000000000000e+00   9.0000000000000000e+00   4.1969252064720306e-07
   0.0000000000000000e+00   1.0000000000000000e+01  -4.0409792443949672e-07
   4.0000000000000000e+00   1.0000000000000000e+00   3.9299875210336191e-07
   7.0000000000000000e+00   0.0000000000000000e+00  -3.9117901590376537e-07
   1.0000000000000000e+00   1.0000000000000000e+01   3.9081505094478409e-07
   1.7000000000000000e+01   1.0000000000000000e+00   3.8356770656835501e-07
   2.0000000000000000e+00   7.0000000000000000e+00  -3.8133610897843027e-07
   0.0000000000000000e+00   6.0000000000000000e+00  -3.7237139464253401e-07
   3.0000000000000000e+00   6.0000000000000000e+00   3.3725811345477641e-07
   4.0000000000000000e+00   7.0000000000000000e+00  -3.3661303985435958e-07
   9.0000000000000000e+00   0.0000000000000000e+00  -3.2830463151364789e-07
   1.0000000000000000e+00   1.2000000000000000e+01   3.1979694384203833e-07
   0.0000000000000000e+00   2.5000000000000000e+01   3.1725486590779690e-07
   0.0000000000000000e+00   1.2000000000000000e+01  -3.1020667744488038e-07
   1.1000000000000000e+01   1.0000000000000000e+00   3.0887637663437662e-07
   2.0000000000000000e+00   4.0000000000000000e+00   3.0336264418540719e-07
   1.9000000000000000e+01   1.0000000000000000e+00   2.8646828425349681e-07
   1.9000000000000000e+01   3.0000000000000000e+00   2.8446318608887526e-07
   9.0000000000000000e+00   7.0000000000000000e+00  -2.7970309206425644e-07
   8.0000000000000000e+00   1.6000000000000000e+01  -2.7524109271879958e-07
   2.0000000000000000e+00   9.0000000000000000e+00  -2.7164774980075129e-07
   1.5000000000000000e+01   0.0000000000000000e+00   2.7095692100749491e-07
   5.0000000000000000e+00   1.0000000000000000e+00   2.6794802181460951e-07
   0.0000000000000000e+00   2.4000000000000000e+01  -2.6790273293947650e-07
   1.0000000000000000e+00   5.0000000000000000e+00   2.6087616602923154e-07
   8.0000000000000000e+00   5.0000000000000000e+00  -2.6014524136054334e-07
   0.0000000000000000e+00   2.2000000000000000e+01  -2.5625064053241063e-07
   9.0000000000000000e+00   9.0000000000000000e+00  -2.5198711746748071e-07
   8.0000000000000000e+00   3.0000000000000000e+00  -2.5174782982652493e-07
   1.2000000000000000e+01   0.0000000000000000e+00   2.5144218535311646e-07
   4.0000000000000000e+00   9.0000000000000000e+00  -2.5084071998745889e-07
   6.0000000000000000e+00   0.0000000000000000e+00   2.4990976176850677e-07
   8.0000000000000000e+00   1.4000000000000000e+01  -2.4873967232641825e-07
   1.7000000000000000e+01   0.0000000000000000e+00   2.4541132688137253e-07
   1.6000000000000000e+01   0.0000000000000000e+00   2.4234230695011997e-07
   1.1000000000000000e+01   0.0000000000000000e+00  -2.4083139880640248e-07
   9.0000000000000000e+00   5.0000000000000000e+00  -2.4070904078533475e-07
   2.3000000000000000e+01   1.0000000000000000e+00  -2.3772716561587383e-07
   4.0000000000000000e+00   2.0000000000000000e+00   2.3699375879780073e-07
   1.0000000000000000e+01   6.0000000000000000e+00  -2.3011363137091600e-07
   6.0000000000000000e+00   4.0000000000000000e+00   2.2774902653032166e-07
   1.0000000000000000e+01   2.0000000000000000e+00  -2.2742983350462120e-07
   1.8000000000000000e+01   1.0000000000000000e+00   2.2705933508833240e-07
   1.0000000000000000e+00   7.0000000000000000e+00   2.2691398479864456e-07
   0.0000000000000000e+00   1.4000000000000000e+01  -2.2615270829360200e-07
   1.0000000000000000e+00   1.4000000000000000e+01   2.2604606487446827e-07
   0.0000000000000000e+00   2.0000000000000000e+01  -2.2078663904868199e-07
   4.0000000000000000e+00   1.6000000000000000e+01  -2.1818711148200825e-07
   1.4000000000000000e+01   2.0000000000000000e+00   2.1561382951509490e-07
   4.0000000000000000e+00   1.8000000000000000e+01  -2.1425955404810627e-07
   1.0000000000000000e+01   4.0000000000000000e+00  -2.1249444079177120e-07
   2.0000000000000000e+00   1.1000000000000000e+01  -2.1030238217180603e-07
   1.3000000000000000e+01   5.0000000000000000e+00  -2.0570387358887916e-07
   4.0000000000000000e+00   1.4000000000000000e+01  -2.0210553991116900e-07
   1.5000000000000000e+01   3.0000000000000000e+00  -1.9529933643689571e-07
   8.0000000000000000e+00   1.2000000000000000e+01  -1.8927447349856320e-07
   0.0000000000000000e+00   1.6000000000000000e+01  -1.8908045647119276e-07
   4.0000000000000000e+00   2.0000000000000000e+01  -1.8814683208291796e-07
   6.0000000000000000e+00   1.0000000000000000e+01  -1.8799125886452946e-07
   2.0000000000000000e+00   2.2000000000000000e+01   1.8729477715162623e-07
   0.0000000000000000e+00   1.8000000000000000e+01  -1.8598712035326229e-07
   5.0000000000000000e+00   3.0000000000000000e+00   1.8521058325157074e-07
   4.0000000000000000e+00   1.2000000000000000e+01  -1.8247746009818028e-07
   1.5000000000000000e+01   5.0000000000000000e+00  -1.8114844802120008e-07
   0.0000000000000000e+00   7.0000000000000000e+00   1.7889004312829005e-07
   1.3000000000000000e+01   3.0000000000000000e+00  -1.7868717040035825e-07
   6.0000000000000000e+00   1.2000000000000000e+01  -1.7777420440104147e-07
   2.0000000000000000e+01   2.0000000000000000e+00   1.7514179023429466e-07
   6.0000000000000000e+00   5.0000000000000000e+00  -1.7330365128587611e-07
   1.0000000000000000e+01   8.0000000000000000e+00  -1.7173208646818350e-07
   1.2000000000000000e+01   6.0000000000000000e+00  -1.7124643926548887e-07
   1.2000000000000000e+01   8.0000000000000000e+00  -1.6934733244920008e-07
   1.0000000000000000e+01   1.5000000000000000e+01   1.6928722077461375e-07
   1.0000000000000000e+00   2.4000000000000000e+01  -1.6746031008030913e-07
   4.0000000000000000e+00   1.0000000000000000e+01  -1.6624018494287757e-07
   4.0000000000000000e+00   8.0000000000000000e+00  -1.6606567379349184e-07
   2.0000000000000000e+00   1.3000000000000000e+01  -1.6605497072898626e-07
   1.3000000000000000e+01   7.0000000000000000e+00  -1.6586685009274394e-07
   6.0000000000000000e+00   7.0000000000000000e+00  -1.6583723848781879e-07
   7.0000000000000000e+00   1.5000000000000000e+01   1.6394464849108421e-07
   7.0000000000000000e+00   1.3000000000000000e+01   1.6360039965616532e-07
   2.4000000000000000e+01   1.0000000000000000e+00  -1.6333473533221995e-07
   3.0000000000000000e+00   1.8000000000000000e+01  -1.6220295462129203e-07
   4.0000000000000000e+00   1.1000000000000000e+01  -1.6187695081133736e-07
   1.1000000000000000e+01   5.0000000000000000e+00  -1.6172386519970659e-07
   1.7000000000000000e+01   3.0000000000000000e+00   1.6060978806414962e-07
   8.0000000000000000e+00   7.0000000000000000e+00  -1.5948940605844564e-07
   2.0000000000000000e+00   2.0000000000000000e+01   1.5776968791344885e-07
   1.2000000000000000e+01   4.0000000000000000e+00  -1.5751143476355438e-07
   3.0000000000000000e+00   2.0000000000000000e+01  -1.5748300692705835e-07
   1.9000000000000000e+01   5.0000000000000000e+00   1.5633770034687302e-07
   1.7000000000000000e+01   2.0000000000000000e+00   1.5625630323199158e-07
   8.0000000000000000e+00   2.0000000000000000e+00  -1.5591278726702110e-07
   2.4000000000000000e+01   0.0000000000000000e+00  -1.5583897343776873e-07
   1.8000000000000000e+01   2.0000000000000000e+00   1.5565073487679089e-07
   1.1000000000000000e+01   4.0000000000000000e+00  -1.5413761233770970e-07
   7.0000000000000000e+00   5.0000000000000000e+00  -1.5370194881484742e-07
   3.0000000000000000e+00   1.6000000000000000e+01  -1.5341457380060110e-07
   1.1000000000000000e+01   7.0000000000000000e+00  -1.5333299707431873e-07
   1.0000000000000000e+00   9.0000000000000000e+00   1.5242392831555118e-07
   7.0000000000000000e+00   3.0000000000000000e+00  -1.5041591325114399e-07
   6.0000000000000000e+00   1.4000000000000000e+01  -1.5016793094799706e-07
   1.0000000000000000e+00   1.3000000000000000e+01   1.4927969390948569e-07
   7.0000000000000000e+00   1.0000000000000000e+00   1.4880044827256953e-07
   6.0000000000000000e+00   8.0000000000000000e+00  -1.4807928833371372e-07
   3.0000000000000000e+00   2.2000000000000000e+01  -1.4640576436640659e-07
   9.0000000000000000e+00   1.1000000000000000e+01  -1.4598186470954640e-07
   1.0000000000000000e+00   1.1000000000000000e+01   1.4469882387354149e-07
   9.0000000000000000e+00   2.0000000000000000e+00  -1.4417497074038256e-07
   2.3000000000000000e+01   0.0000000000000000e+00  -1.4361367417515745e-07
   1.9000000000000000e+01   2.0000000000000000e+00   1.4218503402261365e-07
   4.0000000000000000e+00   6.0000000000000000e+00  -1.4154763213743772e-07
   1.0000000000000000e+01   1.3000000000000000e+01   1.4149276433983425e-07
   1.2000000000000000e+01   1.0000000000000000e+01  -1.3910757198900034e-07
   1.4000000000000000e+01   6.0000000000000000e+00  -1.3865537364944689e-07
   3.0000000000000000e+00   1.4000000000000000e+01  -1.3857822536631455e-07
   7.0000000000000000e+00   1.7000000000000000e+01   1.3849119797979903e-07
   2.2000000000000000e+01   0.0000000000000000e+00  -1.3752669727879671e-07
   1.6000000000000000e+01   2.0000000000000000e+00   1.3637373797708273e-07
   2.0000000000000000e+01   1.0000000000000000e+00   1.3620182400305899e-07
   5.0000000000000000e+00   5.0000000000000000e+00   1.3588964803125546e-07
   1.0000000000000000e+00   2.2000000000000000e+01  -1.3535993057557763e-07
   1.6000000000000000e+01   1.0000000000000000e+00   1.3465563702979625e-07
   1.0000000000000000e+00   1.5000000000000000e+01   1.3236144061410035e-07
   2.0000000000000000e+01   3.0000000000000000e+00   1.3184956214411999e-07
   5.0000000000000000e+00   1.0000000000000000e+01   1.3099206480443061e-07
   1.5000000000000000e+01   1.0000000000000000e+01   1.3006252573709658e-07
   2.0000000000000000e+00   1.5000000000000000e+01  -1.2953528772056866e-07
   1.4000000000000000e+01   1.1000000000000000e+01   1.2892072872616930e-07
   5.0000000000000000e+00   1.2000000000000000e+01   1.2806639812054477e-07
   1.5000000000000000e+01   2.0000000000000000e+00   1.2736818076578430e-07
   9.0000000000000000e+00   3.0000000000000000e+00  -1.2576021232495263e-07
   1.3000000000000000e+01   1.0000000000000000e+00  -1.2509077433741432e-07
   6.0000000000000000e+00   3.0000000000000000e+00  -1.2061745398759486e-07
   8.0000000000000000e+00   1.0000000000000000e+01  -1.2024979256468229e-07
   7.0000000000000000e+00   1.1000000000000000e+01   1.2001972110032992e-07
   8.0000000000000000e+00   1.5000000000000000e+01   1.1956445238210191e-07
   6.0000000000000000e+00   1.0000000000000000e+00  -1.1741489914355017e-07
   1.5000000000000000e+01   1.0000000000000000e+00   1.1695062501494296e-07
   1.1000000000000000e+01   9.0000000000000000e+00  -1.1631105089665703e-07
   1.1000000000000000e+01   2.0000000000000000e+00  -1.1627787993939058e-07
   6.0000000000000000e+00   1.6000000000000000e+01  -1.1486738395392431e-07
   1.2000000000000000e+01   1.3000000000000000e+01   1.1434502523732566e-07
   1.8000000000000000e+01   0.0000000000000000e+00   1.1417384223505390e-07
   1.1000000000000000e+01   1.4000000000000000e+01   1.1413657411345007e-07
   1.2000000000000000e+01   1.1000000000000000e+01   1.1391651057903664e-07
   1.2000000000000000e+01   2.0000000000000000e+00  -1.1348029229926224e-07
   4.0000000000000000e+00   2.1000000000000000e+01   1.1338498753091496e-07
   1.0000000000000000e+00   1.6000000000000000e+01   1.1280697164458355e-07
   1.7000000000000000e+01   8.0000000000000000e+00   1.1278961260129994e-07
   2.0000000000000000e+00   1.8000000000000000e+01   1.1049735393268809e-07
   6.0000000000000000e+00   9.0000000000000000e+00  -1.1012281013081709e-07
   8.0000000000000000e+00   1.3000000000000000e+01   1.0894879124658400e-07
   1.1000000000000000e+01   6.0000000000000000e+00  -1.0886277018942171e-07
   8.0000000000000000e+00   1.7000000000000000e+01   1.0813108031182919e-07
   1.0000000000000000e+01   1.0000000000000000e+01  -1.0681586267545729e-07
   1.1000000000000000e+01   1.2000000000000000e+01   1.0617374272517466e-07
   1.6000000000000000e+01   9.0000000000000000e+00   1.0572625950706532e-07
   1.2000000000000000e+01   1.0000000000000000e+00   1.0494693743847410e-07
   1.3000000000000000e+01   9.0000000000000000e+00  -1.0483813869299952e-07
   1.8000000000000000e+01   3.0000000000000000e+00   1.0462771720519414e-07
   5.0000000000000000e+00   1.4000000000000000e+01   1.0456313857698966e-07
   5.0000000000000000e+00   8.0000000000000000e+00   1.0413782573064264e-07
   2.0000000000000000e+00   1.0000000000000000e+01  -1.0326731557249861e-07
   3.0000000000000000e+00   1.2000000000000000e+01  -1.0316674239704432e-07
   1.5000000000000000e+01   7.0000000000000000e+00  -1.0309844239355764e-07
   3.0000000000000000e+00   5.0000000000000000e+00   1.0113212901616447e-07
   1.9000000000000000e+01   0.0000000000000000e+00   1.0086136288735798e-07
   2.0000000000000000e+00   1.7000000000000000e+01  -1.0031154020820012e-07
   1.2000000000000000e+01   1.2000000000000000e+01  -9.9742914976434860e-08
   1.1000000000000000e+01   1.1000000000000000e+01  -9.8253556275827536e-08
   1.9000000000000000e+01   4.0000000000000000e+00   9.8150739464822230e-08
   9.0000000000000000e+00   1.0000000000000000e+01   9.6790231891271360e-08
   1.1000000000000000e+01   3.0000000000000000e+00  -9.5749540439669755e-08
   2.0000000000000000e+01   5.0000000000000000e+00   9.3529290000797015e-08
   3.0000000000000000e+00   3.0000000000000000e+00   9.0102036304960892e-08
   3.0000000000000000e+00   8.0000000000000000e+00   8.8794390943131898e-08
   1.4000000000000000e+01   9.0000000000000000e+00   8.7721985244609610e-08
   1.0000000000000000e+01   1.1000000000000000e+01   8.7137458762270627e-08
   1.5000000000000000e+01   8.0000000000000000e+00   8.6468673540308907e-08
   2.0000000000000000e+00   8.0000000000000000e+00  -8.6114902803642456e-08
   1.2000000000000000e+01   9.0000000000000000e+00   8.5306028548298990e-08
   9.0000000000000000e+00   1.2000000000000000e+01   8.5032566998023153e-08
   9.0000000000000000e+00   8.0000000000000000e+00   8.3067578040166757e-08
   1.1000000000000000e+01   1.3000000000000000e+01  -8.1500706015648989e-08
   1.9000000000000000e+01   6.0000000000000000e+00   8.1114703785911437e-08
   4.0000000000000000e+00   1.3000000000000000e+01  -8.0730336550898870e-08
   4.0000000000000000e+00   1.9000000000000000e+01   7.9974125494793557e-08
   1.8000000000000000e+01   7.0000000000000000e+00   7.9916267716120619e-08
   1.7000000000000000e+01   4.0000000000000000e+00   7.9887844375401505e-08
   1.0000000000000000e+00   2.0000000000000000e+01  -7.9568849630268095e-08
   1.7000000000000000e+01   6.0000000000000000e+00   7.8921101116774402e-08
   1.0000000000000000e+00   1.7000000000000000e+01   7.8852321552233093e-08
   9.0000000000000000e+00   1.5000000000000000e+01   7.8684630408581431e-08
   1.4000000000000000e+01   8.0000000000000000e+00  -7.8677172963886938e-08
   8.0000000000000000e+00   4.0000000000000000e+00  -7.8617096472914177e-08
   1.3000000000000000e+01   1.2000000000000000e+01   7.8616542950416430e-08
   5.0000000000000000e+00   1.5000000000000000e+01   7.7875576525681577e-08
   1.0000000000000000e+00   2.3000000000000000e+01  -7.7547590863565795e-08
   6.0000000000000000e+00   1.8000000000000000e+01  -7.5888669787878339e-08
   7.0000000000000000e+00   7.0000000000000000e+00  -7.5325848013204847e-08
   3.0000000000000000e+00   2.1000000000000000e+01  -7.5252192937783051e-08
   2.3000000000000000e+01   2.0000000000000000e+00  -7.4429913649942543e-08
   2.0000000000000000e+00   1.9000000000000000e+01  -7.2068001569226639e-08
   1.3000000000000000e+01   4.0000000000000000e+00  -7.1667154106850340e-08
   7.0000000000000000e+00   8.0000000000000000e+00  -7.1475457531825981e-08
   5.0000000000000000e+00   7.0000000000000000e+00   7.1322901705145328e-08
   8.0000000000000000e+00   8.0000000000000000e+00  -7.0378264077422002e-08
   2.1000000000000000e+01   3.0000000000000000e+00   6.8921067101720865e-08
   2.0000000000000000e+00   1.2000000000000000e+01  -6.8702563482986134e-08
   2.1000000000000000e+01   0.0000000000000000e+00  -6.8175156412144100e-08
   5.0000000000000000e+00   1.3000000000000000e+01   6.8009572176068974e-08
   1.0000000000000000e+01   1.2000000000000000e+01  -6.6387444806489748e-08
   9.0000000000000000e+00   1.4000000000000000e+01   6.6078335510992096e-08
   2.2000000000000000e+01   1.0000000000000000e+00  -6.5893020954336179e-08
   2.0000000000000000e+01   4.0000000000000000e+00   6.4741058938106561e-08
   5.0000000000000000e+00   1.7000000000000000e+01   6.4324329005658461e-08
   1.0000000000000000e+01   5.0000000000000000e+00  -6.3401287091367944e-08
   2.1000000000000000e+01   2.0000000000000000e+00   6.2216194702509177e-08
   5.0000000000000000e+00   6.0000000000000000e+00   6.0700189509471979e-08
   8.0000000000000000e+00   1.1000000000000000e+01   5.9262167953853816e-08
   1.4000000000000000e+01   4.0000000000000000e+00  -5.9172417138216341e-08
   5.0000000000000000e+00   1.6000000000000000e+01   5.8121593727467850e-08
   1.0000000000000000e+01   1.4000000000000000e+01  -5.7587132929665359e-08
   2.0000000000000000e+01   0.0000000000000000e+00   5.7517747696052661e-08
   2.1000000000000000e+01   4.0000000000000000e+00   5.6460387844345012e-08
   1.6000000000000000e+01   7.0000000000000000e+00   5.5753867044166486e-08
   1.1000000000000000e+01   1.0000000000000000e+01   5.4150378596157690e-08
   7.0000000000000000e+00   6.0000000000000000e+00  -5.3485008638041995e-08
   2.0000000000000000e+00   1.6000000000000000e+01   5.2935301393404152e-08
   6.0000000000000000e+00   1.9000000000000000e+01   5.1505974427269567e-08
   1.0000000000000000e+01   7.0000000000000000e+00  -5.0834364043598659e-08
   1.8000000000000000e+01   5.0000000000000000e+00   5.0353132133601901e-08
   6.0000000000000000e+00   1.7000000000000000e+01   5.0271497735664682e-08
   1.0000000000000000e+00   2.1000000000000000e+01  -4.8810800846900627e-08
   1.3000000000000000e+01   0.0000000000000000e+00   4.8668327400654351e-08
   1.3000000000000000e+01   1.0000000000000000e+01   4.8417926316587339e-08
   7.0000000000000000e+00   1.0000000000000000e+01  -4.7587591076883064e-08
   1.3000000000000000e+01   6.0000000000000000e+00  -4.6885240001887484e-08
   3.0000000000000000e+00   1.3000000000000000e+01   4.5998711050356907e-08
   5.0000000000000000e+00   2.0000000000000000e+01  -4.5582487830440237e-08
   6.0000000000000000e+00   1.1000000000000000e+01  -4.5554734812726440e-08
   3.0000000000000000e+00   1.5000000000000000e+01   4.5506668267042666e-08
   8.0000000000000000e+00   6.0000000000000000e+00  -4.5234738846836631e-08
   5.0000000000000000e+00   1.1000000000000000e+01   4.4162960653701664e-08
   2.0000000000000000e+00   2.1000000000000000e+01  -4.3627066842951571e-08
   7.0000000000000000e+00   9.0000000000000000e+00   4.1437129007535272e-08
   5.0000000000000000e+00   2.0000000000000000e+00  -4.1339166985528430e-08
   3.0000000000000000e+00   1.0000000000000000e+01  -4.1113285390413692e-08
   1.3000000000000000e+01   2.0000000000000000e+00  -4.0367857227925031e-08
   2.1000000000000000e+01   1.0000000000000000e+00  -4.0188722666174817e-08
   4.0000000000000000e+00   1.7000000000000000e+01   3.9271222168151240e-08
   9.0000000000000000e+00   6.0000000000000000e+00   3.9071449671384870e-08
   9.0000000000000000e+00   4.0000000000000000e+00  -3.8389541616023356e-08
   6.0000000000000000e+00   1.5000000000000000e+01   3.8305616439385433e-08
   1.8000000000000000e+01   4.0000000000000000e+00   3.8289797877532419e-08
   2.2000000000000000e+01   3.0000000000000000e+00   3.6588003644397819e-08
   1.6000000000000000e+01   4.0000000000000000e+00   3.6558525746941864e-08
   5.0000000000000000e+00   1.9000000000000000e+01   3.6119112078695002e-08
   8.0000000000000000e+00   9.0000000000000000e+00  -3.4849670418633744e-08
   8.0000000000000000e+00   1.0000000000000000e+00  -3.4240656508560406e-08
   1.4000000000000000e+01   7.0000000000000000e+00   3.2247374187949872e-08
   7.0000000000000000e+00   1.6000000000000000e+01   3.1442458258518782e-08
   3.0000000000000000e+00   1.9000000000000000e+01  -3.1118063515097105e-08
   9.0000000000000000e+00   1.6000000000000000e+01   3.0354678007352603e-08
   9.0000000000000000e+00   1.0000000000000000e+00  -3.0213755148120459e-08
   2.5000000000000000e+01   0.0000000000000000e+00  -2.9957587031525144e-08
   5.0000000000000000e+00   4.0000000000000000e+00   2.9832545565476625e-08
   1.5000000000000000e+01   9.0000000000000000e+00  -2.8003128416329833e-08
   5.0000000000000000e+00   9.0000000000000000e+00   2.7570095324193799e-08
   1.7000000000000000e+01   5.0000000000000000e+00   2.7462511894410917e-08
   9.0000000000000000e+00   1.3000000000000000e+01  -2.6888958141127968e-08
   1.2000000000000000e+01   7.0000000000000000e+00   2.5947883389734584e-08
   7.0000000000000000e+00   2.0000000000000000e+00  -2.5943536438462507e-08
   1.3000000000000000e+01   1.1000000000000000e+01  -2.4626454466746756e-08
   6.0000000000000000e+00   6.0000000000000000e+00  -2.4620312716595933e-08
   3.0000000000000000e+00   7.0000000000000000e+00   2.4333924917593363e-08
   1.2000000000000000e+01   5.0000000000000000e+00  -2.3510522999684958e-08
   1.1000000000000000e+01   8.0000000000000000e+00  -2.3299068225321280e-08
   1.5000000000000000e+01   6.0000000000000000e+00   2.1464737929007952e-08
   7.0000000000000000e+00   1.4000000000000000e+01   2.0955956357504246e-08
   1.4000000000000000e+01   1.0000000000000000e+00   2.0240905672383318e-08
   3.0000000000000000e+00   1.1000000000000000e+01   1.8730773192446363e-08
   1.6000000000000000e+01   8.0000000000000000e+00  -1.7162528058123214e-08
   8.0000000000000000e+00   0.0000000000000000e+00  -1.7081015927189975e-08
   2.0000000000000000e+00   1.4000000000000000e+01  -1.5718170327357995e-08
   4.0000000000000000e+00   1.5000000000000000e+01  -1.5404808987313905e-08
   1.6000000000000000e+01   6.0000000000000000e+00  -1.5194572464787926e-08
   1.6000000000000000e+01   3.0000000000000000e+00   1.4907218051769362e-08
   3.0000000000000000e+00   1.7000000000000000e+01   1.4272505205816313e-08
   7.0000000000000000e+00   1.8000000000000000e+01   1.3916328107120787e-08
   1.4000000000000000e+01   5.0000000000000000e+00  -1.3773988446269388e-08
   1.0000000000000000e+01   9.0000000000000000e+00   1.3046426592791606e-08
   1.4000000000000000e+01   3.0000000000000000e+00   1.2451240640455188e-08
   2.0000000000000000e+00   2.3000000000000000e+01  -1.2157433001649751e-08
   2.2000000000000000e+01   2.0000000000000000e+00  -1.2002891877685462e-08
   1.2000000000000000e+01   3.0000000000000000e+00  -1.1537083159529056e-08
   4.0000000000000000e+00   4.0000000000000000e+00  -1.1506283450892778e-08
   1.0000000000000000e+00   1.9000000000000000e+01   1.0897133055502715e-08
   1.5000000000000000e+01   4.0000000000000000e+00   9.8321859197112719e-09
   2.0000000000000000e+00   6.0000000000000000e+00   8.7982436024392600e-09
   1.6000000000000000e+01   5.0000000000000000e+00   8.2890365234406432e-09
   1.0000000000000000e+00   1.8000000000000000e+01   8.0460820211506271e-09
   5.0000000000000000e+00   1.8000000000000000e+01   8.0003919100132692e-09
   1.0000000000000000e+01   3.0000000000000000e+00   7.5197304241100639e-09
   1.4000000000000000e+01   1.0000000000000000e+01  -5.9241295033431867e-09
   7.0000000000000000e+00   1.2000000000000000e+01  -5.8059397776789380e-09
   6.0000000000000000e+00   1.3000000000000000e+01   5.4858884509214588e-09
   1.8000000000000000e+01   6.0000000000000000e+00   3.3637877692547986e-09
   3.0000000000000000e+00   9.0000000000000000e+00   3.2647082704174834e-09
   7.0000000000000000e+00   4.0000000000000000e+00   2.6592343167068541e-09
   1.7000000000000000e+01   7.0000000000000000e+00   2.5455648469819165e-09
   1.0000000000000000e+01   1.0000000000000000e+00   1.9129248068405392e-09
   1.3000000000000000e+01   8.0000000000000000e+00  -3.3799652136801175e-10
