   0.0000000000000000e+00   0.0000000000000000e+00   5.1187478949021002e-04
   0.0000000000000000e+00   1.0000000000000000e+00   6.3141505456009643e-04
   0.0000000000000000e+00   2.0000000000000000e+00   3.6431915328759084e-04
   0.0000000000000000e+00   3.0000000000000000e+00   4.2265483919991260e-05
   0.0000000000000000e+00   4.0000000000000000e+00  -5.1472427410806256e-05
   0.0000000000000000e+00   5.0000000000000000e+00   8.9729499196109845e-05
   0.0000000000000000e+00   6.0000000000000000e+00   1.4875976120183265e-04
   0.0000000000000000e+00   7.0000000000000000e+00   2.1113106494936343e-05
   0.0000000000000000e+00   8.0000000000000000e+00  -1.3341182142738520e-04
   0.0000000000000000e+00   9.0000000000000000e+00  -7.4585759836877274e-05
   0.0000000000000000e+00   1.0000000000000000e+01   4.7634434414652713e-05
   0.0000000000000000e+00   1.1000000000000000e+01   7.1708199786895129e-05
   0.0000000000000000e+00   1.2000000000000000e+01  -1.7512836371357775e-05
   0.0000000000000000e+00   1.3000000000000000e+01  -5.1238491277928101e-05
   0.0000000000000000e+00   1.4000000000000000e+01   1.3395707983166662e-05
   0.0000000000000000e+00   1.5000000000000000e+01   3.2579934398755149e-05
   0.0000000000000000e+00   1.6000000000000000e+01  -1.6547090052158987e-05
   0.0000000000000000e+00   1.7000000000000000e+01  -6.1609445117956693e-05
   0.0000000000000000e+00   1.8000000000000000e+01   9.3396250764426715e-07
   0.0000000000000000e+00   1.9000000000000000e+01   6.4224380242185232e-05
   0.0000000000000000e+00   2.0000000000000000e+01   2.4669853617769284e-05
   0.0000000000000000e+00   2.1000000000000000e+01  -5.7356624584504692e-05
   0.0000000000000000e+00   2.2000000000000000e+01  -3.7619389988850282e-05
   0.0000000000000000e+00   2.3000000000000000e+01   4.8569706317188658e-05
   0.0000000000000000e+00   2.4000000000000000e+01   4.1160830215246050e-05
   0.0000000000000000e+00   2.5000000000000000e+01  -1.6650758925844862e-05
   1.0000000000000000e+00   0.0000000000000000e+00  -3.2966128165135672e-05
   1.0000000000000000e+00   1.0000000000000000e+00   1.8654422831140615e-04
   1.0000000000000000e+00   2.0000000000000000e+00   4.3239815063554241e-04
   1.0000000000000000e+00   3.0000000000000000e+00   4.5047318530651201e-04
   1.0000000000000000e+00   4.0000000000000000e+00   2.5836075638800525e-04
   1.0000000000000000e+00   5.0000000000000000e+00   3.3998881298842330e-05
   1.0000000000000000e+00   6.0000000000000000e+00  -4.4036219723995098e-05
   1.0000000000000000e+00   7.0000000000000000e+00  -1.0715765521975210e-05
   1.0000000000000000e+00   8.0000000000000000e+00  -1.8398246190170279e-05
   1.0000000000000000e+00   9.0000000000000000e+00  -3.8829636088575906e-05
   1.0000000000000000e+00   1.0000000000000000e+01  -5.7669202927040195e-05
   1.0000000000000000e+00   1.1000000000000000e+01   8.9661111372660366e-06
   1.0000000000000000e+00   1.2000000000000000e+01   5.6878104398161889e-05
   1.0000000000000000e+00   1.3000000000000000e+01   4.7636531662337002e-05
   1.0000000000000000e+00   1.4000000000000000e+01  -1.6855810247739898e-05
   1.0000000000000000e+00   1.5000000000000000e+01  -4.7038047718937938e-05
   1.0000000000000000e+00   1.6000000000000000e+01  -1.4913040390451793e-05
   1.0000000000000000e+00   1.7000000000000000e+01   2.3322217395867026e-05
   1.0000000000000000e+00   1.8000000000000000e+01   3.6434386360668377e-05
   1.0000000000000000e+00   1.9000000000000000e+01  -4.9290648806903924e-06
   1.0000000000000000e+00   2.0000000000000000e+01  -5.3687613365975653e-06
   1.0000000000000000e+00   2.1000000000000000e+01  -7.5038926709662691e-06
   1.0000000000000000e+00   2.2000000000000000e+01   4.1675486777596528e-06
   1.0000000000000000e+00   2.3000000000000000e+01  -9.7562048807960405e-06
   1.0000000000000000e+00   2.4000000000000000e+01  -2.2724963109994034e-06
   2.0000000000000000e+00   0.0000000000000000e+00   5.8107893327763091e-04
   2.0000000000000000e+00   1.0000000000000000e+00   7.1995872683598618e-04
   2.0000000000000000e+00   2.0000000000000000e+00   5.2252701335318678e-04
   2.0000000000000000e+00   3.0000000000000000e+00   2.5072309289929975e-04
   2.0000000000000000e+00   4.0000000000000000e+00   5.7657963025912406e-05
   2.0000000000000000e+00   5.0000000000000000e+00   1.8007615080858515e-05
   2.0000000000000000e+00   6.0000000000000000e+00   1.9969859906089583e-05
   2.0000000000000000e+00   7.0000000000000000e+00   1.1197898707142855e-05
   2.0000000000000000e+00   8.0000000000000000e+00  -3.0528631833809187e-05
   2.0000000000000000e+00   9.0000000000000000e+00  -6.1941625576920678e-05
   2.0000000000000000e+00   1.0000000000000000e+01  -4.3540132491375401e-05
   2.0000000000000000e+00   1.1000000000000000e+01   5.9425307209567304e-06
   2.0000000000000000e+00   1.2000000000000000e+01   4.7742471149275991e-05
   2.0000000000000000e+00   1.3000000000000000e+01   4.3462159133052593e-05
   2.0000000000000000e+00   1.4000000000000000e+01  -1.2429298900350504e-05
   2.0000000000000000e+00   1.5000000000000000e+01  -4.8498703562427517e-05
   2.0000000000000000e+00   1.6000000000000000e+01  -2.8819556761909691e-05
   2.0000000000000000e+00   1.7000000000000000e+01   1.4552563890565529e-05
   2.0000000000000000e+00   1.8000000000000000e+01   2.9982195538875289e-05
   2.0000000000000000e+00   1.9000000000000000e+01   1.0393455729361848e-05
   2.0000000000000000e+00   2.0000000000000000e+01  -2.4374829264919792e-05
   2.0000000000000000e+00   2.1000000000000000e+01  -3.6771915587294733e-05
   2.0000000000000000e+00   2.2000000000000000e+01  -4.8298301993526993e-06
   2.0000000000000000e+00   2.3000000000000000e+01   2.2603510110668953e-05
   3.0000000000000000e+00   0.0000000000000000e+00  -4.1555034163795224e-04
   3.0000000000000000e+00   1.0000000000000000e+00  -2.7886835828187117e-04
   3.0000000000000000e+00   2.0000000000000000e+00   6.2877349244115332e-05
   3.0000000000000000e+00   3.0000000000000000e+00   2.1000597115485351e-04
   3.0000000000000000e+00   4.0000000000000000e+00   1.4212688851365793e-04
   3.0000000000000000e+00   5.0000000000000000e+00   5.8041041212814632e-06
   3.0000000000000000e+00   6.0000000000000000e+00  -6.0420139915097934e-05
   3.0000000000000000e+00   7.0000000000000000e+00  -4.9643524213281384e-05
   3.0000000000000000e+00   8.0000000000000000e+00  -1.9633722428093753e-05
   3.0000000000000000e+00   9.0000000000000000e+00   1.6732587843583921e-05
   3.0000000000000000e+00   1.0000000000000000e+01   2.7919584896301211e-05
   3.0000000000000000e+00   1.1000000000000000e+01   1.4066970634743332e-05
   3.0000000000000000e+00   1.2000000000000000e+01  -8.1212320189509175e-06
   3.0000000000000000e+00   1.3000000000000000e+01  -1.8034151265823686e-05
   3.0000000000000000e+00   1.4000000000000000e+01  -2.3272837248423581e-06
   3.0000000000000000e+00   1.5000000000000000e+01   1.4092358944522822e-05
   3.0000000000000000e+00   1.6000000000000000e+01   5.5779657803795662e-06
   3.0000000000000000e+00   1.7000000000000000e+01  -2.7469220991701788e-06
   3.0000000000000000e+00   1.8000000000000000e+01  -1.4746970916364144e-06
   3.0000000000000000e+00   1.9000000000000000e+01   1.3208368928603682e-05
   3.0000000000000000e+00   2.0000000000000000e+01   1.2889669448111020e-05
   3.0000000000000000e+00   2.1000000000000000e+01   6.0646939837798408e-06
   3.0000000000000000e+00   2.2000000000000000e+01  -6.3497614668719446e-06
   4.0000000000000000e+00   0.0000000000000000e+00   1.9240487890385079e-04
   4.0000000000000000e+00   1.0000000000000000e+00  -5.1290998524186768e-05
   4.0000000000000000e+00   2.0000000000000000e+00  -2.1459147079668222e-04
   4.0000000000000000e+00   3.0000000000000000e+00  -1.2063265308888868e-04
   4.0000000000000000e+00   4.0000000000000000e+00  -3.3828338309529855e-06
   4.0000000000000000e+00   5.0000000000000000e+00  -2.2003557943233525e-05
   4.0000000000000000e+00   6.0000000000000000e+00  -6.9034325999673006e-05
   4.0000000000000000e+00   7.0000000000000000e+00  -4.1364717933015520e-05
   4.0000000000000000e+00   8.0000000000000000e+00   2.5951430884952209e-05
   4.0000000000000000e+00   9.0000000000000000e+00   5.9664589662492638e-05
   4.0000000000000000e+00   1.0000000000000000e+01  -2.2117244049606467e-06
   4.0000000000000000e+00   1.1000000000000000e+01  -2.8382880898890995e-05
   4.0000000000000000e+00   1.2000000000000000e+01  -2.2308390733119454e-05
   4.0000000000000000e+00   1.3000000000000000e+01   3.6900088238207333e-07
   4.0000000000000000e+00   1.4000000000000000e+01  -8.5959940689409982e-06
   4.0000000000000000e+00   1.5000000000000000e+01  -5.4129052599601186e-06
   4.0000000000000000e+00   1.6000000000000000e+01  -6.6537335032372594e-07
   4.0000000000000000e+00   1.7000000000000000e+01   2.8745174604473566e-05
   4.0000000000000000e+00   1.8000000000000000e+01  -1.1915445590503284e-05
   4.0000000000000000e+00   1.9000000000000000e+01  -3.2061408556424586e-06
   4.0000000000000000e+00   2.0000000000000000e+01  -1.7073283906231163e-05
   4.0000000000000000e+00   2.1000000000000000e+01   2.8640144329753231e-05
   5.0000000000000000e+00   0.0000000000000000e+00  -2.7725145515975711e-04
   5.0000000000000000e+00   1.0000000000000000e+00  -1.7462305510075030e-04
   5.0000000000000000e+00   2.0000000000000000e+00  -1.3975010818836978e-04
   5.0000000000000000e+00   3.0000000000000000e+00  -1.3892845494721260e-04
   5.0000000000000000e+00   4.0000000000000000e+00  -1.1891436043908233e-04
   5.0000000000000000e+00   5.0000000000000000e+00  -2.7973587596773025e-05
   5.0000000000000000e+00   6.0000000000000000e+00   2.0026000900852836e-05
   5.0000000000000000e+00   7.0000000000000000e+00   1.0349069276529200e-05
   5.0000000000000000e+00   8.0000000000000000e+00   1.5054753131628215e-05
   5.0000000000000000e+00   9.0000000000000000e+00   2.1776533151279049e-05
   5.0000000000000000e+00   1.0000000000000000e+01   2.2898877689954267e-05
   5.0000000000000000e+00   1.1000000000000000e+01  -1.0803777026028435e-05
   5.0000000000000000e+00   1.2000000000000000e+01  -1.3399654011653314e-05
   5.0000000000000000e+00   1.3000000000000000e+01  -1.5397162336706749e-05
   5.0000000000000000e+00   1.4000000000000000e+01   3.0739913077579505e-06
   5.0000000000000000e+00   1.5000000000000000e+01   3.2020748214696440e-06
   5.0000000000000000e+00   1.6000000000000000e+01   6.1518964607858676e-06
   5.0000000000000000e+00   1.7000000000000000e+01   1.4370867292244716e-06
   5.0000000000000000e+00   1.8000000000000000e+01  -1.3172169154745499e-05
   5.0000000000000000e+00   1.9000000000000000e+01  -1.6384003927895367e-05
   5.0000000000000000e+00   2.0000000000000000e+01   1.4097250879667489e-06
   6.0000000000000000e+00   0.0000000000000000e+00   1.4537237428346734e-04
   6.0000000000000000e+00   1.0000000000000000e+00  -1.7622266510202401e-05
   6.0000000000000000e+00   2.0000000000000000e+00  -1.5371352987125815e-04
   6.0000000000000000e+00   3.0000000000000000e+00  -1.1623189436021236e-04
   6.0000000000000000e+00   4.0000000000000000e+00  -3.5203147184102716e-05
   6.0000000000000000e+00   5.0000000000000000e+00   5.9732641343654992e-05
   6.0000000000000000e+00   6.0000000000000000e+00   5.2840977351817027e-05
   6.0000000000000000e+00   7.0000000000000000e+00   1.2060031811937311e-05
   6.0000000000000000e+00   8.0000000000000000e+00  -5.4605484260868889e-05
   6.0000000000000000e+00   9.0000000000000000e+00  -3.6681832022219300e-05
   6.0000000000000000e+00   1.0000000000000000e+01   7.9833037154964099e-06
   6.0000000000000000e+00   1.1000000000000000e+01   1.7295858378573071e-05
   6.0000000000000000e+00   1.2000000000000000e+01  -2.8033346459525522e-05
   6.0000000000000000e+00   1.3000000000000000e+01  -3.9826944516375913e-05
   6.0000000000000000e+00   1.4000000000000000e+01   6.5318539314485107e-06
   6.0000000000000000e+00   1.5000000000000000e+01   3.6548676733011740e-05
   6.0000000000000000e+00   1.6000000000000000e+01   9.7964081522535371e-06
   6.0000000000000000e+00   1.7000000000000000e+01  -3.4368029736250063e-05
   6.0000000000000000e+00   1.8000000000000000e+01  -1.7410945144328661e-05
   6.0000000000000000e+00   1.9000000000000000e+01   2.8197437712945548e-05
   7.0000000000000000e+00   0.0000000000000000e+00   1.0814790721456742e-04
   7.0000000000000000e+00   1.0000000000000000e+00   2.1740106735530697e-04
   7.0000000000000000e+00   2.0000000000000000e+00   1.7625752728962120e-04
   7.0000000000000000e+00   3.0000000000000000e+00   6.2638964840301843e-05
   7.0000000000000000e+00   4.0000000000000000e+00  -4.4771915635530059e-05
   7.0000000000000000e+00   5.0000000000000000e+00  -1.2912430971940775e-05
   7.0000000000000000e+00   6.0000000000000000e+00   5.0078520688014715e-05
   7.0000000000000000e+00   7.0000000000000000e+00   5.5468535428519438e-05
   7.0000000000000000e+00   8.0000000000000000e+00   1.7333604349196040e-06
   7.0000000000000000e+00   9.0000000000000000e+00  -5.0742877016374443e-05
   7.0000000000000000e+00   1.0000000000000000e+01  -2.7109633921442907e-05
   7.0000000000000000e+00   1.1000000000000000e+01   1.7796019441368195e-06
   7.0000000000000000e+00   1.2000000000000000e+01   2.3177291617972132e-05
   7.0000000000000000e+00   1.3000000000000000e+01   1.0627245195756897e-05
   7.0000000000000000e+00   1.4000000000000000e+01  -2.9836927650675664e-06
   7.0000000000000000e+00   1.5000000000000000e+01  -8.5318772957657406e-06
   7.0000000000000000e+00   1.6000000000000000e+01  -2.5900137109787563e-05
   7.0000000000000000e+00   1.7000000000000000e+01  -8.3202352316874782e-06
   7.0000000000000000e+00   1.8000000000000000e+01   2.1623459959516463e-06
   8.0000000000000000e+00   0.0000000000000000e+00  -5.1643049360978941e-05
   8.0000000000000000e+00   1.0000000000000000e+00   5.2372059002228951e-05
   8.0000000000000000e+00   2.0000000000000000e+00   1.4408432396889896e-04
   8.0000000000000000e+00   3.0000000000000000e+00   1.7771024042967812e-04
   8.0000000000000000e+00   4.0000000000000000e+00   7.7346974936627402e-05
   8.0000000000000000e+00   5.0000000000000000e+00  -2.0359611154187892e-05
   8.0000000000000000e+00   6.0000000000000000e+00  -6.2047065823781292e-05
   8.0000000000000000e+00   7.0000000000000000e+00  -1.1839027640885247e-05
   8.0000000000000000e+00   8.0000000000000000e+00   4.0249144484757458e-05
   8.0000000000000000e+00   9.0000000000000000e+00  -1.3812205754394314e-06
   8.0000000000000000e+00   1.0000000000000000e+01  -4.6468480908280364e-05
   8.0000000000000000e+00   1.1000000000000000e+01  -4.2721357077295588e-05
   8.0000000000000000e+00   1.2000000000000000e+01   2.8823090667036330e-05
   8.0000000000000000e+00   1.3000000000000000e+01   3.6538021565669641e-05
   8.0000000000000000e+00   1.4000000000000000e+01  -9.1084910837081814e-06
   8.0000000000000000e+00   1.5000000000000000e+01  -4.7292054062425110e-05
   8.0000000000000000e+00   1.6000000000000000e+01  -6.6451581707474761e-06
   8.0000000000000000e+00   1.7000000000000000e+01   4.1960789984016311e-05
   9.0000000000000000e+00   0.0000000000000000e+00   1.2128236212155643e-05
   9.0000000000000000e+00   1.0000000000000000e+00  -9.5786848276337310e-05
   9.0000000000000000e+00   2.0000000000000000e+00  -1.1251357955468050e-04
   9.0000000000000000e+00   3.0000000000000000e+00   2.7946016183073666e-05
   9.0000000000000000e+00   4.0000000000000000e+00   7.9711044904265009e-05
   9.0000000000000000e+00   5.0000000000000000e+00   2.6019146100074363e-05
   9.0000000000000000e+00   6.0000000000000000e+00  -5.2206325283895490e-05
   9.0000000000000000e+00   7.0000000000000000e+00  -6.3478983746761248e-05
   9.0000000000000000e+00   8.0000000000000000e+00  -1.0049827882995336e-05
   9.0000000000000000e+00   9.0000000000000000e+00   2.2201102893362328e-05
   9.0000000000000000e+00   1.0000000000000000e+01   3.3732946152065666e-05
   9.0000000000000000e+00   1.1000000000000000e+01  -6.1030093775933816e-07
   9.0000000000000000e+00   1.2000000000000000e+01  -1.1734509290665846e-05
   9.0000000000000000e+00   1.3000000000000000e+01  -1.4985923539236251e-05
   9.0000000000000000e+00   1.4000000000000000e+01  -2.6828710834557728e-06
   9.0000000000000000e+00   1.5000000000000000e+01   7.8435577325211279e-06
   9.0000000000000000e+00   1.6000000000000000e+01   1.2351891695182876e-05
   1.0000000000000000e+01   0.0000000000000000e+00  -4.3274841750204803e-05
   1.0000000000000000e+01   1.0000000000000000e+00  -1.4707296695622060e-05
   1.0000000000000000e+01   2.0000000000000000e+00  -5.3917184433551255e-05
   1.0000000000000000e+01   3.0000000000000000e+00  -7.2287213937331901e-05
   1.0000000000000000e+01   4.0000000000000000e+00  -5.2655207056490968e-05
   1.0000000000000000e+01   5.0000000000000000e+00   2.9240917348307171e-05
   1.0000000000000000e+01   6.0000000000000000e+00   4.6733700066160682e-05
   1.0000000000000000e+01   7.0000000000000000e+00  -1.7678994457249549e-05
   1.0000000000000000e+01   8.0000000000000000e+00  -2.7943969591006137e-05
   1.0000000000000000e+01   9.0000000000000000e+00  -3.9229180781430578e-06
   1.0000000000000000e+01   1.0000000000000000e+01   6.3476975308904399e-05
   1.0000000000000000e+01   1.1000000000000000e+01   1.7035124853602133e-05
   1.0000000000000000e+01   1.2000000000000000e+01  -1.8500930039702443e-05
   1.0000000000000000e+01   1.3000000000000000e+01  -4.6910757206242264e-05
   1.0000000000000000e+01   1.4000000000000000e+01   1.8567802508475014e-05
   1.0000000000000000e+01   1.5000000000000000e+01   3.4685231137601745e-05
   1.1000000000000000e+01   0.0000000000000000e+00   2.6452519218162195e-05
   1.1000000000000000e+01   1.0000000000000000e+00   2.0921165715084713e-05
   1.1000000000000000e+01   2.0000000000000000e+00  -3.3375621824864249e-05
   1.1000000000000000e+01   3.0000000000000000e+00  -7.0764648111007572e-05
   1.1000000000000000e+01   4.0000000000000000e+00  -6.0657263888770399e-05
   1.1000000000000000e+01   5.0000000000000000e+00  -1.5435850297791125e-05
   1.1000000000000000e+01   6.0000000000000000e+00   3.3147530503835874e-05
   1.1000000000000000e+01   7.0000000000000000e+00   2.9940139090428558e-05
   1.1000000000000000e+01   8.0000000000000000e+00   8.3068450520312108e-06
   1.1000000000000000e+01   9.0000000000000000e+00  -6.3804765451847761e-06
   1.1000000000000000e+01   1.0000000000000000e+01  -4.0171414548013981e-06
   1.1000000000000000e+01   1.1000000000000000e+01  -2.9811791622946027e-06
   1.1000000000000000e+01   1.2000000000000000e+01  -1.2980214178286616e-06
   1.1000000000000000e+01   1.3000000000000000e+01   5.2252503485416459e-06
   1.1000000000000000e+01   1.4000000000000000e+01   1.3094516500662630e-05
   1.2000000000000000e+01   0.0000000000000000e+00   2.8860618986241466e-05
   1.2000000000000000e+01   1.0000000000000000e+00   1.2550240995613511e-07
   1.2000000000000000e+01   2.0000000000000000e+00   1.2757399012067671e-05
   1.2000000000000000e+01   3.0000000000000000e+00   1.8710114611869686e-05
   1.2000000000000000e+01   4.0000000000000000e+00   1.0321530407323850e-05
   1.2000000000000000e+01   5.0000000000000000e+00  -1.7519155750090647e-05
   1.2000000000000000e+01   6.0000000000000000e+00   1.2067630636341138e-05
   1.2000000000000000e+01   7.0000000000000000e+00   3.3635380958726789e-05
   1.2000000000000000e+01   8.0000000000000000e+00   4.4034464281668103e-05
   1.2000000000000000e+01   9.0000000000000000e+00  -4.9880543226661540e-06
   1.2000000000000000e+01   1.0000000000000000e+01  -2.4732307943627330e-05
   1.2000000000000000e+01   1.1000000000000000e+01  -2.0868396491308201e-05
   1.2000000000000000e+01   1.2000000000000000e+01   4.6962557033322594e-05
   1.2000000000000000e+01   1.3000000000000000e+01   2.5826690287582225e-05
   1.3000000000000000e+01   0.0000000000000000e+00  -5.9480876172616203e-05
   1.3000000000000000e+01   1.0000000000000000e+00   4.4692769891677583e-05
   1.3000000000000000e+01   2.0000000000000000e+00   1.0344084642938254e-04
   1.3000000000000000e+01   3.0000000000000000e+00   7.4470641102860290e-05
   1.3000000000000000e+01   4.0000000000000000e+00   3.2530984430273737e-05
   1.3000000000000000e+01   5.0000000000000000e+00  -1.2989493236336225e-05
   1.3000000000000000e+01   6.0000000000000000e+00  -1.2321474741368539e-05
   1.3000000000000000e+01   7.0000000000000000e+00  -5.3639282973672854e-06
   1.3000000000000000e+01   8.0000000000000000e+00   1.3544943928010456e-05
   1.3000000000000000e+01   9.0000000000000000e+00   2.7255602808854968e-06
   1.3000000000000000e+01   1.0000000000000000e+01   1.5518893426024374e-06
   1.3000000000000000e+01   1.1000000000000000e+01   2.9115666437435764e-06
   1.3000000000000000e+01   1.2000000000000000e+01   2.5854467593741247e-05
   1.4000000000000000e+01   0.0000000000000000e+00   2.0492616096325940e-05
   1.4000000000000000e+01   1.0000000000000000e+00   6.5079416280042494e-07
   1.4000000000000000e+01   2.0000000000000000e+00   9.1439391228618823e-06
   1.4000000000000000e+01   3.0000000000000000e+00   3.0691387490106762e-05
   1.4000000000000000e+01   4.0000000000000000e+00   4.5939678656826898e-05
   1.4000000000000000e+01   5.0000000000000000e+00  -3.5619123571814065e-06
   1.4000000000000000e+01   6.0000000000000000e+00  -1.1833335321336446e-05
   1.4000000000000000e+01   7.0000000000000000e+00  -4.0343261028518519e-05
   1.4000000000000000e+01   8.0000000000000000e+00   8.7605601720525215e-07
   1.4000000000000000e+01   9.0000000000000000e+00   1.6916695756912172e-05
   1.4000000000000000e+01   1.0000000000000000e+01   3.8550263445562649e-05
   1.4000000000000000e+01   1.1000000000000000e+01   5.2659657850765243e-06
   1.5000000000000000e+01   0.0000000000000000e+00  -1.6334851271761699e-05
   1.5000000000000000e+01   1.0000000000000000e+00  -6.3436918941213631e-05
   1.5000000000000000e+01   2.0000000000000000e+00  -6.1145703880012474e-05
   1.5000000000000000e+01   3.0000000000000000e+00  -3.4646946563214061e-05
   1.5000000000000000e+01   4.0000000000000000e+00   1.0346989969595023e-05
   1.5000000000000000e+01   5.0000000000000000e+00   2.9989158180369299e-05
   1.5000000000000000e+01   6.0000000000000000e+00  -5.1199286088725967e-06
   1.5000000000000000e+01   7.0000000000000000e+00  -1.3116914084611505e-05
   1.5000000000000000e+01   8.0000000000000000e+00  -9.3404806070061751e-06
   1.5000000000000000e+01   9.0000000000000000e+00   1.1483898620019222e-05
   1.5000000000000000e+01   1.0000000000000000e+01   2.8959251285764503e-05
   1.6000000000000000e+01   0.0000000000000000e+00  -1.6743605388077463e-05
   1.6000000000000000e+01   1.0000000000000000e+00   1.2207215427638895e-06
   1.6000000000000000e+01   2.0000000000000000e+00  -2.2092329519253278e-05
   1.6000000000000000e+01   3.0000000000000000e+00  -5.9049689604949245e-05
   1.6000000000000000e+01   4.0000000000000000e+00  -5.2326177316299190e-05
   1.6000000000000000e+01   5.0000000000000000e+00  -1.4503560600094224e-05
   1.6000000000000000e+01   6.0000000000000000e+00   3.3138895413840222e-05
   1.6000000000000000e+01   7.0000000000000000e+00   2.3301001151144331e-05
   1.6000000000000000e+01   8.0000000000000000e+00   7.8258641297866358e-06
   1.6000000000000000e+01   9.0000000000000000e+00  -1.4721698977599528e-05
   1.7000000000000000e+01   0.0000000000000000e+00   6.6394098183959811e-05
   1.7000000000000000e+01   1.0000000000000000e+00   7.6057498264798474e-05
   1.7000000000000000e+01   2.0000000000000000e+00   4.1036113010092378e-05
   1.7000000000000000e+01   3.0000000000000000e+00  -5.6225625678673444e-06
   1.7000000000000000e+01   4.0000000000000000e+00  -5.2300157969579980e-05
   1.7000000000000000e+01   5.0000000000000000e+00  -2.3119231835628864e-05
   1.7000000000000000e+01   6.0000000000000000e+00   8.2896915284120445e-07
   1.7000000000000000e+01   7.0000000000000000e+00   4.5519597501363452e-05
   1.7000000000000000e+01   8.0000000000000000e+00   1.2329395993363485e-05
   1.8000000000000000e+01   0.0000000000000000e+00   2.4088216552648572e-05
   1.8000000000000000e+01   1.0000000000000000e+00   1.5259481797718672e-05
   1.8000000000000000e+01   2.0000000000000000e+00   1.6615980532581364e-05
   1.8000000000000000e+01   3.0000000000000000e+00   3.6334153126669325e-05
   1.8000000000000000e+01   4.0000000000000000e+00   3.1075385826377063e-05
   1.8000000000000000e+01   5.0000000000000000e+00  -6.4093570556978219e-06
   1.8000000000000000e+01   6.0000000000000000e+00  -3.0947202321294694e-05
   1.8000000000000000e+01   7.0000000000000000e+00  -1.4537299249610135e-05
   1.9000000000000000e+01   0.0000000000000000e+00  -5.0310384912485970e-05
   1.9000000000000000e+01   1.0000000000000000e+00  -4.0047903806948300e-05
   1.9000000000000000e+01   2.0000000000000000e+00  -9.4503024640771889e-06
   1.9000000000000000e+01   3.0000000000000000e+00   2.3864903891050204e-05
   1.9000000000000000e+01   4.0000000000000000e+00   3.8561951505712199e-05
   1.9000000000000000e+01   5.0000000000000000e+00   3.5042116853949430e-05
   1.9000000000000000e+01   6.0000000000000000e+00  -3.5964430366575564e-05
   2.0000000000000000e+01   0.0000000000000000e+00   5.0912196489087862e-05
   2.0000000000000000e+01   1.0000000000000000e+00   3.3651696848050096e-05
   2.0000000000000000e+01   2.0000000000000000e+00  -2.7313105864526652e-05
   2.0000000000000000e+01   3.0000000000000000e+00  -5.2410144065853581e-05
   2.0000000000000000e+01   4.0000000000000000e+00  -3.3707305113345255e-05
   2.0000000000000000e+01   5.0000000000000000e+00   1.6275194194530688e-05
   2.1000000000000000e+01   0.0000000000000000e+00   2.9674754625116238e-05
   2.1000000000000000e+01   1.0000000000000000e+00   4.4618297571493331e-05
   2.1000000000000000e+01   2.0000000000000000e+00   1.0874585577157928e-05
   2.1000000000000000e+01   3.0000000000000000e+00  -3.3264367767290944e-05
   2.1000000000000000e+01   4.0000000000000000e+00  -5.4616628538000327e-05
   2.2000000000000000e+01   0.0000000000000000e+00  -3.6755833289732676e-05
   2.2000000000000000e+01   1.0000000000000000e+00   1.2551576117394601e-06
   2.2000000000000000e+01   2.0000000000000000e+00   1.6769905610868854e-06
   2.2000000000000000e+01   3.0000000000000000e+00   2.4146617521360967e-06
   2.3000000000000000e+01   0.0000000000000000e+00  -3.0799444063812801e-05
   2.3000000000000000e+01   1.0000000000000000e+00  -1.2432705141063845e-05
   2.3000000000000000e+01   2.0000000000000000e+00   7.0042317613055732e-06
   2.4000000000000000e+01   0.0000000000000000e+00   1.1402856194151415e-05
   2.4000000000000000e+01   1.0000000000000000e+00   4.5436547282907527e-05
   2.5000000000000000e+01   0.0000000000000000e+00  -1.5425615871613916e-05
