   0.0000000000000000e+00   0.0000000000000000e+00   1.1589364801690930e-03
   2.0000000000000000e+00   0.0000000000000000e+00   5.6023873934476142e-04
   3.0000000000000000e+00   0.0000000000000000e+00   1.3544042358279204e-04
   0.0000000000000000e+00   1.0000000000000000e+00  -1.1128404358006444e-04
   0.0000000000000000e+00   2.0000000000000000e+00   6.4772842354269422e-05
   1.0000000000000000e+00   0.0000000000000000e+00  -5.2151193237971742e-05
   1.0000000000000000e+00   1.0000000000000000e+00   4.2736861082271579e-05
   2.0000000000000000e+00   2.0000000000000000e+00   3.1950759614190685e-05
   2.0000000000000000e+00   1.0000000000000000e+00  -2.5822973154236883e-05
   5.0000000000000000e+00   0.0000000000000000e+00   2.1815162387157103e-05
   7.0000000000000000e+00   0.0000000000000000e+00  -9.6922077479133442e-06
   0.0000000000000000e+00   4.0000000000000000e+00   9.2040753215774074e-06
   4.0000000000000000e+00   0.0000000000000000e+00   7.4591530781114728e-06
   2.0000000000000000e+00   4.0000000000000000e+00   7.4326598968443557e-06
   6.0000000000000000e+00   0.0000000000000000e+00  -5.8761855339108659e-06
   8.0000000000000000e+00   0.0000000000000000e+00   4.7069402084139941e-06
   3.0000000000000000e+00   1.0000000000000000e+00   4.3172172059412607e-06
   9.0000000000000000e+00   0.0000000000000000e+00   3.8267168127158857e-06
   0.0000000000000000e+00   3.0000000000000000e+00  -3.5401767744366347e-06
   1.0000000000000000e+00   4.0000000000000000e+00   3.4434486047442883e-06
   1.0000000000000000e+00   2.0000000000000000e+00  -3.3020060427925437e-06
   4.0000000000000000e+00   2.0000000000000000e+00   3.1938517380479566e-06
   4.0000000000000000e+00   3.0000000000000000e+00  -3.0969623444552869e-06
   5.0000000000000000e+00   3.0000000000000000e+00  -2.8875924483396206e-06
   1.2000000000000000e+01   0.0000000000000000e+00   2.8461802234356628e-06
   7.0000000000000000e+00   3.0000000000000000e+00  -2.3869770771498579e-06
   7.0000000000000000e+00   1.0000000000000000e+00  -2.3373467522372813e-06
   0.0000000000000000e+00   1.1000000000000000e+01   2.2720753008094141e-06
   3.0000000000000000e+00   3.0000000000000000e+00  -2.2352515426013737e-06
   0.0000000000000000e+00   1.3000000000000000e+01   2.1804806631746971e-06
   0.0000000000000000e+00   9.0000000000000000e+00   2.1228887775952574e-06
   0.0000000000000000e+00   1.0000000000000000e+01  -2.0812788741196160e-06
   0.0000000000000000e+00   8.0000000000000000e+00  -2.0473319536660000e-06
   0.0000000000000000e+00   1.5000000000000000e+01   1.9188903568583075e-06
   9.0000000000000000e+00   1.0000000000000000e+00  -1.8088480690049981e-06
   0.0000000000000000e+00   1.2000000000000000e+01  -1.7724241971649715e-06
   2.0000000000000000e+00   3.0000000000000000e+00  -1.7426409266840277e-06
   9.0000000000000000e+00   3.0000000000000000e+00  -1.6946145236731094e-06
   7.0000000000000000e+00   2.0000000000000000e+00  -1.6506912230836131e-06
   0.0000000000000000e+00   7.0000000000000000e+00   1.6464017130053391e-06
   5.0000000000000000e+00   4.0000000000000000e+00  -1.6250817313298575e-06
   0.0000000000000000e+00   1.7000000000000000e+01   1.5768497256207483e-06
   7.0000000000000000e+00   5.0000000000000000e+00  -1.4803132196246195e-06
   5.0000000000000000e+00   5.0000000000000000e+00  -1.4746900161009007e-06
   1.4000000000000000e+01   0.0000000000000000e+00   1.4523338827722966e-06
   1.0000000000000000e+00   3.0000000000000000e+00  -1.4336867911671933e-06
   6.0000000000000000e+00   1.0000000000000000e+00  -1.4255218141545067e-06
   1.8000000000000000e+01   0.0000000000000000e+00  -1.4135898447310649e-06
   1.1000000000000000e+01   1.0000000000000000e+00  -1.4040135982379129e-06
   0.0000000000000000e+00   1.4000000000000000e+01  -1.3991514343085905e-06
   7.0000000000000000e+00   4.0000000000000000e+00  -1.3648708166827226e-06
   3.0000000000000000e+00   5.0000000000000000e+00  -1.3628145212300120e-06
   5.0000000000000000e+00   1.0000000000000000e+00  -1.3209073932053013e-06
   1.0000000000000000e+00   6.0000000000000000e+00   1.3176166956743710e-06
   1.0000000000000000e+01   0.0000000000000000e+00   1.2691912940688899e-06
   1.3000000000000000e+01   0.0000000000000000e+00   1.2453598730038656e-06
   9.0000000000000000e+00   5.0000000000000000e+00  -1.2435560928514252e-06
   5.0000000000000000e+00   6.0000000000000000e+00  -1.2427083655892359e-06
   0.0000000000000000e+00   1.9000000000000000e+01   1.2324271549572252e-06
   1.3000000000000000e+01   1.0000000000000000e+00  -1.2235365521242545e-06
   2.0000000000000000e+00   6.0000000000000000e+00   1.1996447935515606e-06
   8.0000000000000000e+00   4.0000000000000000e+00   1.1539926592508455e-06
   1.0000000000000000e+00   5.0000000000000000e+00  -1.0664685717182931e-06
   1.2000000000000000e+01   1.0000000000000000e+00  -1.0642248760785148e-06
   1.1000000000000000e+01   3.0000000000000000e+00  -1.0525791290159468e-06
   8.0000000000000000e+00   2.0000000000000000e+00   1.0514404863585830e-06
   0.0000000000000000e+00   1.6000000000000000e+01  -1.0427421002539229e-06
   6.0000000000000000e+00   2.0000000000000000e+00   9.9984552549574129e-07
   5.0000000000000000e+00   2.0000000000000000e+00  -9.9781824106324244e-07
   2.2000000000000000e+01   0.0000000000000000e+00   9.7674268712365416e-07
   1.4000000000000000e+01   1.0000000000000000e+00  -9.5848915724974784e-07
   0.0000000000000000e+00   2.1000000000000000e+01   9.3345956571954761e-07
   7.0000000000000000e+00   6.0000000000000000e+00  -9.1559143306458321e-07
   5.0000000000000000e+00   8.0000000000000000e+00  -8.8855534025139551e-07
   1.3000000000000000e+01   4.0000000000000000e+00   8.7133602326791350e-07
   4.0000000000000000e+00   5.0000000000000000e+00  -8.5980254801951504e-07
   6.0000000000000000e+00   4.0000000000000000e+00   8.5311684743752751e-07
   1.2000000000000000e+01   3.0000000000000000e+00  -8.4438923605542649e-07
   4.0000000000000000e+00   1.0000000000000000e+00   8.0944652690860053e-07
   1.0000000000000000e+01   2.0000000000000000e+00   8.0042024764185866e-07
   6.0000000000000000e+00   3.0000000000000000e+00  -7.9612209153365371e-07
   1.0000000000000000e+01   1.0000000000000000e+00  -7.9294364174309362e-07
   1.0000000000000000e+00   1.4000000000000000e+01  -7.7333452838959700e-07
   1.3000000000000000e+01   2.0000000000000000e+00   7.5900021078834857e-07
   1.0000000000000000e+00   1.6000000000000000e+01  -7.5601365003555835e-07
   0.0000000000000000e+00   1.8000000000000000e+01  -7.5535432213537260e-07
   1.1000000000000000e+01   5.0000000000000000e+00  -7.3529471937902203e-07
   1.4000000000000000e+01   3.0000000000000000e+00  -7.1500264794978694e-07
   1.0000000000000000e+01   4.0000000000000000e+00   6.9318103899752002e-07
   0.0000000000000000e+00   2.3000000000000000e+01   6.9101147323046669e-07
   4.0000000000000000e+00   8.0000000000000000e+00  -6.8408860921072741e-07
   1.0000000000000000e+00   1.2000000000000000e+01  -6.8226857884581561e-07
   4.0000000000000000e+00   4.0000000000000000e+00   6.7931950569083629e-07
   5.0000000000000000e+00   1.0000000000000000e+01  -6.7747557350839615e-07
   9.0000000000000000e+00   2.0000000000000000e+00  -6.7725970323227231e-07
   1.0000000000000000e+00   1.8000000000000000e+01  -6.6346052703029259e-07
   1.5000000000000000e+01   2.0000000000000000e+00   6.5648817827514931e-07
   0.0000000000000000e+00   5.0000000000000000e+00   6.4605906210843132e-07
   1.9000000000000000e+01   1.0000000000000000e+00   5.9902419201717739e-07
   1.1000000000000000e+01   4.0000000000000000e+00   5.9563511616795644e-07
   5.0000000000000000e+00   1.2000000000000000e+01  -5.8197184295119431e-07
   1.4000000000000000e+01   5.0000000000000000e+00  -5.7938829572593054e-07
   1.2000000000000000e+01   5.0000000000000000e+00  -5.7511124500521808e-07
   4.0000000000000000e+00   1.0000000000000000e+01  -5.7493543884839382e-07
   9.0000000000000000e+00   7.0000000000000000e+00  -5.6990250904900619e-07
   1.2000000000000000e+01   2.0000000000000000e+00   5.6581430485810605e-07
   0.0000000000000000e+00   2.0000000000000000e+01  -5.6435855516026303e-07
   1.3000000000000000e+01   6.0000000000000000e+00   5.6345510116799994e-07
   1.5000000000000000e+01   4.0000000000000000e+00   5.5462087025366451e-07
   1.0000000000000000e+01   3.0000000000000000e+00  -5.4082717402552552e-07
   5.0000000000000000e+00   1.4000000000000000e+01  -5.3786312996821387e-07
   6.0000000000000000e+00   1.0000000000000000e+01  -5.3726506376964657e-07
   1.6000000000000000e+01   0.0000000000000000e+00  -5.2999442196662415e-07
   1.8000000000000000e+01   1.0000000000000000e+00   5.2787933297497235e-07
   1.0000000000000000e+00   2.0000000000000000e+01  -5.1764072713443108e-07
   7.0000000000000000e+00   8.0000000000000000e+00  -5.1023238032648593e-07
   8.0000000000000000e+00   9.0000000000000000e+00   5.1004588040810648e-07
   7.0000000000000000e+00   7.0000000000000000e+00  -5.0445659941023818e-07
   1.5000000000000000e+01   1.0000000000000000e+00  -4.9927073010199701e-07
   1.3000000000000000e+01   3.0000000000000000e+00  -4.9698307318690245e-07
   0.0000000000000000e+00   2.5000000000000000e+01   4.9299139876011436e-07
   5.0000000000000000e+00   1.6000000000000000e+01  -4.9199724621240185e-07
   6.0000000000000000e+00   1.2000000000000000e+01  -4.7912087898047232e-07
   2.0000000000000000e+00   1.1000000000000000e+01   4.6992434887271230e-07
   0.0000000000000000e+00   2.2000000000000000e+01  -4.6630187152225129e-07
   1.1000000000000000e+01   6.0000000000000000e+00   4.5800033050188368e-07
   2.0000000000000000e+00   1.9000000000000000e+01   4.5740779305593171e-07
   8.0000000000000000e+00   3.0000000000000000e+00  -4.5646456563467489e-07
   8.0000000000000000e+00   1.1000000000000000e+01   4.5644349628581206e-07
   2.0000000000000000e+00   9.0000000000000000e+00   4.5338454542451605e-07
   2.0000000000000000e+00   1.7000000000000000e+01   4.5302956377240916e-07
   2.1000000000000000e+01   2.0000000000000000e+00  -4.5280057584406468e-07
   2.0000000000000000e+00   1.3000000000000000e+01   4.5085076275944561e-07
   2.0000000000000000e+00   1.5000000000000000e+01   4.4441180035980478e-07
   8.0000000000000000e+00   6.0000000000000000e+00   4.4129898659885472e-07
   2.0000000000000000e+00   2.1000000000000000e+01   4.3845274245622550e-07
   1.4000000000000000e+01   2.0000000000000000e+00   4.3525282309149105e-07
   0.0000000000000000e+00   2.4000000000000000e+01  -4.3161734145032685e-07
   1.0000000000000000e+00   7.0000000000000000e+00  -4.2949141526836779e-07
   1.0000000000000000e+00   1.0000000000000000e+01  -4.2653700667216469e-07
   5.0000000000000000e+00   1.8000000000000000e+01  -4.1416939712955818e-07
   2.3000000000000000e+01   1.0000000000000000e+00  -4.1007916613760831e-07
   6.0000000000000000e+00   9.0000000000000000e+00   4.0971610539994418e-07
   4.0000000000000000e+00   6.0000000000000000e+00  -4.0788263261988506e-07
   6.0000000000000000e+00   8.0000000000000000e+00  -4.0425167746309121e-07
   2.0000000000000000e+00   1.0000000000000000e+01  -4.0363713940877813e-07
   6.0000000000000000e+00   1.4000000000000000e+01  -3.9970697171649654e-07
   8.0000000000000000e+00   7.0000000000000000e+00   3.9664250118036249e-07
   6.0000000000000000e+00   1.1000000000000000e+01   3.9528183217200148e-07
   2.0000000000000000e+01   2.0000000000000000e+00  -3.9419235456714629e-07
   2.0000000000000000e+00   2.3000000000000000e+01   3.8513704363845531e-07
   1.4000000000000000e+01   7.0000000000000000e+00  -3.8342998030797659e-07
   2.0000000000000000e+00   2.2000000000000000e+01   3.7913423192047899e-07
   1.6000000000000000e+01   2.0000000000000000e+00   3.7206672875372238e-07
   3.0000000000000000e+00   7.0000000000000000e+00  -3.6468984872767949e-07
   6.0000000000000000e+00   1.8000000000000000e+01  -3.6285440859368227e-07
   1.9000000000000000e+01   2.0000000000000000e+00  -3.6259455631541080e-07
   6.0000000000000000e+00   1.6000000000000000e+01  -3.6175000277810006e-07
   2.4000000000000000e+01   0.0000000000000000e+00   3.5662131949948156e-07
   1.9000000000000000e+01   4.0000000000000000e+00  -3.5553107481223618e-07
   4.0000000000000000e+00   1.2000000000000000e+01  -3.5427428956244814e-07
   1.2000000000000000e+01   7.0000000000000000e+00  -3.4746733787694549e-07
   2.0000000000000000e+00   2.0000000000000000e+01   3.4538238578424505e-07
   8.0000000000000000e+00   1.3000000000000000e+01   3.4440216279557024e-07
   1.9000000000000000e+01   0.0000000000000000e+00  -3.4200860090513822e-07
   9.0000000000000000e+00   4.0000000000000000e+00  -3.4149774865869418e-07
   2.0000000000000000e+00   8.0000000000000000e+00  -3.3930959158993429e-07
   5.0000000000000000e+00   1.1000000000000000e+01   3.3224999957115090e-07
   1.1000000000000000e+01   0.0000000000000000e+00   3.3159853200713752e-07
   3.0000000000000000e+00   1.2000000000000000e+01  -3.2901233168034273e-07
   1.0000000000000000e+00   2.2000000000000000e+01  -3.2755150602162819e-07
   6.0000000000000000e+00   5.0000000000000000e+00  -3.2284722605221059e-07
   3.0000000000000000e+00   2.0000000000000000e+00  -3.1721140569201065e-07
   4.0000000000000000e+00   9.0000000000000000e+00   3.1596290925860127e-07
   1.1000000000000000e+01   2.0000000000000000e+00   3.1438302877208876e-07
   3.0000000000000000e+00   1.4000000000000000e+01  -3.1278880701839967e-07
   6.0000000000000000e+00   1.3000000000000000e+01   3.0852741061882866e-07
   5.0000000000000000e+00   2.0000000000000000e+01  -3.0481581773295949e-07
   3.0000000000000000e+00   1.0000000000000000e+01  -3.0041202223628657e-07
   1.1000000000000000e+01   7.0000000000000000e+00  -2.9997567832602548e-07
   1.0000000000000000e+01   6.0000000000000000e+00   2.9978285353475766e-07
   3.0000000000000000e+00   2.1000000000000000e+01   2.9525386355651794e-07
   8.0000000000000000e+00   1.0000000000000000e+01  -2.9077292025488588e-07
   1.5000000000000000e+01   7.0000000000000000e+00   2.8803508794268250e-07
   2.0000000000000000e+01   1.0000000000000000e+00   2.8718391379096584e-07
   1.5000000000000000e+01   5.0000000000000000e+00   2.8155947462454941e-07
   1.7000000000000000e+01   0.0000000000000000e+00  -2.8135889979272999e-07
   2.0000000000000000e+00   1.8000000000000000e+01   2.8051815846877484e-07
   2.0000000000000000e+01   0.0000000000000000e+00  -2.8041744867942919e-07
   8.0000000000000000e+00   1.2000000000000000e+01  -2.7912868674058704e-07
   7.0000000000000000e+00   1.0000000000000000e+01  -2.7811869715012202e-07
   1.0000000000000000e+00   1.5000000000000000e+01   2.7234549854981613e-07
   4.0000000000000000e+00   1.1000000000000000e+01   2.7191244408952326e-07
   2.0000000000000000e+00   7.0000000000000000e+00   2.7114716236473267e-07
   2.0000000000000000e+00   5.0000000000000000e+00  -2.6853459672197799e-07
   3.0000000000000000e+00   4.0000000000000000e+00  -2.6731127936823408e-07
   2.1000000000000000e+01   1.0000000000000000e+00   2.6540733259504086e-07
   5.0000000000000000e+00   9.0000000000000000e+00   2.6182838167344266e-07
   2.0000000000000000e+01   4.0000000000000000e+00  -2.5893839720922844e-07
   1.8000000000000000e+01   3.0000000000000000e+00   2.5751138338294632e-07
   5.0000000000000000e+00   1.3000000000000000e+01   2.5535687460637661e-07
   5.0000000000000000e+00   7.0000000000000000e+00  -2.5456895027185537e-07
   1.5000000000000000e+01   6.0000000000000000e+00   2.5410471180872765e-07
   2.3000000000000000e+01   0.0000000000000000e+00   2.5332021170139433e-07
   3.0000000000000000e+00   8.0000000000000000e+00  -2.5302425883114961e-07
   9.0000000000000000e+00   1.6000000000000000e+01  -2.5163348502208355e-07
   9.0000000000000000e+00   1.4000000000000000e+01  -2.4565801651746026e-07
   3.0000000000000000e+00   1.6000000000000000e+01  -2.4274938609852451e-07
   1.3000000000000000e+01   8.0000000000000000e+00   2.4274144917840296e-07
   1.7000000000000000e+01   2.0000000000000000e+00   2.4236129683854419e-07
   1.0000000000000000e+00   1.7000000000000000e+01   2.3829907248568819e-07
   2.1000000000000000e+01   4.0000000000000000e+00  -2.3580809859101684e-07
   1.0000000000000000e+01   1.1000000000000000e+01   2.3393042732368175e-07
   1.2000000000000000e+01   4.0000000000000000e+00   2.3147409677091343e-07
   1.0000000000000000e+01   1.3000000000000000e+01   2.2614085873331523e-07
   1.1000000000000000e+01   1.4000000000000000e+01  -2.2492327345240990e-07
   8.0000000000000000e+00   1.4000000000000000e+01  -2.2290988226693896e-07
   8.0000000000000000e+00   1.5000000000000000e+01   2.1998374573438987e-07
   1.3000000000000000e+01   1.1000000000000000e+01   2.1971189381452540e-07
   0.0000000000000000e+00   6.0000000000000000e+00  -2.1874432662087132e-07
   3.0000000000000000e+00   1.9000000000000000e+01   2.1849993737209325e-07
   6.0000000000000000e+00   1.5000000000000000e+01   2.1840771935487967e-07
   1.6000000000000000e+01   4.0000000000000000e+00   2.1675661842594336e-07
   1.1000000000000000e+01   8.0000000000000000e+00   2.1431026132530415e-07
   1.8000000000000000e+01   7.0000000000000000e+00   2.1305696531707909e-07
   7.0000000000000000e+00   1.6000000000000000e+01  -2.1117050428357200e-07
   1.0000000000000000e+00   1.3000000000000000e+01   2.0683485231390687e-07
   1.7000000000000000e+01   3.0000000000000000e+00   2.0640971018990099e-07
   2.0000000000000000e+01   5.0000000000000000e+00   2.0611344097708821e-07
   6.0000000000000000e+00   7.0000000000000000e+00   2.0373092772720003e-07
   1.5000000000000000e+01   9.0000000000000000e+00   2.0295736028303179e-07
   2.4000000000000000e+01   1.0000000000000000e+00  -2.0293625859467954e-07
   7.0000000000000000e+00   1.4000000000000000e+01  -2.0163660876253702e-07
   2.2000000000000000e+01   1.0000000000000000e+00  -2.0095474198221623e-07
   7.0000000000000000e+00   1.2000000000000000e+01  -1.9925334149405548e-07
   1.3000000000000000e+01   9.0000000000000000e+00   1.9895859045075840e-07
   1.4000000000000000e+01   9.0000000000000000e+00  -1.9557264246326069e-07
   1.0000000000000000e+01   9.0000000000000000e+00   1.9518761795936603e-07
   1.7000000000000000e+01   5.0000000000000000e+00   1.9174914485689691e-07
   1.6000000000000000e+01   5.0000000000000000e+00  -1.9108347364233077e-07
   8.0000000000000000e+00   1.6000000000000000e+01  -1.9094072853238650e-07
   3.0000000000000000e+00   2.2000000000000000e+01   1.9070506036586259e-07
   1.0000000000000000e+00   9.0000000000000000e+00  -1.8782113160879333e-07
   9.0000000000000000e+00   1.2000000000000000e+01  -1.8725683739877357e-07
   1.0000000000000000e+01   5.0000000000000000e+00  -1.8647989008389000e-07
   3.0000000000000000e+00   6.0000000000000000e+00  -1.8545801266304538e-07
   2.5000000000000000e+01   0.0000000000000000e+00   1.8446885374995837e-07
   7.0000000000000000e+00   1.8000000000000000e+01  -1.8434836776323535e-07
   5.0000000000000000e+00   1.5000000000000000e+01   1.8347360224630218e-07
   1.8000000000000000e+01   6.0000000000000000e+00  -1.8227255969038397e-07
   1.7000000000000000e+01   1.0000000000000000e+00   1.8198154470567351e-07
   2.0000000000000000e+00   1.6000000000000000e+01   1.8145019519246994e-07
   1.0000000000000000e+01   1.5000000000000000e+01   1.8014575168466893e-07
   7.0000000000000000e+00   1.7000000000000000e+01  -1.7541908373038473e-07
   2.0000000000000000e+00   1.2000000000000000e+01  -1.7488971044925114e-07
   1.9000000000000000e+01   6.0000000000000000e+00  -1.7439505998472442e-07
   4.0000000000000000e+00   2.1000000000000000e+01  -1.7118948936082189e-07
   2.0000000000000000e+01   3.0000000000000000e+00   1.7079099781908441e-07
   1.8000000000000000e+01   5.0000000000000000e+00   1.6994511047356689e-07
   1.9000000000000000e+01   5.0000000000000000e+00  -1.6638375273773503e-07
   1.2000000000000000e+01   9.0000000000000000e+00  -1.6458138265434139e-07
   2.2000000000000000e+01   2.0000000000000000e+00  -1.6444877574215931e-07
   1.1000000000000000e+01   1.2000000000000000e+01  -1.6050531042773404e-07
   4.0000000000000000e+00   1.4000000000000000e+01  -1.5834632717555150e-07
   4.0000000000000000e+00   1.3000000000000000e+01   1.5762085789242210e-07
   2.3000000000000000e+01   2.0000000000000000e+00   1.5442546519981841e-07
   5.0000000000000000e+00   1.7000000000000000e+01   1.4972054628856498e-07
   9.0000000000000000e+00   6.0000000000000000e+00  -1.4805301582016261e-07
   1.0000000000000000e+00   1.9000000000000000e+01   1.4718527977531357e-07
   1.3000000000000000e+01   5.0000000000000000e+00  -1.4435602786742401e-07
   1.4000000000000000e+01   4.0000000000000000e+00   1.4046488437047311e-07
   1.1000000000000000e+01   1.1000000000000000e+01   1.3530838186620799e-07
   6.0000000000000000e+00   1.7000000000000000e+01   1.3504985756134104e-07
   5.0000000000000000e+00   1.9000000000000000e+01   1.3289557568195059e-07
   3.0000000000000000e+00   1.7000000000000000e+01   1.3083375227641175e-07
   1.1000000000000000e+01   1.3000000000000000e+01   1.2895102827010554e-07
   1.6000000000000000e+01   8.0000000000000000e+00  -1.2630326756181613e-07
   1.6000000000000000e+01   3.0000000000000000e+00  -1.2488037507171108e-07
   9.0000000000000000e+00   9.0000000000000000e+00  -1.2392382148519104e-07
   3.0000000000000000e+00   1.8000000000000000e+01  -1.2380303576209532e-07
   1.0000000000000000e+00   8.0000000000000000e+00   1.2098803812026402e-07
   9.0000000000000000e+00   1.5000000000000000e+01  -1.1907578395855777e-07
   9.0000000000000000e+00   1.0000000000000000e+01  -1.1827896195312368e-07
   1.7000000000000000e+01   7.0000000000000000e+00   1.1607344006173392e-07
   4.0000000000000000e+00   2.0000000000000000e+01   1.1521505153591979e-07
   7.0000000000000000e+00   1.1000000000000000e+01   1.1402727527224453e-07
   6.0000000000000000e+00   6.0000000000000000e+00   1.1387628821702115e-07
   4.0000000000000000e+00   1.9000000000000000e+01  -1.1118310944715512e-07
   1.0000000000000000e+01   1.0000000000000000e+01  -1.1018595109244752e-07
   8.0000000000000000e+00   8.0000000000000000e+00  -1.0433198606236452e-07
   1.0000000000000000e+01   1.2000000000000000e+01  -1.0260399691872193e-07
   1.7000000000000000e+01   8.0000000000000000e+00  -1.0187237331570037e-07
   1.4000000000000000e+01   1.0000000000000000e+01  -9.8785143069167979e-08
   1.5000000000000000e+01   0.0000000000000000e+00   9.6448667712004304e-08
   1.3000000000000000e+01   7.0000000000000000e+00   9.4241480541687401e-08
   1.0000000000000000e+00   2.4000000000000000e+01  -9.3814828367607953e-08
   1.6000000000000000e+01   1.0000000000000000e+00  -9.3186035603744974e-08
   8.0000000000000000e+00   1.0000000000000000e+00   9.3134667637645175e-08
   9.0000000000000000e+00   8.0000000000000000e+00  -8.9528631781486803e-08
   1.2000000000000000e+01   6.0000000000000000e+00   8.8197978077746593e-08
   8.0000000000000000e+00   1.7000000000000000e+01   8.7260169802189653e-08
   1.2000000000000000e+01   1.3000000000000000e+01   8.4483649074401800e-08
   7.0000000000000000e+00   1.5000000000000000e+01  -8.3664221819412177e-08
   4.0000000000000000e+00   7.0000000000000000e+00   8.1042166484106142e-08
   1.3000000000000000e+01   1.2000000000000000e+01  -7.2080535997516413e-08
   2.1000000000000000e+01   3.0000000000000000e+00  -7.1653103216390729e-08
   1.2000000000000000e+01   1.2000000000000000e+01  -7.1053312664926900e-08
   1.0000000000000000e+01   7.0000000000000000e+00   6.8885795080084513e-08
   1.6000000000000000e+01   7.0000000000000000e+00  -6.5001226330354920e-08
   2.1000000000000000e+01   0.0000000000000000e+00  -6.3853034921786967e-08
   1.7000000000000000e+01   6.0000000000000000e+00  -5.9945142988150513e-08
   3.0000000000000000e+00   9.0000000000000000e+00  -5.7442203989771731e-08
   1.6000000000000000e+01   9.0000000000000000e+00   5.7378354691346895e-08
   1.2000000000000000e+01   1.0000000000000000e+01  -5.7034391492931719e-08
   4.0000000000000000e+00   1.8000000000000000e+01   5.6160627763081036e-08
   6.0000000000000000e+00   1.9000000000000000e+01   5.5442649258944648e-08
   1.8000000000000000e+01   2.0000000000000000e+00  -5.2314189613390071e-08
   1.0000000000000000e+00   2.1000000000000000e+01   5.2290161083046117e-08
   1.4000000000000000e+01   6.0000000000000000e+00   5.1725800833724708e-08
   1.8000000000000000e+01   4.0000000000000000e+00  -5.1384423942346201e-08
   4.0000000000000000e+00   1.5000000000000000e+01   5.0776125248581407e-08
   3.0000000000000000e+00   1.5000000000000000e+01   4.9931242463563328e-08
   1.0000000000000000e+01   1.4000000000000000e+01  -4.9373686224881730e-08
   1.5000000000000000e+01   8.0000000000000000e+00   4.8612061218295612e-08
   1.4000000000000000e+01   1.1000000000000000e+01  -4.4797056196997370e-08
   1.5000000000000000e+01   1.0000000000000000e+01  -4.1532439143215836e-08
   4.0000000000000000e+00   1.7000000000000000e+01  -3.6952944482126093e-08
   1.0000000000000000e+00   1.1000000000000000e+01   3.5930945242427564e-08
   2.0000000000000000e+00   1.4000000000000000e+01   3.5684715562897846e-08
   7.0000000000000000e+00   1.3000000000000000e+01   3.2783041286979580e-08
   1.3000000000000000e+01   1.0000000000000000e+01   2.8761776248201834e-08
   1.4000000000000000e+01   8.0000000000000000e+00  -2.7567521211332740e-08
   3.0000000000000000e+00   2.0000000000000000e+01   2.7284125247083079e-08
   4.0000000000000000e+00   1.6000000000000000e+01  -2.6336689856833145e-08
   1.5000000000000000e+01   3.0000000000000000e+00   2.5834536935864979e-08
   1.7000000000000000e+01   4.0000000000000000e+00   2.2401070655673999e-08
   9.0000000000000000e+00   1.1000000000000000e+01   2.0171284350084706e-08
   8.0000000000000000e+00   5.0000000000000000e+00   1.9325378827269754e-08
   9.0000000000000000e+00   1.3000000000000000e+01  -1.8983787046107562e-08
   1.2000000000000000e+01   1.1000000000000000e+01  -1.8967488287776589e-08
   3.0000000000000000e+00   1.1000000000000000e+01  -1.4233532865172952e-08
   1.1000000000000000e+01   9.0000000000000000e+00   1.2856889234102235e-08
   1.9000000000000000e+01   3.0000000000000000e+00   1.0939576200592158e-08
   1.0000000000000000e+00   2.3000000000000000e+01  -9.2226042860337094e-09
   1.6000000000000000e+01   6.0000000000000000e+00   9.0705823029657616e-09
   1.1000000000000000e+01   1.0000000000000000e+01  -7.8964240304115264e-09
   7.0000000000000000e+00   9.0000000000000000e+00   7.4470809612248167e-09
   2.2000000000000000e+01   3.0000000000000000e+00   1.6518195317267705e-09
   1.2000000000000000e+01   8.0000000000000000e+00  -9.0207077669069700e-10
   1.0000000000000000e+01   8.0000000000000000e+00   2.8270292594015515e-10
   3.0000000000000000e+00   1.3000000000000000e+01  -1.0725787727822478e-10
