   0.0000000000000000e+00   0.0000000000000000e+00   1.2435181041754433e-01
   0.0000000000000000e+00   1.0000000000000000e+00   3.8306178432753642e-02
   2.0000000000000000e+00   0.0000000000000000e+00  -1.6626764331504573e-02
   0.0000000000000000e+00   2.0000000000000000e+00  -1.4475628339242179e-02
   4.0000000000000000e+00   0.0000000000000000e+00   1.2646495734849090e-02
   0.0000000000000000e+00   3.0000000000000000e+00  -1.1559339677837255e-02
   1.0000000000000000e+00   1.0000000000000000e+00  -1.0310750263072741e-02
   3.0000000000000000e+00   0.0000000000000000e+00   7.8901273400970081e-03
   3.0000000000000000e+00   1.0000000000000000e+00   7.8705968984114812e-03
   1.0000000000000000e+00   0.0000000000000000e+00  -7.1203762414195591e-03
   4.0000000000000000e+00   1.0000000000000000e+00   5.8067039691577765e-03
   2.0000000000000000e+00   2.0000000000000000e+00   4.8784221264498396e-03
   5.0000000000000000e+00   0.0000000000000000e+00   4.5999916316347648e-03
   1.0000000000000000e+00   3.0000000000000000e+00   3.2546238189371346e-03
   2.0000000000000000e+00   1.0000000000000000e+00  -3.0931943746456709e-03
   0.0000000000000000e+00   5.0000000000000000e+00   2.9904198301318038e-03
   3.0000000000000000e+00   2.0000000000000000e+00   2.8845340665852085e-03
   2.0000000000000000e+00   3.0000000000000000e+00   2.7133619252252840e-03
   1.0000000000000000e+00   2.0000000000000000e+00  -2.4477851005081860e-03
   1.0000000000000000e+00   4.0000000000000000e+00   1.7189414654834607e-03
   0.0000000000000000e+00   4.0000000000000000e+00   1.6441107032746400e-03
   8.0000000000000000e+00   0.0000000000000000e+00   1.5775403655624159e-03
   7.0000000000000000e+00   0.0000000000000000e+00   1.4404606951595312e-03
   5.0000000000000000e+00   1.0000000000000000e+00   1.3540148989253944e-03
   7.0000000000000000e+00   1.0000000000000000e+00   9.9056605174822811e-04
   2.0000000000000000e+00   5.0000000000000000e+00  -9.2668776732902902e-04
   4.0000000000000000e+00   3.0000000000000000e+00  -9.0750676609415023e-04
   3.0000000000000000e+00   3.0000000000000000e+00  -8.2517629963150987e-04
   0.0000000000000000e+00   7.0000000000000000e+00  -7.7767343892625807e-04
   3.0000000000000000e+00   4.0000000000000000e+00  -7.6982580064764261e-04
   1.0000000000000000e+01   0.0000000000000000e+00  -7.1509527858480389e-04
   6.0000000000000000e+00   2.0000000000000000e+00   6.7581722119417853e-04
   1.0000000000000000e+00   5.0000000000000000e+00  -6.4935025795632355e-04
   2.0000000000000000e+00   4.0000000000000000e+00  -6.4818123895610984e-04
   1.0000000000000000e+00   6.0000000000000000e+00  -5.4940746363685018e-04
   6.0000000000000000e+00   1.0000000000000000e+00   5.4540431905639956e-04
   9.0000000000000000e+00   1.0000000000000000e+00  -4.5314040998140786e-04
   8.0000000000000000e+00   2.0000000000000000e+00  -4.1761698375458202e-04
   6.0000000000000000e+00   0.0000000000000000e+00   3.5757179950080968e-04
   8.0000000000000000e+00   1.0000000000000000e+00   3.0282479371790562e-04
   7.0000000000000000e+00   3.0000000000000000e+00  -2.7431729767210479e-04
   1.0000000000000000e+01   1.0000000000000000e+00  -2.7195916933632952e-04
   2.0000000000000000e+00   7.0000000000000000e+00   2.5491426358442395e-04
   3.0000000000000000e+00   6.0000000000000000e+00   2.5367799966618588e-04
   9.0000000000000000e+00   0.0000000000000000e+00  -2.4666403779904911e-04
   1.3000000000000000e+01   0.0000000000000000e+00  -2.3738693045498635e-04
   8.0000000000000000e+00   3.0000000000000000e+00  -2.3150285757899959e-04
   1.2000000000000000e+01   0.0000000000000000e+00   2.2659225828088538e-04
   1.4000000000000000e+01   0.0000000000000000e+00  -2.2213061744907894e-04
   4.0000000000000000e+00   5.0000000000000000e+00   2.2074916211551403e-04
   9.0000000000000000e+00   2.0000000000000000e+00  -2.1933220390840132e-04
   5.0000000000000000e+00   3.0000000000000000e+00   2.0917588042210987e-04
   0.0000000000000000e+00   9.0000000000000000e+00   2.0444651280566891e-04
   1.0000000000000000e+00   8.0000000000000000e+00   2.0193094117414877e-04
   6.0000000000000000e+00   3.0000000000000000e+00   1.8615756835326482e-04
   4.0000000000000000e+00   4.0000000000000000e+00   1.8272467399161295e-04
   5.0000000000000000e+00   4.0000000000000000e+00   1.6931301742377695e-04
