   0.0000000000000000e+00   0.0000000000000000e+00   1.2435181041754433e-01
   0.0000000000000000e+00   1.0000000000000000e+00   3.8306178432753642e-02
   2.0000000000000000e+00   0.0000000000000000e+00  -1.6626764331504573e-02
   0.0000000000000000e+00   2.0000000000000000e+00  -1.4475628339242179e-02
   4.0000000000000000e+00   0.0000000000000000e+00   1.2646495734849090e-02
   0.0000000000000000e+00   3.0000000000000000e+00  -1.1559339677837255e-02
   1.0000000000000000e+00   1.0000000000000000e+00  -1.0310750263072741e-02
   3.0000000000000000e+00   0.0000000000000000e+00   7.8901273400970081e-03
   3.0000000000000000e+00   1.0000000000000000e+00   7.8705968984114812e-03
   1.0000000000000000e+00   0.0000000000000000e+00  -7.1203762414195591e-03
   4.0000000000000000e+00   1.0000000000000000e+00   5.8067039691577765e-03
   2.0000000000000000e+00   2.0000000000000000e+00   4.8784221264498396e-03
   5.0000000000000000e+00   0.0000000000000000e+00   4.5999916316347648e-03
   1.0000000000000000e+00   3.0000000000000000e+00   3.2546238189371346e-03
   2.0000000000000000e+00   1.0000000000000000e+00  -3.0931943746456709e-03
   0.0000000000000000e+00   5.0000000000000000e+00   2.9904198301318038e-03
   3.0000000000000000e+00   2.0000000000000000e+00   2.8845340665852085e-03
   2.0000000000000000e+00   3.0000000000000000e+00   2.7133619252252840e-03
   1.0000000000000000e+00   2.0000000000000000e+00  -2.4477851005081860e-03
   1.0000000000000000e+00   4.0000000000000000e+00   1.7189414654834607e-03
   0.0000000000000000e+00   4.0000000000000000e+00   1.6441107032746400e-03
   8.0000000000000000e+00   0.0000000000000000e+00   1.5775403655624159e-03
   7.0000000000000000e+00   0.0000000000000000e+00   1.4404606951595312e-03
   5.0000000000000000e+00   1.0000000000000000e+00   1.3540148989253944e-03
   7.0000000000000000e+00   1.0000000000000000e+00   9.9056605174822811e-04
   2.0000000000000000e+00   5.0000000000000000e+00  -9.2668776732902902e-04
   4.0000000000000000e+00   3.0000000000000000e+00  -9.0750676609415023e-04
   3.0000000000000000e+00   3.0000000000000000e+00  -8.2517629963150987e-04
   0.0000000000000000e+00   7.0000000000000000e+00  -7.7767343892625807e-04
   3.0000000000000000e+00   4.0000000000000000e+00  -7.6982580064764261e-04
   1.0000000000000000e+01   0.0000000000000000e+00  -7.1509527858480389e-04
   6.0000000000000000e+00   2.0000000000000000e+00   6.7581722119417853e-04
   1.0000000000000000e+00   5.0000000000000000e+00  -6.4935025795632355e-04
   2.0000000000000000e+00   4.0000000000000000e+00  -6.4818123895610984e-04
   1.0000000000000000e+00   6.0000000000000000e+00  -5.4940746363685018e-04
   6.0000000000000000e+00   1.0000000000000000e+00   5.4540431905639956e-04
   9.0000000000000000e+00   1.0000000000000000e+00  -4.5314040998140786e-04
   8.0000000000000000e+00   2.0000000000000000e+00  -4.1761698375458202e-04
   6.0000000000000000e+00   0.0000000000000000e+00   3.5757179950080968e-04
   8.0000000000000000e+00   1.0000000000000000e+00   3.0282479371790562e-04
   7.0000000000000000e+00   3.0000000000000000e+00  -2.7431729767210479e-04
   1.0000000000000000e+01   1.0000000000000000e+00  -2.7195916933632952e-04
   2.0000000000000000e+00   7.0000000000000000e+00   2.5491426358442395e-04
   3.0000000000000000e+00   6.0000000000000000e+00   2.5367799966618588e-04
   9.0000000000000000e+00   0.0000000000000000e+00  -2.4666403779904911e-04
   1.3000000000000000e+01   0.0000000000000000e+00  -2.3738693045498635e-04
   8.0000000000000000e+00   3.0000000000000000e+00  -2.3150285757899959e-04
   1.2000000000000000e+01   0.0000000000000000e+00   2.2659225828088538e-04
   1.4000000000000000e+01   0.0000000000000000e+00  -2.2213061744907894e-04
   4.0000000000000000e+00   5.0000000000000000e+00   2.2074916211551403e-04
   9.0000000000000000e+00   2.0000000000000000e+00  -2.1933220390840132e-04
   5.0000000000000000e+00   3.0000000000000000e+00   2.0917588042210987e-04
   0.0000000000000000e+00   9.0000000000000000e+00   2.0444651280566891e-04
   1.0000000000000000e+00   8.0000000000000000e+00   2.0193094117414877e-04
   6.0000000000000000e+00   3.0000000000000000e+00   1.8615756835326482e-04
   4.0000000000000000e+00   4.0000000000000000e+00   1.8272467399161295e-04
   5.0000000000000000e+00   4.0000000000000000e+00   1.6931301742377695e-04
   2.0000000000000000e+00   6.0000000000000000e+00   1.6203160558863757e-04
   6.0000000000000000e+00   4.0000000000000000e+00  -1.5758552773062763e-04
   4.0000000000000000e+00   2.0000000000000000e+00  -1.4658700991480893e-04
   1.1000000000000000e+01   1.0000000000000000e+00   1.3786568422023633e-04
   6.0000000000000000e+00   5.0000000000000000e+00  -1.3583903122985560e-04
   7.0000000000000000e+00   4.0000000000000000e+00  -1.3160797945812146e-04
   5.0000000000000000e+00   5.0000000000000000e+00  -1.1847653036306893e-04
   1.6000000000000000e+01   0.0000000000000000e+00   1.1680515229770971e-04
   4.0000000000000000e+00   7.0000000000000000e+00  -1.1093066337912336e-04
   7.0000000000000000e+00   2.0000000000000000e+00   1.0947427365820797e-04
   3.0000000000000000e+00   7.0000000000000000e+00  -1.0430285110916347e-04
   3.0000000000000000e+00   8.0000000000000000e+00  -9.4141232886838956e-05
   1.3000000000000000e+01   1.0000000000000000e+00  -9.3780907980058395e-05
   1.1000000000000000e+01   0.0000000000000000e+00   9.0766883698941244e-05
   1.2000000000000000e+01   1.0000000000000000e+00   8.8628456489841267e-05
   1.0000000000000000e+01   5.0000000000000000e+00  -7.9803288370138378e-05
   1.0000000000000000e+01   3.0000000000000000e+00   7.6709297021676284e-05
   1.0000000000000000e+01   2.0000000000000000e+00   7.2390237200900025e-05
   3.0000000000000000e+00   5.0000000000000000e+00   7.2335641438339799e-05
   1.2000000000000000e+01   2.0000000000000000e+00  -7.2196688971196715e-05
   8.0000000000000000e+00   5.0000000000000000e+00   7.0403097184591575e-05
   5.0000000000000000e+00   2.0000000000000000e+00   6.9957518940502828e-05
   8.0000000000000000e+00   4.0000000000000000e+00   6.9901880465993862e-05
   0.0000000000000000e+00   6.0000000000000000e+00   6.6759682939361125e-05
   0.0000000000000000e+00   1.0000000000000000e+01   6.5507648707256445e-05
   1.1000000000000000e+01   4.0000000000000000e+00  -6.1790989990519971e-05
   1.4000000000000000e+01   1.0000000000000000e+00  -5.9479225522555645e-05
   8.0000000000000000e+00   9.0000000000000000e+00   5.4014542628542639e-05
   1.0000000000000000e+00   7.0000000000000000e+00   5.3057741839390410e-05
   6.0000000000000000e+00   6.0000000000000000e+00   5.3010612428527598e-05
   5.0000000000000000e+00   6.0000000000000000e+00  -5.2446874932515048e-05
   1.4000000000000000e+01   5.0000000000000000e+00   5.1040242237889265e-05
   9.0000000000000000e+00   3.0000000000000000e+00   5.0734841850131719e-05
   3.0000000000000000e+00   9.0000000000000000e+00  -5.0485952244466285e-05
   7.0000000000000000e+00   1.7000000000000000e+01  -4.9422856451708553e-05
   1.8000000000000000e+01   5.0000000000000000e+00  -4.7111861946670319e-05
   4.0000000000000000e+00   9.0000000000000000e+00   4.5951898414811039e-05
   1.0000000000000000e+00   1.0000000000000000e+01  -4.4994206207368234e-05
   9.0000000000000000e+00   4.0000000000000000e+00   4.4935163913750421e-05
   1.9000000000000000e+01   0.0000000000000000e+00   4.3847804318979179e-05
   2.0000000000000000e+00   1.2000000000000000e+01  -4.3644392730343774e-05
   7.0000000000000000e+00   7.0000000000000000e+00  -4.3131145796227932e-05
   1.4000000000000000e+01   7.0000000000000000e+00   4.2803944099664742e-05
   1.1000000000000000e+01   2.0000000000000000e+00   4.2427728067252726e-05
   2.0000000000000000e+00   9.0000000000000000e+00  -4.1356822890986948e-05
   0.0000000000000000e+00   1.1000000000000000e+01  -4.1237932694005510e-05
   1.0000000000000000e+01   7.0000000000000000e+00  -4.0471922531023855e-05
   2.1000000000000000e+01   0.0000000000000000e+00  -4.0398902850661287e-05
   1.7000000000000000e+01   4.0000000000000000e+00   3.8990968317241200e-05
   2.0000000000000000e+00   8.0000000000000000e+00   3.8470312509494827e-05
   9.0000000000000000e+00   6.0000000000000000e+00   3.8468314261842831e-05
   6.0000000000000000e+00   1.4000000000000000e+01  -3.7475730526465861e-05
   7.0000000000000000e+00   1.5000000000000000e+01  -3.6428200354336106e-05
   7.0000000000000000e+00   5.0000000000000000e+00   3.6267052989559697e-05
   9.0000000000000000e+00   8.0000000000000000e+00   3.5680328418346491e-05
   8.0000000000000000e+00   7.0000000000000000e+00   3.5631657250973256e-05
   5.0000000000000000e+00   9.0000000000000000e+00  -3.5155547326259040e-05
   1.5000000000000000e+01   0.0000000000000000e+00   3.5062266814029520e-05
   6.0000000000000000e+00   1.6000000000000000e+01  -3.4970969052881341e-05
   5.0000000000000000e+00   7.0000000000000000e+00  -3.4918510863636225e-05
   1.1000000000000000e+01   6.0000000000000000e+00   3.4480093206908847e-05
   1.0000000000000000e+01   4.0000000000000000e+00  -3.4173425563723664e-05
   2.0000000000000000e+00   1.0000000000000000e+01  -3.4037217883612986e-05
   7.0000000000000000e+00   6.0000000000000000e+00   3.3895289052002670e-05
   1.3000000000000000e+01   4.0000000000000000e+00  -3.3699775001232864e-05
   1.0000000000000000e+01   9.0000000000000000e+00  -3.3622849502449434e-05
   8.0000000000000000e+00   8.0000000000000000e+00   3.2939070625657812e-05
   8.0000000000000000e+00   1.4000000000000000e+01  -3.2812081738263412e-05
   1.1000000000000000e+01   3.0000000000000000e+00  -3.1878470005990970e-05
   2.0000000000000000e+00   1.3000000000000000e+01  -3.1670389936602308e-05
   5.0000000000000000e+00   1.5000000000000000e+01  -3.1437780959035163e-05
   1.8000000000000000e+01   7.0000000000000000e+00  -3.1415696321872568e-05
   6.0000000000000000e+00   1.2000000000000000e+01  -3.0945744287174240e-05
   4.0000000000000000e+00   1.1000000000000000e+01   3.0866319974420819e-05
   5.0000000000000000e+00   1.7000000000000000e+01  -3.0826539911399191e-05
   1.9000000000000000e+01   1.0000000000000000e+00   3.0736851657289164e-05
   1.3000000000000000e+01   6.0000000000000000e+00  -3.0703570415519480e-05
   6.0000000000000000e+00   1.8000000000000000e+01  -3.0658531266827016e-05
   1.5000000000000000e+01   1.0000000000000000e+00   2.9983117311472857e-05
   0.0000000000000000e+00   1.3000000000000000e+01   2.9720604996521498e-05
   0.0000000000000000e+00   1.4000000000000000e+01   2.9711289920938044e-05
   2.0000000000000000e+00   1.1000000000000000e+01   2.9655993438965554e-05
   8.0000000000000000e+00   1.6000000000000000e+01  -2.8991434615926839e-05
   1.9000000000000000e+01   6.0000000000000000e+00   2.8532684794786608e-05
   1.4000000000000000e+01   2.0000000000000000e+00   2.8137693593393235e-05
   4.0000000000000000e+00   1.3000000000000000e+01   2.7995871257893219e-05
   1.7000000000000000e+01   0.0000000000000000e+00   2.7221376463112988e-05
   1.2000000000000000e+01   9.0000000000000000e+00  -2.7153008032181558e-05
   2.0000000000000000e+00   1.5000000000000000e+01  -2.6844865400493690e-05
   1.6000000000000000e+01   1.0000000000000000e+00   2.6123742656918730e-05
   1.6000000000000000e+01   3.0000000000000000e+00  -2.5732465648617504e-05
   3.0000000000000000e+00   1.2000000000000000e+01  -2.5606867881006626e-05
   4.0000000000000000e+00   8.0000000000000000e+00   2.5572643728632311e-05
   1.2000000000000000e+01   5.0000000000000000e+00   2.5024126829463161e-05
   0.0000000000000000e+00   1.2000000000000000e+01   2.4252044374543978e-05
   1.1000000000000000e+01   5.0000000000000000e+00   2.3517510210817607e-05
   1.5000000000000000e+01   6.0000000000000000e+00  -2.3417637203053742e-05
   4.0000000000000000e+00   1.2000000000000000e+01  -2.3331616175684194e-05
   2.0000000000000000e+01   2.0000000000000000e+00  -2.3271295964387595e-05
   1.2000000000000000e+01   3.0000000000000000e+00  -2.3217340881831844e-05
   9.0000000000000000e+00   9.0000000000000000e+00  -2.3082334783817131e-05
   5.0000000000000000e+00   1.3000000000000000e+01  -2.2981110917982914e-05
   1.2000000000000000e+01   7.0000000000000000e+00  -2.2798164683464644e-05
   9.0000000000000000e+00   7.0000000000000000e+00  -2.2548521518538822e-05
   6.0000000000000000e+00   9.0000000000000000e+00  -2.2539819453661532e-05
   1.0000000000000000e+00   1.1000000000000000e+01  -2.2109420812801432e-05
   5.0000000000000000e+00   1.1000000000000000e+01  -2.1418989212870309e-05
   2.2000000000000000e+01   0.0000000000000000e+00  -2.1154364863288407e-05
   4.0000000000000000e+00   1.8000000000000000e+01  -2.0698946796490483e-05
   1.3000000000000000e+01   3.0000000000000000e+00   2.0370510758342799e-05
   9.0000000000000000e+00   5.0000000000000000e+00  -2.0025426816641345e-05
   1.3000000000000000e+01   2.0000000000000000e+00   1.9665774232709237e-05
   8.0000000000000000e+00   1.2000000000000000e+01  -1.9630307360340186e-05
   1.0000000000000000e+00   1.7000000000000000e+01   1.9191297837777861e-05
   2.1000000000000000e+01   4.0000000000000000e+00  -1.8974120530865479e-05
   1.8000000000000000e+01   0.0000000000000000e+00  -1.8956357896324406e-05
   2.0000000000000000e+00   1.4000000000000000e+01  -1.8878659471838162e-05
   1.8000000000000000e+01   2.0000000000000000e+00   1.8863956738530423e-05
   9.0000000000000000e+00   1.5000000000000000e+01  -1.8601744457555040e-05
   1.5000000000000000e+01   3.0000000000000000e+00  -1.8465786425996719e-05
   1.1000000000000000e+01   1.2000000000000000e+01  -1.8204681864885386e-05
   3.0000000000000000e+00   1.7000000000000000e+01  -1.7679544654316773e-05
   2.0000000000000000e+00   1.9000000000000000e+01   1.6950516347789604e-05
   8.0000000000000000e+00   1.1000000000000000e+01   1.6938410221118528e-05
   5.0000000000000000e+00   1.9000000000000000e+01  -1.6676543085740774e-05
   9.0000000000000000e+00   1.1000000000000000e+01  -1.6581289143509445e-05
   4.0000000000000000e+00   1.4000000000000000e+01  -1.6502994623562611e-05
   2.0000000000000000e+01   5.0000000000000000e+00  -1.6357144679881698e-05
   5.0000000000000000e+00   8.0000000000000000e+00   1.6225089074354756e-05
   1.5000000000000000e+01   8.0000000000000000e+00  -1.5988802124109826e-05
   1.0000000000000000e+00   9.0000000000000000e+00  -1.5979771156412172e-05
   1.1000000000000000e+01   8.0000000000000000e+00   1.5879703300020623e-05
   9.0000000000000000e+00   1.2000000000000000e+01  -1.5853400814232613e-05
   9.0000000000000000e+00   1.3000000000000000e+01  -1.5836780822601270e-05
   4.0000000000000000e+00   2.0000000000000000e+01  -1.5809319014674714e-05
   1.9000000000000000e+01   4.0000000000000000e+00   1.5806285620485746e-05
   7.0000000000000000e+00   1.0000000000000000e+01   1.5699874911626390e-05
   1.7000000000000000e+01   7.0000000000000000e+00   1.5650485432967773e-05
   2.1000000000000000e+01   1.0000000000000000e+00  -1.5621391083907607e-05
   1.8000000000000000e+01   6.0000000000000000e+00  -1.5200690153142699e-05
   1.1000000000000000e+01   1.4000000000000000e+01  -1.4846224942166578e-05
   4.0000000000000000e+00   1.6000000000000000e+01  -1.4771371161177540e-05
   1.3000000000000000e+01   5.0000000000000000e+00   1.4743081759562016e-05
   1.0000000000000000e+00   2.1000000000000000e+01  -1.4489060552456156e-05
   1.5000000000000000e+01   7.0000000000000000e+00   1.4364094230845662e-05
   1.6000000000000000e+01   8.0000000000000000e+00  -1.4362868347391913e-05
   1.6000000000000000e+01   6.0000000000000000e+00  -1.4003340077572553e-05
   7.0000000000000000e+00   1.8000000000000000e+01  -1.3987124308740844e-05
   1.6000000000000000e+01   4.0000000000000000e+00   1.3758517008030540e-05
   1.0000000000000000e+01   8.0000000000000000e+00   1.3755790223801691e-05
   1.2000000000000000e+01   4.0000000000000000e+00  -1.3636203519591155e-05
   0.0000000000000000e+00   1.5000000000000000e+01   1.3523933308216295e-05
   8.0000000000000000e+00   1.5000000000000000e+01  -1.3493269594488968e-05
   1.0000000000000000e+00   1.4000000000000000e+01  -1.3311468023991885e-05
   7.0000000000000000e+00   1.1000000000000000e+01   1.3177672453645213e-05
   3.0000000000000000e+00   2.0000000000000000e+01  -1.2995282587729140e-05
   8.0000000000000000e+00   1.7000000000000000e+01  -1.2991256195086724e-05
   1.1000000000000000e+01   1.3000000000000000e+01   1.2947918491247631e-05
   6.0000000000000000e+00   7.0000000000000000e+00   1.2865764888334798e-05
   9.0000000000000000e+00   1.0000000000000000e+01  -1.2393437014800176e-05
   5.0000000000000000e+00   2.0000000000000000e+01  -1.2387365674040663e-05
   2.4000000000000000e+01   0.0000000000000000e+00   1.2294666948880468e-05
   0.0000000000000000e+00   2.0000000000000000e+01  -1.2226750831912702e-05
   1.0000000000000000e+00   1.5000000000000000e+01   1.2170161212971897e-05
   1.3000000000000000e+01   7.0000000000000000e+00   1.2022432718551379e-05
   3.0000000000000000e+00   1.9000000000000000e+01  -1.1938734776782001e-05
   1.4000000000000000e+01   9.0000000000000000e+00   1.1816206413919074e-05
   0.0000000000000000e+00   2.1000000000000000e+01  -1.1703687237884853e-05
   0.0000000000000000e+00   1.7000000000000000e+01   1.1585300816420479e-05
   5.0000000000000000e+00   1.2000000000000000e+01   1.1570445786826448e-05
   1.6000000000000000e+01   7.0000000000000000e+00   1.1467948955643351e-05
   1.5000000000000000e+01   5.0000000000000000e+00   1.1467409812539549e-05
   2.0000000000000000e+01   0.0000000000000000e+00   1.1444222747969173e-05
   4.0000000000000000e+00   6.0000000000000000e+00   1.1368454812106134e-05
   1.4000000000000000e+01   3.0000000000000000e+00   1.1305782367354427e-05
   1.7000000000000000e+01   6.0000000000000000e+00   1.1257257114205775e-05
   1.3000000000000000e+01   1.1000000000000000e+01   1.0891209952645126e-05
   1.3000000000000000e+01   1.0000000000000000e+01   1.0807435198082121e-05
   1.8000000000000000e+01   1.0000000000000000e+00   1.0760909595569586e-05
   1.5000000000000000e+01   1.0000000000000000e+01   1.0665155379369585e-05
   2.0000000000000000e+00   2.1000000000000000e+01   1.0648729480330846e-05
   1.4000000000000000e+01   4.0000000000000000e+00  -1.0246345091168943e-05
   1.7000000000000000e+01   3.0000000000000000e+00   1.0243127179598943e-05
   4.0000000000000000e+00   1.7000000000000000e+01  -1.0182168155991439e-05
   2.0000000000000000e+01   3.0000000000000000e+00   1.0106683436802573e-05
   1.2000000000000000e+01   1.1000000000000000e+01  -1.0082510163893894e-05
   2.0000000000000000e+00   2.3000000000000000e+01  -1.0018518763718109e-05
   4.0000000000000000e+00   1.9000000000000000e+01  -9.9138239463168446e-06
   0.0000000000000000e+00   2.2000000000000000e+01  -9.7425229908560726e-06
   8.0000000000000000e+00   1.0000000000000000e+01   9.5981172010319879e-06
   3.0000000000000000e+00   1.1000000000000000e+01  -9.5874124166409702e-06
   1.2000000000000000e+01   6.0000000000000000e+00  -9.5501808866383723e-06
   5.0000000000000000e+00   1.4000000000000000e+01   9.3402239331608078e-06
   1.5000000000000000e+01   2.0000000000000000e+00   9.2774951240553581e-06
   1.0000000000000000e+00   2.4000000000000000e+01  -8.9615684027330107e-06
   1.0000000000000000e+01   1.5000000000000000e+01  -8.8697413054434804e-06
   0.0000000000000000e+00   2.5000000000000000e+01   8.8421369355654422e-06
   3.0000000000000000e+00   1.6000000000000000e+01   8.8075573392196048e-06
   0.0000000000000000e+00   1.6000000000000000e+01   8.7631305006367156e-06
   2.2000000000000000e+01   3.0000000000000000e+00   8.6942583929700778e-06
   1.0000000000000000e+00   1.2000000000000000e+01   8.5694307725153898e-06
   2.0000000000000000e+00   1.6000000000000000e+01   8.4579517376080069e-06
   2.0000000000000000e+01   4.0000000000000000e+00  -8.3942693226713047e-06
   2.1000000000000000e+01   3.0000000000000000e+00   8.3358415155293776e-06
   1.5000000000000000e+01   4.0000000000000000e+00   8.3144041576675908e-06
   1.1000000000000000e+01   7.0000000000000000e+00  -8.2646999378235777e-06
   2.5000000000000000e+01   0.0000000000000000e+00   8.1630882750364213e-06
   1.0000000000000000e+01   1.3000000000000000e+01   8.1039971222905706e-06
   5.0000000000000000e+00   1.8000000000000000e+01  -7.8857939232566942e-06
   1.1000000000000000e+01   9.0000000000000000e+00  -7.8564480129525664e-06
   1.4000000000000000e+01   6.0000000000000000e+00  -7.7620513695697964e-06
   1.3000000000000000e+01   9.0000000000000000e+00   7.7017496635735308e-06
   7.0000000000000000e+00   1.2000000000000000e+01   7.5363727342414408e-06
   1.7000000000000000e+01   1.0000000000000000e+00  -7.5236517987617201e-06
   1.9000000000000000e+01   5.0000000000000000e+00   7.5202436746965188e-06
   4.0000000000000000e+00   2.1000000000000000e+01  -7.3243222773068747e-06
   1.3000000000000000e+01   8.0000000000000000e+00  -7.2818422776013445e-06
   1.0000000000000000e+00   2.0000000000000000e+01   7.2555274303426731e-06
   9.0000000000000000e+00   1.4000000000000000e+01  -7.0440637206991687e-06
   2.2000000000000000e+01   1.0000000000000000e+00  -6.9310797555123253e-06
   6.0000000000000000e+00   1.0000000000000000e+01  -6.8929796399657779e-06
   7.0000000000000000e+00   8.0000000000000000e+00  -6.8525133991652850e-06
   1.0000000000000000e+01   1.2000000000000000e+01  -6.8245302683921540e-06
   1.6000000000000000e+01   9.0000000000000000e+00   6.8057535034112494e-06
   1.9000000000000000e+01   2.0000000000000000e+00  -6.7703094613015426e-06
   0.0000000000000000e+00   2.4000000000000000e+01   6.7610432018534777e-06
   3.0000000000000000e+00   1.5000000000000000e+01  -6.6419262942481703e-06
   4.0000000000000000e+00   1.0000000000000000e+01   6.3507900417648157e-06
   0.0000000000000000e+00   2.3000000000000000e+01  -6.2612085520862635e-06
   6.0000000000000000e+00   1.9000000000000000e+01  -6.2363711759992840e-06
   1.3000000000000000e+01   1.2000000000000000e+01   6.0785420054389445e-06
   1.0000000000000000e+01   1.4000000000000000e+01  -5.9257592748895730e-06
   1.0000000000000000e+00   1.8000000000000000e+01   5.8810076050450050e-06
   2.0000000000000000e+00   1.7000000000000000e+01  -5.8777700397007971e-06
   7.0000000000000000e+00   1.4000000000000000e+01   5.8700280702708160e-06
   7.0000000000000000e+00   1.3000000000000000e+01  -5.5312206851911745e-06
   1.0000000000000000e+00   1.3000000000000000e+01  -5.3480496720955564e-06
   3.0000000000000000e+00   1.4000000000000000e+01   5.3333112297260980e-06
   6.0000000000000000e+00   1.3000000000000000e+01  -5.0569279981331561e-06
   1.8000000000000000e+01   3.0000000000000000e+00  -5.0551729297495452e-06
   1.1000000000000000e+01   1.1000000000000000e+01   5.0112909807179998e-06
   7.0000000000000000e+00   1.6000000000000000e+01  -4.9954519953702706e-06
   1.0000000000000000e+00   2.3000000000000000e+01  -4.7035734487136511e-06
   7.0000000000000000e+00   9.0000000000000000e+00   4.6715246420073458e-06
   2.2000000000000000e+01   2.0000000000000000e+00  -4.3770032566916411e-06
   2.0000000000000000e+00   2.0000000000000000e+01  -4.3002312775849836e-06
   1.5000000000000000e+01   9.0000000000000000e+00   4.2891748093857836e-06
   1.0000000000000000e+01   6.0000000000000000e+00   4.1724676133667843e-06
   1.9000000000000000e+01   3.0000000000000000e+00   4.1577454180063394e-06
   6.0000000000000000e+00   1.1000000000000000e+01  -3.9212153874805276e-06
   1.8000000000000000e+01   4.0000000000000000e+00  -3.8809748706609969e-06
   2.3000000000000000e+01   1.0000000000000000e+00  -3.8211029667833154e-06
   3.0000000000000000e+00   1.8000000000000000e+01  -3.8026727929546659e-06
   6.0000000000000000e+00   8.0000000000000000e+00   3.7281180272159170e-06
   1.4000000000000000e+01   1.1000000000000000e+01  -3.6505078560030402e-06
   5.0000000000000000e+00   1.6000000000000000e+01   3.5209061800276662e-06
   2.0000000000000000e+00   1.8000000000000000e+01   3.4856728677118061e-06
   1.7000000000000000e+01   2.0000000000000000e+00  -3.3962742938513738e-06
   1.2000000000000000e+01   8.0000000000000000e+00   3.2216608805652301e-06
   1.7000000000000000e+01   8.0000000000000000e+00   3.2026948825557435e-06
   2.3000000000000000e+01   0.0000000000000000e+00  -3.1109974408271319e-06
   8.0000000000000000e+00   6.0000000000000000e+00   3.0906501111475691e-06
   3.0000000000000000e+00   1.3000000000000000e+01  -2.9956401191892857e-06
   1.2000000000000000e+01   1.3000000000000000e+01   2.9322022125407171e-06
   3.0000000000000000e+00   2.1000000000000000e+01   2.4407003931952710e-06
   6.0000000000000000e+00   1.5000000000000000e+01   2.3700566562514264e-06
   6.0000000000000000e+00   1.7000000000000000e+01   2.3431493478797763e-06
   1.2000000000000000e+01   1.2000000000000000e+01   2.2638889342197690e-06
   2.4000000000000000e+01   1.0000000000000000e+00  -2.2452711340731972e-06
   0.0000000000000000e+00   1.9000000000000000e+01  -2.2278598699855003e-06
   5.0000000000000000e+00   1.0000000000000000e+01  -2.1326141999454595e-06
   1.4000000000000000e+01   8.0000000000000000e+00  -2.0876784933548612e-06
   1.2000000000000000e+01   1.0000000000000000e+01  -2.0338664473703983e-06
   1.6000000000000000e+01   2.0000000000000000e+00  -2.0191929689145334e-06
   1.4000000000000000e+01   1.0000000000000000e+01  -2.0022651140720581e-06
   3.0000000000000000e+00   2.2000000000000000e+01  -1.7636326039052181e-06
   1.0000000000000000e+00   2.2000000000000000e+01  -1.7406709805922906e-06
   1.0000000000000000e+01   1.0000000000000000e+01   1.7078686148150562e-06
   1.1000000000000000e+01   1.0000000000000000e+01  -1.5246621407457006e-06
   1.0000000000000000e+01   1.1000000000000000e+01   1.4726240301788203e-06
   2.0000000000000000e+00   2.2000000000000000e+01  -1.4609367801280136e-06
   9.0000000000000000e+00   1.6000000000000000e+01  -1.4460650742604484e-06
   0.0000000000000000e+00   8.0000000000000000e+00  -1.4087062127439427e-06
   4.0000000000000000e+00   1.5000000000000000e+01   1.3506067742305031e-06
   3.0000000000000000e+00   1.0000000000000000e+01  -1.0927611681000279e-06
   1.0000000000000000e+00   1.9000000000000000e+01  -1.0804931431973492e-06
   1.6000000000000000e+01   5.0000000000000000e+00   9.0467140957589234e-07
   2.0000000000000000e+01   1.0000000000000000e+00  -8.9281720450499087e-07
   8.0000000000000000e+00   1.3000000000000000e+01  -7.6086593551781113e-07
   0.0000000000000000e+00   1.8000000000000000e+01   6.5248499957258369e-07
   1.7000000000000000e+01   5.0000000000000000e+00  -4.7151123624122249e-07
   2.3000000000000000e+01   2.0000000000000000e+00  -3.8782789184914881e-07
   2.1000000000000000e+01   2.0000000000000000e+00  -1.2531357432339469e-07
   1.0000000000000000e+00   1.6000000000000000e+01  -1.1760451496635489e-07
