   0.0000000000000000e+00   0.0000000000000000e+00   1.4166745508334987e-02
   0.0000000000000000e+00   1.0000000000000000e+00   5.0324378279434957e-03
   0.0000000000000000e+00   2.0000000000000000e+00   1.1625746429292387e-03
   0.0000000000000000e+00   3.0000000000000000e+00   2.4242364191507740e-04
   0.0000000000000000e+00   4.0000000000000000e+00   9.9557441944522044e-05
   0.0000000000000000e+00   5.0000000000000000e+00  -7.7376226768418780e-05
   0.0000000000000000e+00   6.0000000000000000e+00   6.8506320627473733e-05
   0.0000000000000000e+00   7.0000000000000000e+00  -2.0040325304440836e-05
   0.0000000000000000e+00   8.0000000000000000e+00   7.2980778368523480e-05
   0.0000000000000000e+00   9.0000000000000000e+00   4.3465573848614553e-05
   0.0000000000000000e+00   1.0000000000000000e+01   9.8970735654304993e-05
   0.0000000000000000e+00   1.1000000000000000e+01   8.1196514170421747e-05
   0.0000000000000000e+00   1.2000000000000000e+01   1.3123715964901669e-04
   0.0000000000000000e+00   1.3000000000000000e+01   8.4783369339842108e-05
   0.0000000000000000e+00   1.4000000000000000e+01   1.4938016713308513e-04
   0.0000000000000000e+00   1.5000000000000000e+01   6.3751195744792439e-05
   0.0000000000000000e+00   1.6000000000000000e+01   1.4830235395790769e-04
   0.0000000000000000e+00   1.7000000000000000e+01   3.5935524312022951e-05
   0.0000000000000000e+00   1.8000000000000000e+01   1.3211561237785776e-04
   0.0000000000000000e+00   1.9000000000000000e+01   1.4673751506066993e-05
   0.0000000000000000e+00   2.0000000000000000e+01   1.0607186428084207e-04
   0.0000000000000000e+00   2.1000000000000000e+01   4.3396865987139014e-06
   0.0000000000000000e+00   2.2000000000000000e+01   7.4710794879187964e-05
   0.0000000000000000e+00   2.3000000000000000e+01   2.8449178677827654e-06
   0.0000000000000000e+00   2.4000000000000000e+01   4.2777441493920768e-05
   0.0000000000000000e+00   2.5000000000000000e+01   5.9464718348694876e-06
   1.0000000000000000e+00   0.0000000000000000e+00   1.0199173116267599e-03
   1.0000000000000000e+00   1.0000000000000000e+00  -6.8951370799001066e-05
   1.0000000000000000e+00   2.0000000000000000e+00  -1.8410985070013068e-04
   1.0000000000000000e+00   3.0000000000000000e+00  -1.3369749028406384e-04
   1.0000000000000000e+00   4.0000000000000000e+00  -3.5220620746040315e-05
   1.0000000000000000e+00   5.0000000000000000e+00  -1.7145296443872416e-05
   1.0000000000000000e+00   6.0000000000000000e+00  -1.4359611316936351e-05
   1.0000000000000000e+00   7.0000000000000000e+00  -2.1507633017325762e-05
   1.0000000000000000e+00   8.0000000000000000e+00  -3.1948851774251954e-05
   1.0000000000000000e+00   9.0000000000000000e+00  -4.9691420926896761e-05
   1.0000000000000000e+00   1.0000000000000000e+01  -3.7804782914594171e-05
   1.0000000000000000e+00   1.1000000000000000e+01  -6.1839232970046468e-05
   1.0000000000000000e+00   1.2000000000000000e+01  -3.0385194323841687e-05
   1.0000000000000000e+00   1.3000000000000000e+01  -5.8829256849655743e-05
   1.0000000000000000e+00   1.4000000000000000e+01  -1.6131361697560417e-05
   1.0000000000000000e+00   1.5000000000000000e+01  -4.8894722039316503e-05
   1.0000000000000000e+00   1.6000000000000000e+01   5.2930752634268639e-07
   1.0000000000000000e+00   1.7000000000000000e+01  -3.7553929248585704e-05
   1.0000000000000000e+00   1.8000000000000000e+01   1.4995958818358475e-05
   1.0000000000000000e+00   1.9000000000000000e+01  -2.7520699537111194e-05
   1.0000000000000000e+00   2.0000000000000000e+01   2.2198213719856946e-05
   1.0000000000000000e+00   2.1000000000000000e+01  -1.9500847236991524e-05
   1.0000000000000000e+00   2.2000000000000000e+01   1.9168894308845433e-05
   1.0000000000000000e+00   2.3000000000000000e+01  -1.2437164358122533e-05
   1.0000000000000000e+00   2.4000000000000000e+01   7.1363129048657795e-06
   2.0000000000000000e+00   0.0000000000000000e+00   2.0913281497299293e-03
   2.0000000000000000e+00   1.0000000000000000e+00   4.0861762299163181e-04
   2.0000000000000000e+00   2.0000000000000000e+00  -5.8274911553399018e-05
   2.0000000000000000e+00   3.0000000000000000e+00  -3.4718628365388180e-05
   2.0000000000000000e+00   4.0000000000000000e+00  -4.6855469846141734e-05
   2.0000000000000000e+00   5.0000000000000000e+00   4.1324086368165969e-05
   2.0000000000000000e+00   6.0000000000000000e+00  -2.2435062611760097e-05
   2.0000000000000000e+00   7.0000000000000000e+00   4.3226041500961294e-05
   2.0000000000000000e+00   8.0000000000000000e+00  -3.3106034265215220e-06
   2.0000000000000000e+00   9.0000000000000000e+00   4.9179322344005435e-05
   2.0000000000000000e+00   1.0000000000000000e+01   1.8023522188296171e-05
   2.0000000000000000e+00   1.1000000000000000e+01   5.8807796590127230e-05
   2.0000000000000000e+00   1.2000000000000000e+01   3.6206784555994063e-05
   2.0000000000000000e+00   1.3000000000000000e+01   5.6142141252502850e-05
   2.0000000000000000e+00   1.4000000000000000e+01   4.6979971927561631e-05
   2.0000000000000000e+00   1.5000000000000000e+01   4.2607223911857785e-05
   2.0000000000000000e+00   1.6000000000000000e+01   4.8126358566924992e-05
   2.0000000000000000e+00   1.7000000000000000e+01   2.8420722335261218e-05
   2.0000000000000000e+00   1.8000000000000000e+01   3.9161973671007922e-05
   2.0000000000000000e+00   1.9000000000000000e+01   2.0239510838419119e-05
   2.0000000000000000e+00   2.0000000000000000e+01   2.1852498870193460e-05
   2.0000000000000000e+00   2.1000000000000000e+01   1.8225373682908072e-05
   2.0000000000000000e+00   2.2000000000000000e+01   1.3628749044433463e-06
   2.0000000000000000e+00   2.3000000000000000e+01   1.9498971598137670e-05
   3.0000000000000000e+00   0.0000000000000000e+00  -2.7714641182691709e-03
   3.0000000000000000e+00   1.0000000000000000e+00  -9.7584310295791563e-04
   3.0000000000000000e+00   2.0000000000000000e+00   1.6722187694375874e-05
   3.0000000000000000e+00   3.0000000000000000e+00   5.3806702436660751e-05
   3.0000000000000000e+00   4.0000000000000000e+00   9.9585722904470554e-05
   3.0000000000000000e+00   5.0000000000000000e+00   1.0082881291237776e-04
   3.0000000000000000e+00   6.0000000000000000e+00   8.0936238428994361e-05
   3.0000000000000000e+00   7.0000000000000000e+00   7.4784369781656705e-05
   3.0000000000000000e+00   8.0000000000000000e+00   6.6093148076549292e-05
   3.0000000000000000e+00   9.0000000000000000e+00   4.9580925065439719e-05
   3.0000000000000000e+00   1.0000000000000000e+01   4.0354450433007957e-05
   3.0000000000000000e+00   1.1000000000000000e+01   2.7867720255430834e-05
   3.0000000000000000e+00   1.2000000000000000e+01   1.1493890337536673e-05
   3.0000000000000000e+00   1.3000000000000000e+01   9.8846571945776908e-06
   3.0000000000000000e+00   1.4000000000000000e+01  -1.1932169170489927e-05
   3.0000000000000000e+00   1.5000000000000000e+01  -1.6976925833347804e-06
   3.0000000000000000e+00   1.6000000000000000e+01  -2.6137538289051561e-05
   3.0000000000000000e+00   1.7000000000000000e+01  -5.4705861827011957e-06
   3.0000000000000000e+00   1.8000000000000000e+01  -3.1677883128539747e-05
   3.0000000000000000e+00   1.9000000000000000e+01  -3.9946122071365923e-06
   3.0000000000000000e+00   2.0000000000000000e+01  -3.2273736492368801e-05
   3.0000000000000000e+00   2.1000000000000000e+01  -1.2900052535227403e-06
   3.0000000000000000e+00   2.2000000000000000e+01  -3.1524173665526219e-05
   4.0000000000000000e+00   0.0000000000000000e+00   8.5058358930248672e-04
   4.0000000000000000e+00   1.0000000000000000e+00   4.1570096213610128e-04
   4.0000000000000000e+00   2.0000000000000000e+00   9.8159953549302730e-05
   4.0000000000000000e+00   3.0000000000000000e+00   5.4384599226187245e-05
   4.0000000000000000e+00   4.0000000000000000e+00   3.6779687518434004e-05
   4.0000000000000000e+00   5.0000000000000000e+00   5.5910271248193311e-05
   4.0000000000000000e+00   6.0000000000000000e+00   5.6470992572865608e-05
   4.0000000000000000e+00   7.0000000000000000e+00   5.4008570045569683e-05
   4.0000000000000000e+00   8.0000000000000000e+00   6.5089322901803196e-05
   4.0000000000000000e+00   9.0000000000000000e+00   5.5693118183940096e-05
   4.0000000000000000e+00   1.0000000000000000e+01   5.1921629398470198e-05
   4.0000000000000000e+00   1.1000000000000000e+01   4.9151856666925546e-05
   4.0000000000000000e+00   1.2000000000000000e+01   2.4870523454833204e-05
   4.0000000000000000e+00   1.3000000000000000e+01   2.9275604282320326e-05
   4.0000000000000000e+00   1.4000000000000000e+01  -1.4267198340544860e-06
   4.0000000000000000e+00   1.5000000000000000e+01   8.2113931916266352e-06
   4.0000000000000000e+00   1.6000000000000000e+01  -1.6411120531262199e-05
   4.0000000000000000e+00   1.7000000000000000e+01  -1.5265001645481981e-06
   4.0000000000000000e+00   1.8000000000000000e+01  -1.9725135219790299e-05
   4.0000000000000000e+00   1.9000000000000000e+01  -3.9162123145609386e-07
   4.0000000000000000e+00   2.0000000000000000e+01  -1.7912844920555088e-05
   4.0000000000000000e+00   2.1000000000000000e+01   1.6442561922300541e-06
   5.0000000000000000e+00   0.0000000000000000e+00  -5.5363120364597614e-05
   5.0000000000000000e+00   1.0000000000000000e+00  -1.1195935838294264e-04
   5.0000000000000000e+00   2.0000000000000000e+00   9.0338268233950081e-05
   5.0000000000000000e+00   3.0000000000000000e+00   1.2955684851684344e-05
   5.0000000000000000e+00   4.0000000000000000e+00   3.4619231509074750e-05
   5.0000000000000000e+00   5.0000000000000000e+00   6.4020432062312333e-05
   5.0000000000000000e+00   6.0000000000000000e+00   1.3875246483373471e-05
   5.0000000000000000e+00   7.0000000000000000e+00   1.0050389057750323e-04
   5.0000000000000000e+00   8.0000000000000000e+00   1.2701816177038757e-05
   5.0000000000000000e+00   9.0000000000000000e+00   8.7367213287753797e-05
   5.0000000000000000e+00   1.0000000000000000e+01   1.7585798057690535e-05
   5.0000000000000000e+00   1.1000000000000000e+01   4.4684864658649911e-05
   5.0000000000000000e+00   1.2000000000000000e+01   1.9902042466547111e-05
   5.0000000000000000e+00   1.3000000000000000e+01   4.8860720421101894e-06
   5.0000000000000000e+00   1.4000000000000000e+01   1.7203008502884680e-05
   5.0000000000000000e+00   1.5000000000000000e+01  -1.1539820191834303e-05
   5.0000000000000000e+00   1.6000000000000000e+01   1.4612908288773687e-05
   5.0000000000000000e+00   1.7000000000000000e+01  -4.9838853676914701e-06
   5.0000000000000000e+00   1.8000000000000000e+01   1.6175245858076001e-05
   5.0000000000000000e+00   1.9000000000000000e+01   6.5106398832944370e-06
   5.0000000000000000e+00   2.0000000000000000e+01   1.8432875444401087e-05
   6.0000000000000000e+00   0.0000000000000000e+00  -6.3822199267145834e-05
   6.0000000000000000e+00   1.0000000000000000e+00  -5.2414568472119438e-05
   6.0000000000000000e+00   2.0000000000000000e+00   2.5393170563953131e-05
   6.0000000000000000e+00   3.0000000000000000e+00   9.7993778511866123e-06
   6.0000000000000000e+00   4.0000000000000000e+00   1.0716341598505085e-04
   6.0000000000000000e+00   5.0000000000000000e+00   4.4797779370860700e-05
   6.0000000000000000e+00   6.0000000000000000e+00   1.4007780529928449e-04
   6.0000000000000000e+00   7.0000000000000000e+00   5.6561841918218372e-05
   6.0000000000000000e+00   8.0000000000000000e+00   1.2612935489460852e-04
   6.0000000000000000e+00   9.0000000000000000e+00   6.2410763136330584e-05
   6.0000000000000000e+00   1.0000000000000000e+01   8.2943112946883693e-05
   6.0000000000000000e+00   1.1000000000000000e+01   4.4309746225585954e-05
   6.0000000000000000e+00   1.2000000000000000e+01   2.9689954169198432e-05
   6.0000000000000000e+00   1.3000000000000000e+01   4.4427359509130990e-06
   6.0000000000000000e+00   1.4000000000000000e+01  -7.9314745237165249e-06
   6.0000000000000000e+00   1.5000000000000000e+01  -2.7032863095178137e-05
   6.0000000000000000e+00   1.6000000000000000e+01  -1.3640378761611293e-05
   6.0000000000000000e+00   1.7000000000000000e+01  -2.8871713322020936e-05
   6.0000000000000000e+00   1.8000000000000000e+01  -5.3916713287352978e-07
   6.0000000000000000e+00   1.9000000000000000e+01  -1.5009683105022483e-05
   7.0000000000000000e+00   0.0000000000000000e+00   2.6815010249776102e-04
   7.0000000000000000e+00   1.0000000000000000e+00  -4.5512340458925240e-06
   7.0000000000000000e+00   2.0000000000000000e+00   6.7834592401666216e-05
   7.0000000000000000e+00   3.0000000000000000e+00   4.9119151141290186e-05
   7.0000000000000000e+00   4.0000000000000000e+00   3.6966375792941381e-06
   7.0000000000000000e+00   5.0000000000000000e+00   7.6277970374506200e-05
   7.0000000000000000e+00   6.0000000000000000e+00   1.1030543737752500e-05
   7.0000000000000000e+00   7.0000000000000000e+00   9.1096031252589516e-05
   7.0000000000000000e+00   8.0000000000000000e+00   2.3813746635568734e-05
   7.0000000000000000e+00   9.0000000000000000e+00   6.4497733220387701e-05
   7.0000000000000000e+00   1.0000000000000000e+01   1.8804481428837762e-05
   7.0000000000000000e+00   1.1000000000000000e+01   1.2291362454474667e-05
   7.0000000000000000e+00   1.2000000000000000e+01  -3.7338587082520563e-06
   7.0000000000000000e+00   1.3000000000000000e+01  -2.4968871556291590e-05
   7.0000000000000000e+00   1.4000000000000000e+01  -2.4178783071426487e-05
   7.0000000000000000e+00   1.5000000000000000e+01  -2.2888623889050602e-05
   7.0000000000000000e+00   1.6000000000000000e+01  -2.2386055690225870e-05
   7.0000000000000000e+00   1.7000000000000000e+01  -1.2195329164290723e-06
   7.0000000000000000e+00   1.8000000000000000e+01  -5.6450034204594665e-06
   8.0000000000000000e+00   0.0000000000000000e+00   2.3009156860710279e-05
   8.0000000000000000e+00   1.0000000000000000e+00   3.2418814300675758e-05
   8.0000000000000000e+00   2.0000000000000000e+00   7.3558110706071673e-05
   8.0000000000000000e+00   3.0000000000000000e+00   6.2023802925594785e-05
   8.0000000000000000e+00   4.0000000000000000e+00   9.7207764810029564e-05
   8.0000000000000000e+00   5.0000000000000000e+00   4.3261748835332858e-05
   8.0000000000000000e+00   6.0000000000000000e+00   1.0177805026669354e-04
   8.0000000000000000e+00   7.0000000000000000e+00   2.6106974760770646e-05
   8.0000000000000000e+00   8.0000000000000000e+00   6.8126317566798953e-05
   8.0000000000000000e+00   9.0000000000000000e+00   2.0613046480909153e-05
   8.0000000000000000e+00   1.0000000000000000e+01   1.4403115600933236e-05
   8.0000000000000000e+00   1.1000000000000000e+01   3.3908175207248775e-06
   8.0000000000000000e+00   1.2000000000000000e+01  -2.8992755556723004e-05
   8.0000000000000000e+00   1.3000000000000000e+01  -1.7435086571646419e-05
   8.0000000000000000e+00   1.4000000000000000e+01  -3.2011662157009185e-05
   8.0000000000000000e+00   1.5000000000000000e+01  -1.2074408271398432e-05
   8.0000000000000000e+00   1.6000000000000000e+01  -4.9529291287293575e-06
   8.0000000000000000e+00   1.7000000000000000e+01   1.3483639207427121e-05
   9.0000000000000000e+00   0.0000000000000000e+00   4.1191721165773806e-05
   9.0000000000000000e+00   1.0000000000000000e+00  -4.6235041803864021e-05
   9.0000000000000000e+00   2.0000000000000000e+00   2.3408755850798672e-05
   9.0000000000000000e+00   3.0000000000000000e+00   3.5258413852570330e-05
   9.0000000000000000e+00   4.0000000000000000e+00  -9.8981845349201128e-06
   9.0000000000000000e+00   5.0000000000000000e+00   4.2176571200917075e-05
   9.0000000000000000e+00   6.0000000000000000e+00   1.1647227429747825e-05
   9.0000000000000000e+00   7.0000000000000000e+00   3.8584465505052144e-05
   9.0000000000000000e+00   8.0000000000000000e+00   3.0375329064754744e-05
   9.0000000000000000e+00   9.0000000000000000e+00   1.0105659945722179e-05
   9.0000000000000000e+00   1.0000000000000000e+01   2.3130422814745466e-05
   9.0000000000000000e+00   1.1000000000000000e+01  -2.0794473679201841e-05
   9.0000000000000000e+00   1.2000000000000000e+01   1.4814098297735589e-06
   9.0000000000000000e+00   1.3000000000000000e+01  -1.7674369996487669e-05
   9.0000000000000000e+00   1.4000000000000000e+01  -6.1079803740445920e-06
   9.0000000000000000e+00   1.5000000000000000e+01   1.0258753052712374e-05
   9.0000000000000000e+00   1.6000000000000000e+01   6.4647440933466252e-06
   1.0000000000000000e+01   0.0000000000000000e+00   1.7655439807451339e-05
   1.0000000000000000e+01   1.0000000000000000e+00   5.9917892179394215e-05
   1.0000000000000000e+01   2.0000000000000000e+00   3.4212018214555661e-05
   1.0000000000000000e+01   3.0000000000000000e+00   4.6349293772380323e-05
   1.0000000000000000e+01   4.0000000000000000e+00   2.7946054889491305e-05
   1.0000000000000000e+01   5.0000000000000000e+00   1.3055977505533114e-05
   1.0000000000000000e+01   6.0000000000000000e+00   1.6593236127881752e-05
   1.0000000000000000e+01   7.0000000000000000e+00  -1.2646815759839930e-05
   1.0000000000000000e+01   8.0000000000000000e+00  -2.0925844398379699e-05
   1.0000000000000000e+01   9.0000000000000000e+00  -2.0968288375723420e-05
   1.0000000000000000e+01   1.0000000000000000e+01  -4.7030422904606600e-05
   1.0000000000000000e+01   1.1000000000000000e+01  -2.7575167699298800e-05
   1.0000000000000000e+01   1.2000000000000000e+01  -3.6223693090315760e-05
   1.0000000000000000e+01   1.3000000000000000e+01  -2.1658432373231445e-05
   1.0000000000000000e+01   1.4000000000000000e+01   1.4211702962314974e-06
   1.0000000000000000e+01   1.5000000000000000e+01   3.2406280864693367e-06
   1.1000000000000000e+01   0.0000000000000000e+00   7.8318807012083954e-05
   1.1000000000000000e+01   1.0000000000000000e+00  -1.3996508997861176e-07
   1.1000000000000000e+01   2.0000000000000000e+00   3.8697758547107233e-05
   1.1000000000000000e+01   3.0000000000000000e+00   2.9267834959152307e-05
   1.1000000000000000e+01   4.0000000000000000e+00   5.1403147487549667e-06
   1.1000000000000000e+01   5.0000000000000000e+00   1.8260598703026352e-05
   1.1000000000000000e+01   6.0000000000000000e+00  -3.4814712896680477e-06
   1.1000000000000000e+01   7.0000000000000000e+00  -8.3326008308109099e-06
   1.1000000000000000e+01   8.0000000000000000e+00  -1.1612570889745059e-05
   1.1000000000000000e+01   9.0000000000000000e+00  -3.5427042454054152e-05
   1.1000000000000000e+01   1.0000000000000000e+01  -2.0158979411666873e-05
   1.1000000000000000e+01   1.1000000000000000e+01  -3.0984005687794819e-05
   1.1000000000000000e+01   1.2000000000000000e+01  -1.7181973188722022e-05
   1.1000000000000000e+01   1.3000000000000000e+01   1.6510705191949271e-06
   1.1000000000000000e+01   1.4000000000000000e+01   9.8533356854856111e-07
   1.2000000000000000e+01   0.0000000000000000e+00  -1.6133596663172374e-05
   1.2000000000000000e+01   1.0000000000000000e+00   5.4294554641163210e-05
   1.2000000000000000e+01   2.0000000000000000e+00  -4.5426136418899836e-06
   1.2000000000000000e+01   3.0000000000000000e+00   1.0892439015328761e-05
   1.2000000000000000e+01   4.0000000000000000e+00  -1.3440929610788294e-05
   1.2000000000000000e+01   5.0000000000000000e+00  -1.9959588364721465e-05
   1.2000000000000000e+01   6.0000000000000000e+00  -2.7903699270973876e-05
   1.2000000000000000e+01   7.0000000000000000e+00  -2.4134679058761170e-05
   1.2000000000000000e+01   8.0000000000000000e+00  -4.5249750375445902e-05
   1.2000000000000000e+01   9.0000000000000000e+00  -1.0273249076800026e-05
   1.2000000000000000e+01   1.0000000000000000e+01  -2.3646566188876843e-05
   1.2000000000000000e+01   1.1000000000000000e+01   1.5277188012499333e-06
   1.2000000000000000e+01   1.2000000000000000e+01   1.7690047709470159e-05
   1.2000000000000000e+01   1.3000000000000000e+01   1.5698220978383576e-05
   1.3000000000000000e+01   0.0000000000000000e+00   6.9478123181658288e-05
   1.3000000000000000e+01   1.0000000000000000e+00  -2.8806215142299998e-06
   1.3000000000000000e+01   2.0000000000000000e+00   3.7041451298660572e-05
   1.3000000000000000e+01   3.0000000000000000e+00   2.9142592228915592e-06
   1.3000000000000000e+01   4.0000000000000000e+00   1.8926634101854261e-05
   1.3000000000000000e+01   5.0000000000000000e+00  -1.9887835875608398e-06
   1.3000000000000000e+01   6.0000000000000000e+00  -3.9937486261441163e-06
   1.3000000000000000e+01   7.0000000000000000e+00  -2.4359656642042940e-05
   1.3000000000000000e+01   8.0000000000000000e+00  -1.5911365655214143e-05
   1.3000000000000000e+01   9.0000000000000000e+00  -2.3195295004827245e-05
   1.3000000000000000e+01   1.0000000000000000e+01  -1.1002322394883897e-05
   1.3000000000000000e+01   1.1000000000000000e+01   1.1084593905589775e-05
   1.3000000000000000e+01   1.2000000000000000e+01   3.3766585331342010e-06
   1.4000000000000000e+01   0.0000000000000000e+00  -2.8555983343461556e-05
   1.4000000000000000e+01   1.0000000000000000e+00   5.3698782948900442e-05
   1.4000000000000000e+01   2.0000000000000000e+00  -2.7070286042221261e-05
   1.4000000000000000e+01   3.0000000000000000e+00  -3.0591826912037003e-06
   1.4000000000000000e+01   4.0000000000000000e+00  -7.5300782223781554e-06
   1.4000000000000000e+01   5.0000000000000000e+00  -1.4098075637623561e-05
   1.4000000000000000e+01   6.0000000000000000e+00  -2.3694495994011626e-06
   1.4000000000000000e+01   7.0000000000000000e+00   2.9883906355386004e-06
   1.4000000000000000e+01   8.0000000000000000e+00   1.7190762945969960e-06
   1.4000000000000000e+01   9.0000000000000000e+00   1.6867957399402622e-05
   1.4000000000000000e+01   1.0000000000000000e+01   3.0531828926940736e-05
   1.4000000000000000e+01   1.1000000000000000e+01   1.6168652970716358e-05
   1.5000000000000000e+01   0.0000000000000000e+00   4.8212366427839065e-05
   1.5000000000000000e+01   1.0000000000000000e+00  -2.3316729060789270e-05
   1.5000000000000000e+01   2.0000000000000000e+00   1.1735861962695592e-05
   1.5000000000000000e+01   3.0000000000000000e+00  -2.1250742847317389e-05
   1.5000000000000000e+01   4.0000000000000000e+00  -1.6334719740729324e-06
   1.5000000000000000e+01   5.0000000000000000e+00  -3.4527146232928267e-06
   1.5000000000000000e+01   6.0000000000000000e+00  -9.5678777945749914e-06
   1.5000000000000000e+01   7.0000000000000000e+00  -5.1692929279675548e-06
   1.5000000000000000e+01   8.0000000000000000e+00   4.9080770450045004e-06
   1.5000000000000000e+01   9.0000000000000000e+00   1.4304980525418811e-05
   1.5000000000000000e+01   1.0000000000000000e+01   1.6922049120420623e-05
   1.6000000000000000e+01   0.0000000000000000e+00  -2.0061716563092763e-05
   1.6000000000000000e+01   1.0000000000000000e+00   3.2791187109009369e-05
   1.6000000000000000e+01   2.0000000000000000e+00  -2.9406039502388329e-05
   1.6000000000000000e+01   3.0000000000000000e+00  -1.0458757283774902e-06
   1.6000000000000000e+01   4.0000000000000000e+00   9.4228265213587131e-06
   1.6000000000000000e+01   5.0000000000000000e+00   5.9097170241154458e-06
   1.6000000000000000e+01   6.0000000000000000e+00   2.0059376604948306e-05
   1.6000000000000000e+01   7.0000000000000000e+00   1.3545433686085755e-05
   1.6000000000000000e+01   8.0000000000000000e+00   1.2397700058420523e-05
   1.6000000000000000e+01   9.0000000000000000e+00   3.4188244141087193e-06
   1.7000000000000000e+01   0.0000000000000000e+00   3.5536441581713502e-06
   1.7000000000000000e+01   1.0000000000000000e+00  -3.0952971316001119e-05
   1.7000000000000000e+01   2.0000000000000000e+00   6.9316396015049797e-07
   1.7000000000000000e+01   3.0000000000000000e+00  -2.2294258890896649e-05
   1.7000000000000000e+01   4.0000000000000000e+00  -2.0961348490495482e-05
   1.7000000000000000e+01   5.0000000000000000e+00   1.2064991065260498e-05
   1.7000000000000000e+01   6.0000000000000000e+00  -5.7757520974552862e-06
   1.7000000000000000e+01   7.0000000000000000e+00   1.0699803750363623e-05
   1.7000000000000000e+01   8.0000000000000000e+00   1.4198659946002501e-05
   1.8000000000000000e+01   0.0000000000000000e+00  -4.6924781682124858e-06
   1.8000000000000000e+01   1.0000000000000000e+00   4.5416904047066360e-06
   1.8000000000000000e+01   2.0000000000000000e+00  -1.7870578344787571e-05
   1.8000000000000000e+01   3.0000000000000000e+00  -4.0223108439399813e-06
   1.8000000000000000e+01   4.0000000000000000e+00   7.0238930720315419e-06
   1.8000000000000000e+01   5.0000000000000000e+00  -2.6271856867361711e-06
   1.8000000000000000e+01   6.0000000000000000e+00   4.8685164770035614e-06
   1.8000000000000000e+01   7.0000000000000000e+00  -2.9703448817743785e-06
   1.9000000000000000e+01   0.0000000000000000e+00  -2.8726351856398769e-05
   1.9000000000000000e+01   1.0000000000000000e+00  -1.5014918866767793e-05
   1.9000000000000000e+01   2.0000000000000000e+00   9.3509408065526023e-06
   1.9000000000000000e+01   3.0000000000000000e+00  -1.9160642904452895e-06
   1.9000000000000000e+01   4.0000000000000000e+00  -9.4690357983355249e-06
   1.9000000000000000e+01   5.0000000000000000e+00   1.8287425323041600e-05
   1.9000000000000000e+01   6.0000000000000000e+00   9.9495806550477907e-06
   2.0000000000000000e+01   0.0000000000000000e+00   4.8250360277825296e-06
   2.0000000000000000e+01   1.0000000000000000e+00  -1.6735176460968672e-05
   2.0000000000000000e+01   2.0000000000000000e+00  -9.1416231886687233e-07
   2.0000000000000000e+01   3.0000000000000000e+00  -2.0862273152215124e-06
   2.0000000000000000e+01   4.0000000000000000e+00  -1.1800713535579221e-06
   2.0000000000000000e+01   5.0000000000000000e+00  -1.2319532418253940e-05
   2.1000000000000000e+01   0.0000000000000000e+00  -1.4410632588811182e-05
   2.1000000000000000e+01   1.0000000000000000e+00   1.2927474679493620e-05
   2.1000000000000000e+01   2.0000000000000000e+00   5.1977847053932981e-06
   2.1000000000000000e+01   3.0000000000000000e+00   1.1892025929499530e-05
   2.1000000000000000e+01   4.0000000000000000e+00   6.0152150766635619e-06
   2.2000000000000000e+01   0.0000000000000000e+00   6.9710733628369886e-06
   2.2000000000000000e+01   1.0000000000000000e+00  -1.4654412596079976e-05
   2.2000000000000000e+01   2.0000000000000000e+00   1.2404091156493856e-05
   2.2000000000000000e+01   3.0000000000000000e+00   8.8687866189146576e-06
   2.3000000000000000e+01   0.0000000000000000e+00   1.2486467580329109e-05
   2.3000000000000000e+01   1.0000000000000000e+00   1.8145666958973872e-05
   2.3000000000000000e+01   2.0000000000000000e+00  -1.3616170198017138e-05
   2.4000000000000000e+01   0.0000000000000000e+00   2.6573575278156872e-06
   2.4000000000000000e+01   1.0000000000000000e+00   4.4696670628707540e-06
   2.5000000000000000e+01   0.0000000000000000e+00   1.0277131287011166e-05
