   2.0000000000000000e+00   0.0000000000000000e+00   6.5490407227100648e-06
   0.0000000000000000e+00   0.0000000000000000e+00   5.5846993367648083e-06
   4.0000000000000000e+00   1.0000000000000000e+00   3.5574256432801502e-06
   4.0000000000000000e+00   0.0000000000000000e+00   3.4906659505529099e-06
   1.5000000000000000e+01   1.0000000000000000e+00   3.3519212422251001e-06
   2.3000000000000000e+01   1.0000000000000000e+00  -3.2535095895967277e-06
   1.3000000000000000e+01   1.0000000000000000e+00  -3.2172652782216094e-06
   2.1000000000000000e+01   1.0000000000000000e+00   3.1419769939418727e-06
   2.3000000000000000e+01   0.0000000000000000e+00  -3.0217491851244904e-06
   1.5000000000000000e+01   0.0000000000000000e+00   3.0056248124650697e-06
   8.0000000000000000e+00   0.0000000000000000e+00  -2.9528511269237988e-06
   8.0000000000000000e+00   1.0000000000000000e+00  -2.9388932507986845e-06
   2.0000000000000000e+00   2.0000000000000000e+00   2.7562198871002919e-06
   9.0000000000000000e+00   1.0000000000000000e+00   2.7113489853467371e-06
   2.1000000000000000e+01   0.0000000000000000e+00   2.6036953075291506e-06
   9.0000000000000000e+00   0.0000000000000000e+00   2.4970598802845928e-06
   0.0000000000000000e+00   2.0000000000000000e+00   2.3613901501961995e-06
   1.0000000000000000e+01   0.0000000000000000e+00   2.3332128716557324e-06
   1.0000000000000000e+01   1.0000000000000000e+00   2.3236215754618643e-06
   2.0000000000000000e+00   1.0000000000000000e+00   2.2615499307396685e-06
   1.3000000000000000e+01   0.0000000000000000e+00  -2.2096145836434774e-06
   1.6000000000000000e+01   1.0000000000000000e+00   1.9908102255113836e-06
   2.5000000000000000e+01   0.0000000000000000e+00   1.9630488925921713e-06
   7.0000000000000000e+00   1.0000000000000000e+00  -1.9393706452425895e-06
   1.6000000000000000e+01   0.0000000000000000e+00   1.9159939002784835e-06
   5.0000000000000000e+00   0.0000000000000000e+00  -1.7190284515479633e-06
   1.8000000000000000e+01   1.0000000000000000e+00  -1.6462174311524202e-06
   1.7000000000000000e+01   0.0000000000000000e+00  -1.6303840341549429e-06
   1.4000000000000000e+01   0.0000000000000000e+00  -1.6163746492862119e-06
   3.0000000000000000e+00   1.0000000000000000e+00   1.5932254827632857e-06
   1.9000000000000000e+01   1.0000000000000000e+00  -1.4619921540914148e-06
   1.4000000000000000e+01   1.0000000000000000e+00  -1.3685371637090000e-06
   1.7000000000000000e+01   1.0000000000000000e+00  -1.3037548104561098e-06
   1.3000000000000000e+01   4.0000000000000000e+00   1.2024183250188181e-06
   4.0000000000000000e+00   4.0000000000000000e+00  -1.1986417995917416e-06
   2.1000000000000000e+01   4.0000000000000000e+00  -1.1957579458380229e-06
   1.5000000000000000e+01   4.0000000000000000e+00  -1.1738254410955739e-06
   1.8000000000000000e+01   0.0000000000000000e+00  -1.1448416869354897e-06
   2.1000000000000000e+01   3.0000000000000000e+00  -1.1417476463049427e-06
   9.0000000000000000e+00   4.0000000000000000e+00  -1.1189986665961901e-06
   5.0000000000000000e+00   1.0000000000000000e+00  -1.0711151764089373e-06
   7.0000000000000000e+00   4.0000000000000000e+00   1.0658567340789763e-06
   1.3000000000000000e+01   3.0000000000000000e+00   1.0107315922303245e-06
   3.0000000000000000e+00   4.0000000000000000e+00  -1.0086363261271975e-06
   1.3000000000000000e+01   2.0000000000000000e+00  -9.9561486245249131e-07
   1.5000000000000000e+01   2.0000000000000000e+00   9.8545653557662712e-07
   2.4000000000000000e+01   0.0000000000000000e+00  -9.7069633526862551e-07
   2.0000000000000000e+01   1.0000000000000000e+00   9.6856598440024169e-07
   2.1000000000000000e+01   2.0000000000000000e+00   9.4378509225493489e-07
   2.3000000000000000e+01   2.0000000000000000e+00  -9.3071641947140030e-07
   4.0000000000000000e+00   2.0000000000000000e+00   8.8215387506575937e-07
   0.0000000000000000e+00   4.0000000000000000e+00   8.7334848098366811e-07
   8.0000000000000000e+00   4.0000000000000000e+00   8.7171891399013858e-07
   1.9000000000000000e+01   0.0000000000000000e+00  -8.4170553351939794e-07
   2.4000000000000000e+01   1.0000000000000000e+00  -8.2115678020538674e-07
   1.5000000000000000e+01   3.0000000000000000e+00  -7.9652542344328751e-07
   7.0000000000000000e+00   3.0000000000000000e+00   7.9144775091287012e-07
   1.9000000000000000e+01   3.0000000000000000e+00   7.7893179553689289e-07
   1.0000000000000000e+01   4.0000000000000000e+00  -7.4289292058832712e-07
   6.0000000000000000e+00   0.0000000000000000e+00  -7.1720168011939559e-07
   3.0000000000000000e+00   0.0000000000000000e+00  -6.9945942461779663e-07
   9.0000000000000000e+00   3.0000000000000000e+00  -6.8079709927817268e-07
   8.0000000000000000e+00   3.0000000000000000e+00   6.5865498909313956e-07
   1.3000000000000000e+01   6.0000000000000000e+00  -6.5642251475343487e-07
   1.0000000000000000e+01   2.0000000000000000e+00   6.4875745641316073e-07
   4.0000000000000000e+00   3.0000000000000000e+00  -6.4129249025019318e-07
   1.9000000000000000e+01   4.0000000000000000e+00   6.3572531107546399e-07
   1.6000000000000000e+01   2.0000000000000000e+00   6.3159726225298718e-07
   2.0000000000000000e+00   6.0000000000000000e+00   6.1925956017386875e-07
   1.0000000000000000e+00   3.0000000000000000e+00  -5.9397256264416670e-07
   1.1000000000000000e+01   0.0000000000000000e+00  -5.9363347104353537e-07
   1.6000000000000000e+01   4.0000000000000000e+00  -5.7885232995455611e-07
   1.8000000000000000e+01   4.0000000000000000e+00   5.7577981492147274e-07
   3.0000000000000000e+00   3.0000000000000000e+00  -5.6772283393494810e-07
   9.0000000000000000e+00   2.0000000000000000e+00   5.6743070400159322e-07
   1.8000000000000000e+01   2.0000000000000000e+00  -5.4762628909976558e-07
   6.0000000000000000e+00   2.0000000000000000e+00  -5.4069651052529522e-07
   1.0000000000000000e+01   3.0000000000000000e+00  -5.3233734695693465e-07
   0.0000000000000000e+00   6.0000000000000000e+00   5.3049249508774481e-07
   7.0000000000000000e+00   0.0000000000000000e+00  -5.2927315700722931e-07
   1.5000000000000000e+01   6.0000000000000000e+00   5.2618435936269395e-07
   4.0000000000000000e+00   6.0000000000000000e+00   5.1674188732794074e-07
   2.0000000000000000e+00   3.0000000000000000e+00  -5.0978330309927689e-07
   8.0000000000000000e+00   2.0000000000000000e+00  -4.8655390962170939e-07
   0.0000000000000000e+00   1.0000000000000000e+00   4.8370506105891544e-07
   2.2000000000000000e+01   0.0000000000000000e+00   4.6474588675846817e-07
   1.9000000000000000e+01   2.0000000000000000e+00  -4.6138748686871621e-07
   1.9000000000000000e+01   6.0000000000000000e+00  -4.5759425048139463e-07
   8.0000000000000000e+00   6.0000000000000000e+00  -4.4582802986162490e-07
   1.0000000000000000e+00   0.0000000000000000e+00   4.3967783229233251e-07
   7.0000000000000000e+00   2.0000000000000000e+00  -4.2724867936576184e-07
   1.0000000000000000e+01   6.0000000000000000e+00   4.0815301615021790e-07
   1.8000000000000000e+01   6.0000000000000000e+00  -4.0078936126397214e-07
   2.0000000000000000e+01   4.0000000000000000e+00  -3.9643540183841324e-07
   7.0000000000000000e+00   6.0000000000000000e+00  -3.9141879854168951e-07
   1.6000000000000000e+01   6.0000000000000000e+00   3.8832711615692567e-07
   1.8000000000000000e+01   3.0000000000000000e+00   3.8292047888237490e-07
   0.0000000000000000e+00   5.0000000000000000e+00   3.8253905093892637e-07
   1.4000000000000000e+01   2.0000000000000000e+00  -3.7305794290133843e-07
   1.0000000000000000e+00   2.0000000000000000e+00   3.5485681174240931e-07
   1.7000000000000000e+01   2.0000000000000000e+00  -3.5209455863783078e-07
   1.7000000000000000e+01   4.0000000000000000e+00   3.4638105291280210e-07
   2.0000000000000000e+00   7.0000000000000000e+00   3.4303084159974528e-07
   1.4000000000000000e+01   4.0000000000000000e+00   3.3731163944878522e-07
   1.6000000000000000e+01   3.0000000000000000e+00  -3.3720930830407103e-07
   1.1000000000000000e+01   3.0000000000000000e+00  -3.2123958250880560e-07
   2.0000000000000000e+01   3.0000000000000000e+00  -3.2014114150109078e-07
   9.0000000000000000e+00   6.0000000000000000e+00   3.1147722438011993e-07
   1.1000000000000000e+01   1.0000000000000000e+00   2.9944741408552623e-07
   1.3000000000000000e+01   7.0000000000000000e+00  -2.9418444138253466e-07
   1.0000000000000000e+00   1.0000000000000000e+00   2.9358647376260180e-07
   2.0000000000000000e+01   0.0000000000000000e+00   2.9018164514559438e-07
   1.0000000000000000e+00   4.0000000000000000e+00  -2.8809083981163068e-07
   0.0000000000000000e+00   7.0000000000000000e+00   2.8327272086749037e-07
   6.0000000000000000e+00   1.0000000000000000e+00  -2.7555151140345834e-07
   2.0000000000000000e+01   2.0000000000000000e+00   2.7535033402049993e-07
   4.0000000000000000e+00   9.0000000000000000e+00  -2.7244830480712591e-07
   1.1000000000000000e+01   6.0000000000000000e+00   2.6358084158251204e-07
   1.5000000000000000e+01   7.0000000000000000e+00   2.5877309062188674e-07
   1.5000000000000000e+01   9.0000000000000000e+00  -2.5438252795736570e-07
   1.3000000000000000e+01   9.0000000000000000e+00   2.5047768304364016e-07
   1.2000000000000000e+01   1.0000000000000000e+00  -2.4608790379362187e-07
   1.3000000000000000e+01   8.0000000000000000e+00   2.4464538321452093e-07
   4.0000000000000000e+00   8.0000000000000000e+00  -2.3998932058766578e-07
   4.0000000000000000e+00   7.0000000000000000e+00   2.3661138294001640e-07
   3.0000000000000000e+00   2.0000000000000000e+00  -2.3197787075626256e-07
   1.4000000000000000e+01   6.0000000000000000e+00  -2.3021077081103257e-07
   1.1000000000000000e+01   2.0000000000000000e+00   2.2357068557721273e-07
   3.0000000000000000e+00   6.0000000000000000e+00   2.1784404098779332e-07
   1.0000000000000000e+00   6.0000000000000000e+00   2.1684409638646522e-07
   1.5000000000000000e+01   8.0000000000000000e+00  -2.1625162275796161e-07
   3.0000000000000000e+00   8.0000000000000000e+00  -2.1343637309713208e-07
   1.0000000000000000e+00   5.0000000000000000e+00  -2.1011815527270335e-07
   5.0000000000000000e+00   4.0000000000000000e+00   2.0542522323600672e-07
   7.0000000000000000e+00   9.0000000000000000e+00   2.0387562563868569e-07
   9.0000000000000000e+00   9.0000000000000000e+00  -2.0267743164534107e-07
   9.0000000000000000e+00   5.0000000000000000e+00  -1.8949773915987916e-07
   1.8000000000000000e+01   7.0000000000000000e+00  -1.8574395372215161e-07
   1.0000000000000000e+01   9.0000000000000000e+00  -1.8475124407532629e-07
   8.0000000000000000e+00   8.0000000000000000e+00   1.8063126831849505e-07
   7.0000000000000000e+00   7.0000000000000000e+00  -1.8004602846965914e-07
   9.0000000000000000e+00   7.0000000000000000e+00   1.7558489261661598e-07
   0.0000000000000000e+00   8.0000000000000000e+00   1.7146132041233172e-07
   1.2000000000000000e+01   5.0000000000000000e+00  -1.6976648386582918e-07
   1.0000000000000000e+01   8.0000000000000000e+00  -1.6910771574038505e-07
   3.0000000000000000e+00   9.0000000000000000e+00  -1.6756896186687919e-07
   1.1000000000000000e+01   4.0000000000000000e+00  -1.6518883097543415e-07
   1.2000000000000000e+01   4.0000000000000000e+00   1.6227348808020344e-07
   1.5000000000000000e+01   5.0000000000000000e+00  -1.6187321837744620e-07
   7.0000000000000000e+00   8.0000000000000000e+00   1.6132803022649704e-07
   1.0000000000000000e+01   7.0000000000000000e+00   1.6029957611140108e-07
   1.4000000000000000e+01   3.0000000000000000e+00   1.6004469947607608e-07
   1.6000000000000000e+01   7.0000000000000000e+00   1.5919120886608317e-07
   1.2000000000000000e+01   2.0000000000000000e+00  -1.5825035233222407e-07
   8.0000000000000000e+00   7.0000000000000000e+00  -1.5736925693979366e-07
   1.2000000000000000e+01   3.0000000000000000e+00   1.5485646850861337e-07
   2.0000000000000000e+00   4.0000000000000000e+00  -1.5146043463449115e-07
   1.4000000000000000e+01   5.0000000000000000e+00   1.4957265742234353e-07
   1.3000000000000000e+01   1.1000000000000000e+01  -1.4634517231081344e-07
   5.0000000000000000e+00   2.0000000000000000e+00  -1.4580374487958934e-07
   8.0000000000000000e+00   9.0000000000000000e+00   1.4388032037299695e-07
   7.0000000000000000e+00   1.1000000000000000e+01  -1.4284700451945693e-07
   7.0000000000000000e+00   5.0000000000000000e+00   1.4256110341984954e-07
   3.0000000000000000e+00   5.0000000000000000e+00  -1.4195381859455353e-07
   2.2000000000000000e+01   3.0000000000000000e+00   1.3915194941377986e-07
   1.6000000000000000e+01   8.0000000000000000e+00  -1.3898145788462867e-07
   9.0000000000000000e+00   8.0000000000000000e+00  -1.3410841613789167e-07
   2.0000000000000000e+00   9.0000000000000000e+00  -1.3331130008856084e-07
   1.0000000000000000e+01   1.1000000000000000e+01   1.2701184072489162e-07
   4.0000000000000000e+00   1.1000000000000000e+01   1.2416373518887111e-07
   2.0000000000000000e+00   5.0000000000000000e+00   1.2269116411499053e-07
   9.0000000000000000e+00   1.1000000000000000e+01   1.2097300247673184e-07
   0.0000000000000000e+00   1.0000000000000000e+01   1.2019083255982842e-07
   8.0000000000000000e+00   1.1000000000000000e+01  -1.1454279537917923e-07
   1.7000000000000000e+01   5.0000000000000000e+00   1.1214256685837472e-07
   6.0000000000000000e+00   5.0000000000000000e+00  -1.1041051467523555e-07
   1.0000000000000000e+00   7.0000000000000000e+00   1.0455616803354625e-07
   1.3000000000000000e+01   5.0000000000000000e+00   1.0303292439117093e-07
   3.0000000000000000e+00   1.1000000000000000e+01   1.0026247059671437e-07
   1.6000000000000000e+01   9.0000000000000000e+00  -9.6152832788799207e-08
   2.2000000000000000e+01   2.0000000000000000e+00   9.6033937130131890e-08
   1.4000000000000000e+01   8.0000000000000000e+00   9.4107924562833171e-08
   2.0000000000000000e+00   1.1000000000000000e+01   9.3646461566857710e-08
   2.0000000000000000e+00   8.0000000000000000e+00  -9.3340988546589115e-08
   1.2000000000000000e+01   9.0000000000000000e+00   9.2792083542066144e-08
   1.1000000000000000e+01   7.0000000000000000e+00   8.9675598891188536e-08
   1.1000000000000000e+01   8.0000000000000000e+00  -8.9288366948616486e-08
   0.0000000000000000e+00   9.0000000000000000e+00   8.8338127388762319e-08
   6.0000000000000000e+00   4.0000000000000000e+00   8.6734361452531204e-08
   1.0000000000000000e+01   5.0000000000000000e+00   8.5239095906065254e-08
   1.4000000000000000e+01   7.0000000000000000e+00  -8.4370983724916974e-08
   6.0000000000000000e+00   9.0000000000000000e+00   7.9824207375071798e-08
   1.2000000000000000e+01   6.0000000000000000e+00  -7.8318973361868631e-08
   8.0000000000000000e+00   1.0000000000000000e+01  -7.3071171067382428e-08
   1.6000000000000000e+01   5.0000000000000000e+00  -7.2410924910635713e-08
   1.0000000000000000e+00   8.0000000000000000e+00  -7.1403805686135693e-08
   1.0000000000000000e+01   1.0000000000000000e+01   7.0804106238920536e-08
   6.0000000000000000e+00   6.0000000000000000e+00  -6.9542897637865519e-08
   0.0000000000000000e+00   1.2000000000000000e+01   6.8723764175557708e-08
   4.0000000000000000e+00   1.3000000000000000e+01  -6.7583598902753609e-08
   2.2000000000000000e+01   1.0000000000000000e+00  -6.6931013447507927e-08
   6.0000000000000000e+00   7.0000000000000000e+00  -6.3638894713598065e-08
   8.0000000000000000e+00   5.0000000000000000e+00   6.3432981207015031e-08
   7.0000000000000000e+00   1.3000000000000000e+01   6.1708647755798251e-08
   0.0000000000000000e+00   1.1000000000000000e+01   6.1258936679597032e-08
   1.0000000000000000e+00   9.0000000000000000e+00  -6.0855478256510268e-08
   3.0000000000000000e+00   7.0000000000000000e+00   5.9852505416539600e-08
   1.1000000000000000e+01   1.3000000000000000e+01  -5.6781690522944919e-08
   2.0000000000000000e+00   1.3000000000000000e+01  -5.6263385050499250e-08
   3.0000000000000000e+00   1.3000000000000000e+01  -5.4895620011548184e-08
   1.7000000000000000e+01   8.0000000000000000e+00   5.3931828101770301e-08
   5.0000000000000000e+00   3.0000000000000000e+00   5.3806432930885316e-08
   9.0000000000000000e+00   1.2000000000000000e+01   5.0153413279248302e-08
   1.0000000000000000e+00   1.1000000000000000e+01   5.0009865420660096e-08
   1.1000000000000000e+01   5.0000000000000000e+00   4.9093259410312012e-08
   1.1000000000000000e+01   9.0000000000000000e+00  -4.9074169215418164e-08
   1.2000000000000000e+01   1.1000000000000000e+01  -4.7407149511773819e-08
   5.0000000000000000e+00   8.0000000000000000e+00   4.6426589907302320e-08
   1.0000000000000000e+01   1.3000000000000000e+01  -4.4422190836384036e-08
   2.0000000000000000e+00   1.0000000000000000e+01   4.3827191658967582e-08
   6.0000000000000000e+00   3.0000000000000000e+00  -4.3691126042154419e-08
   1.4000000000000000e+01   1.1000000000000000e+01  -4.1796622655262602e-08
   4.0000000000000000e+00   1.5000000000000000e+01   4.1047719448497690e-08
   7.0000000000000000e+00   1.0000000000000000e+01  -4.0923044313430264e-08
   5.0000000000000000e+00   6.0000000000000000e+00  -4.0798215031310247e-08
   8.0000000000000000e+00   1.3000000000000000e+01   4.0786584156787400e-08
   9.0000000000000000e+00   1.0000000000000000e+01   4.0150415185730015e-08
   1.0000000000000000e+01   1.2000000000000000e+01   3.9254082072299300e-08
   1.2000000000000000e+01   7.0000000000000000e+00  -3.8430136046161771e-08
   8.0000000000000000e+00   1.2000000000000000e+01  -3.8239077707654910e-08
   0.0000000000000000e+00   3.0000000000000000e+00  -3.8005950991067889e-08
   5.0000000000000000e+00   5.0000000000000000e+00   3.7868664092584445e-08
   5.0000000000000000e+00   9.0000000000000000e+00   3.6954366489433132e-08
   1.7000000000000000e+01   6.0000000000000000e+00  -3.6795098371915006e-08
   2.0000000000000000e+00   1.6000000000000000e+01   3.6422045190585680e-08
   2.0000000000000000e+00   1.5000000000000000e+01   3.6193190239073970e-08
   1.7000000000000000e+01   7.0000000000000000e+00  -3.5971432341322114e-08
   1.1000000000000000e+01   1.1000000000000000e+01   3.5384020311598898e-08
   4.0000000000000000e+00   1.4000000000000000e+01  -3.5275906368083522e-08
   0.0000000000000000e+00   1.4000000000000000e+01   3.4995445985299505e-08
   4.0000000000000000e+00   1.6000000000000000e+01   3.4433166483631945e-08
   1.0000000000000000e+01   1.5000000000000000e+01   3.4427847701086447e-08
   2.0000000000000000e+00   1.2000000000000000e+01   3.3514939801819668e-08
   2.0000000000000000e+01   5.0000000000000000e+00   3.2112618069411513e-08
   7.0000000000000000e+00   1.5000000000000000e+01  -3.1755373412435131e-08
   5.0000000000000000e+00   7.0000000000000000e+00  -3.1009921480971647e-08
   1.2000000000000000e+01   8.0000000000000000e+00   3.0853318419623120e-08
   1.1000000000000000e+01   1.2000000000000000e+01  -3.0480679862323626e-08
   6.0000000000000000e+00   8.0000000000000000e+00   3.0035436925471683e-08
   8.0000000000000000e+00   1.5000000000000000e+01  -2.9722906606327794e-08
   7.0000000000000000e+00   1.4000000000000000e+01   2.9542747702870187e-08
   4.0000000000000000e+00   1.0000000000000000e+01   2.8844189078958480e-08
   3.0000000000000000e+00   1.5000000000000000e+01   2.8462844579171925e-08
   7.0000000000000000e+00   1.2000000000000000e+01  -2.7570902704691166e-08
   0.0000000000000000e+00   1.6000000000000000e+01   2.7323460029414635e-08
   1.0000000000000000e+01   1.4000000000000000e+01  -2.7173573197758971e-08
   7.0000000000000000e+00   1.6000000000000000e+01  -2.6951241779449696e-08
   1.5000000000000000e+01   1.0000000000000000e+01   2.6503641405442731e-08
   8.0000000000000000e+00   1.6000000000000000e+01  -2.6454946301400641e-08
   1.1000000000000000e+01   1.4000000000000000e+01  -2.6039422690612479e-08
   7.0000000000000000e+00   1.8000000000000000e+01   2.5915510754286729e-08
   9.0000000000000000e+00   1.3000000000000000e+01  -2.5435287819782909e-08
   3.0000000000000000e+00   1.8000000000000000e+01  -2.4411242346799787e-08
   3.0000000000000000e+00   1.2000000000000000e+01   2.4015576929955595e-08
   1.2000000000000000e+01   1.0000000000000000e+01  -2.3802209074832079e-08
   1.2000000000000000e+01   1.2000000000000000e+01  -2.3694198256974418e-08
   6.0000000000000000e+00   1.3000000000000000e+01   2.3376414534103663e-08
   1.3000000000000000e+01   1.0000000000000000e+01  -2.3354920438524406e-08
   1.0000000000000000e+00   1.4000000000000000e+01  -2.3147465409920187e-08
   9.0000000000000000e+00   1.5000000000000000e+01   2.2407936753236341e-08
   3.0000000000000000e+00   1.4000000000000000e+01  -2.1838974457723925e-08
   2.0000000000000000e+00   2.0000000000000000e+01   2.1282602369750285e-08
   4.0000000000000000e+00   1.2000000000000000e+01   2.1250297952300151e-08
   1.0000000000000000e+00   1.5000000000000000e+01   2.1107067891994243e-08
   1.4000000000000000e+01   9.0000000000000000e+00   2.0879099941705803e-08
   5.0000000000000000e+00   1.0000000000000000e+01   2.0532649267789761e-08
   0.0000000000000000e+00   2.0000000000000000e+01   1.9036263611483385e-08
   6.0000000000000000e+00   1.4000000000000000e+01   1.9033966084018177e-08
   6.0000000000000000e+00   1.1000000000000000e+01  -1.8819939879129278e-08
   1.7000000000000000e+01   3.0000000000000000e+00   1.8315288159294245e-08
   4.0000000000000000e+00   2.0000000000000000e+01   1.7667237495805109e-08
   4.0000000000000000e+00   1.8000000000000000e+01  -1.6992144293910835e-08
   9.0000000000000000e+00   1.6000000000000000e+01   1.6967790962596815e-08
   8.0000000000000000e+00   1.4000000000000000e+01   1.6826086690148991e-08
   1.0000000000000000e+00   2.1000000000000000e+01   1.6212873473638801e-08
   1.4000000000000000e+01   1.0000000000000000e+01  -1.5942379301346082e-08
   0.0000000000000000e+00   1.5000000000000000e+01   1.5794088141243694e-08
   4.0000000000000000e+00   1.7000000000000000e+01  -1.5412606723815042e-08
   1.2000000000000000e+01   0.0000000000000000e+00   1.5378157922108449e-08
   0.0000000000000000e+00   1.8000000000000000e+01   1.5273821617021333e-08
   3.0000000000000000e+00   1.6000000000000000e+01   1.5105931978374549e-08
   5.0000000000000000e+00   1.4000000000000000e+01  -1.5094795887394770e-08
   0.0000000000000000e+00   2.2000000000000000e+01   1.4657337467383982e-08
   5.0000000000000000e+00   1.3000000000000000e+01  -1.4517430804167000e-08
   5.0000000000000000e+00   1.2000000000000000e+01  -1.4177444111735030e-08
   1.0000000000000000e+00   1.8000000000000000e+01  -1.3990396083180603e-08
   1.0000000000000000e+00   2.3000000000000000e+01   1.2737569063570807e-08
   7.0000000000000000e+00   1.7000000000000000e+01   1.2426635456907507e-08
   8.0000000000000000e+00   1.7000000000000000e+01   1.2233142107248412e-08
   0.0000000000000000e+00   2.4000000000000000e+01   1.2204315937787706e-08
   0.0000000000000000e+00   1.3000000000000000e+01   1.2079390623072531e-08
   2.0000000000000000e+00   1.4000000000000000e+01  -1.2061820239452359e-08
   1.0000000000000000e+00   1.9000000000000000e+01   1.1709843514893364e-08
   1.0000000000000000e+00   1.3000000000000000e+01  -1.1315622943157428e-08
   6.0000000000000000e+00   1.0000000000000000e+01   1.1278613812313183e-08
   6.0000000000000000e+00   1.6000000000000000e+01  -1.0891597977075760e-08
   0.0000000000000000e+00   2.1000000000000000e+01   1.0176499563475329e-08
   3.0000000000000000e+00   2.0000000000000000e+01   9.9744816696464389e-09
   0.0000000000000000e+00   2.3000000000000000e+01   9.8869723048426666e-09
   9.0000000000000000e+00   1.4000000000000000e+01  -9.6500071259779572e-09
   5.0000000000000000e+00   1.1000000000000000e+01   9.5863717591407122e-09
   5.0000000000000000e+00   1.9000000000000000e+01   9.3860633276362126e-09
   1.0000000000000000e+00   1.2000000000000000e+01   9.2284643114667060e-09
   0.0000000000000000e+00   2.5000000000000000e+01   8.8878377291557470e-09
   3.0000000000000000e+00   1.7000000000000000e+01  -8.6140449850783000e-09
   0.0000000000000000e+00   1.9000000000000000e+01   8.4300636515491435e-09
   1.0000000000000000e+00   2.4000000000000000e+01   8.1072786264803135e-09
   3.0000000000000000e+00   1.9000000000000000e+01   7.9739237789887618e-09
   6.0000000000000000e+00   1.2000000000000000e+01   7.5555143828097962e-09
   3.0000000000000000e+00   2.1000000000000000e+01   7.5315223273133839e-09
   1.1000000000000000e+01   1.0000000000000000e+01  -7.3707042438462497e-09
   6.0000000000000000e+00   1.5000000000000000e+01  -7.2140159502192800e-09
   2.0000000000000000e+00   1.7000000000000000e+01  -7.1839625189343235e-09
   1.0000000000000000e+00   2.0000000000000000e+01   6.7494665966799588e-09
   2.0000000000000000e+00   1.8000000000000000e+01  -6.7076031173273986e-09
   0.0000000000000000e+00   1.7000000000000000e+01   6.1456155935827468e-09
   5.0000000000000000e+00   1.8000000000000000e+01   4.9735187296959544e-09
   3.0000000000000000e+00   2.2000000000000000e+01  -4.6416458465774706e-09
   3.0000000000000000e+00   1.0000000000000000e+01  -4.4709120650097457e-09
   6.0000000000000000e+00   1.9000000000000000e+01  -4.3689948002376880e-09
   4.0000000000000000e+00   1.9000000000000000e+01  -4.2496234744992252e-09
   6.0000000000000000e+00   1.8000000000000000e+01  -4.0192027301182354e-09
   5.0000000000000000e+00   1.5000000000000000e+01  -3.9500186746821794e-09
   5.0000000000000000e+00   1.6000000000000000e+01   3.5386597017147989e-09
   2.0000000000000000e+00   1.9000000000000000e+01  -3.2157811922657068e-09
   1.0000000000000000e+00   2.2000000000000000e+01   2.9051094315198239e-09
   2.0000000000000000e+00   2.3000000000000000e+01  -2.1572982923787076e-09
   1.0000000000000000e+00   1.6000000000000000e+01  -1.9203842162321937e-09
   1.0000000000000000e+00   1.7000000000000000e+01   1.9184798453602262e-09
   2.0000000000000000e+00   2.2000000000000000e+01   1.7671816717669604e-09
   6.0000000000000000e+00   1.7000000000000000e+01  -1.4577681909588225e-09
   1.2000000000000000e+01   1.3000000000000000e+01  -1.4344119728080239e-09
   1.0000000000000000e+00   1.0000000000000000e+01   1.0702752467244286e-09
   1.3000000000000000e+01   1.2000000000000000e+01  -9.1997017404338530e-10
   5.0000000000000000e+00   1.7000000000000000e+01   7.9777802151934113e-10
   4.0000000000000000e+00   2.1000000000000000e+01   6.4039088862193192e-10
   4.0000000000000000e+00   5.0000000000000000e+00   6.1307103954570798e-10
   1.9000000000000000e+01   5.0000000000000000e+00   5.6681644218801274e-10
   5.0000000000000000e+00   2.0000000000000000e+01  -3.4131396856702605e-10
   1.8000000000000000e+01   5.0000000000000000e+00  -1.7937703887644391e-10
   2.0000000000000000e+00   2.1000000000000000e+01  -2.7275216662011078e-11
