   0.0000000000000000e+00   0.0000000000000000e+00   9.6390837422191439e-04
   0.0000000000000000e+00   2.0000000000000000e+00  -2.1787549972462981e-04
   2.0000000000000000e+00   0.0000000000000000e+00  -9.6275085249150630e-05
   1.0000000000000000e+00   1.0000000000000000e+00   4.9179892830330431e-05
   0.0000000000000000e+00   4.0000000000000000e+00   4.2141874492215405e-05
   1.0000000000000000e+00   0.0000000000000000e+00  -2.6160199136414447e-05
   1.0000000000000000e+00   3.0000000000000000e+00  -2.0403537042448792e-05
   0.0000000000000000e+00   1.0000000000000000e+00   1.4553149895261350e-05
   2.0000000000000000e+00   2.0000000000000000e+00   1.3151164360004171e-05
   3.0000000000000000e+00   1.0000000000000000e+00  -7.2774828940389366e-06
   1.0000000000000000e+00   2.0000000000000000e+00  -6.0328260580469235e-06
   3.0000000000000000e+00   0.0000000000000000e+00   6.0019669868873184e-06
   1.0000000000000000e+00   4.0000000000000000e+00   5.6746857274417646e-06
   0.0000000000000000e+00   5.0000000000000000e+00  -5.5808675475621439e-06
   8.0000000000000000e+00   0.0000000000000000e+00   4.8133933410312782e-06
   1.0000000000000000e+00   5.0000000000000000e+00   4.4852880718380456e-06
   6.0000000000000000e+00   0.0000000000000000e+00   4.1704252552357942e-06
   0.0000000000000000e+00   7.0000000000000000e+00   3.6553009798978755e-06
   1.7000000000000000e+01   0.0000000000000000e+00   3.6341495377471141e-06
   2.0000000000000000e+01   0.0000000000000000e+00   3.6254595158353766e-06
   1.8000000000000000e+01   0.0000000000000000e+00   3.5060878827538590e-06
   2.1000000000000000e+01   0.0000000000000000e+00   3.2863783113328079e-06
   4.0000000000000000e+00   0.0000000000000000e+00  -3.2629218340434027e-06
   0.0000000000000000e+00   8.0000000000000000e+00  -3.0990661198133436e-06
   1.9000000000000000e+01   0.0000000000000000e+00   2.9562571912669820e-06
   4.0000000000000000e+00   1.0000000000000000e+00  -2.7357468885657974e-06
   9.0000000000000000e+00   0.0000000000000000e+00   2.5462591727335113e-06
   2.0000000000000000e+00   1.0000000000000000e+00   2.5410540683845580e-06
   3.0000000000000000e+00   5.0000000000000000e+00   2.5348099727427755e-06
   2.4000000000000000e+01   0.0000000000000000e+00   2.5282419997313975e-06
   8.0000000000000000e+00   2.0000000000000000e+00  -2.4675897037052188e-06
   2.3000000000000000e+01   0.0000000000000000e+00   2.4638747351717687e-06
   5.0000000000000000e+00   0.0000000000000000e+00   2.4080819770582458e-06
   2.2000000000000000e+01   0.0000000000000000e+00   2.3125440616066526e-06
   1.0000000000000000e+00   9.0000000000000000e+00  -2.2494701559202654e-06
   2.5000000000000000e+01   0.0000000000000000e+00   2.1415507281785511e-06
   2.0000000000000000e+01   1.0000000000000000e+00  -2.1314124376038754e-06
   1.1000000000000000e+01   0.0000000000000000e+00   2.1008765437834083e-06
   2.3000000000000000e+01   1.0000000000000000e+00  -2.0903644888227869e-06
   1.9000000000000000e+01   1.0000000000000000e+00  -1.9784260712329660e-06
   2.0000000000000000e+00   6.0000000000000000e+00  -1.9652274641513304e-06
   0.0000000000000000e+00   3.0000000000000000e+00   1.8994479187736485e-06
   1.7000000000000000e+01   1.0000000000000000e+00  -1.8950211163945035e-06
   3.0000000000000000e+00   8.0000000000000000e+00   1.8870544775582007e-06
   1.6000000000000000e+01   0.0000000000000000e+00   1.8558199102050589e-06
   2.2000000000000000e+01   1.0000000000000000e+00  -1.8439657065276140e-06
   3.0000000000000000e+00   7.0000000000000000e+00  -1.7870446615590222e-06
   5.0000000000000000e+00   3.0000000000000000e+00   1.7492848022174167e-06
   0.0000000000000000e+00   1.2000000000000000e+01   1.7080339429661900e-06
   3.0000000000000000e+00   6.0000000000000000e+00  -1.7017318611118001e-06
   1.9000000000000000e+01   3.0000000000000000e+00   1.7008713678719716e-06
   0.0000000000000000e+00   1.4000000000000000e+01  -1.6775861678575128e-06
   1.0000000000000000e+00   6.0000000000000000e+00  -1.6602262878147379e-06
   2.1000000000000000e+01   1.0000000000000000e+00  -1.6398346327197959e-06
   1.6000000000000000e+01   1.0000000000000000e+00  -1.6285998609452624e-06
   7.0000000000000000e+00   2.0000000000000000e+00  -1.6158404060411504e-06
   2.4000000000000000e+01   1.0000000000000000e+00  -1.6007793687887760e-06
   8.0000000000000000e+00   4.0000000000000000e+00   1.5618988408099973e-06
   1.7000000000000000e+01   3.0000000000000000e+00   1.5260705941940651e-06
   1.8000000000000000e+01   1.0000000000000000e+00  -1.5150942398014792e-06
   1.7000000000000000e+01   2.0000000000000000e+00  -1.4939459424450485e-06
   2.2000000000000000e+01   3.0000000000000000e+00   1.4902263651741866e-06
   1.0000000000000000e+01   2.0000000000000000e+00  -1.4893929513214708e-06
   4.0000000000000000e+00   2.0000000000000000e+00   1.4746963126068574e-06
   2.0000000000000000e+01   3.0000000000000000e+00   1.4691064632315666e-06
   2.0000000000000000e+01   2.0000000000000000e+00  -1.4639945213788274e-06
   1.8000000000000000e+01   3.0000000000000000e+00   1.4593193632043967e-06
   7.0000000000000000e+00   4.0000000000000000e+00   1.4434281751836196e-06
   1.0000000000000000e+00   7.0000000000000000e+00   1.4378982990786605e-06
   0.0000000000000000e+00   1.3000000000000000e+01   1.4034561209443512e-06
   1.5000000000000000e+01   0.0000000000000000e+00   1.4002168124095281e-06
   1.4000000000000000e+01   0.0000000000000000e+00   1.3839222859019212e-06
   2.0000000000000000e+00   4.0000000000000000e+00   1.3813290968541699e-06
   1.0000000000000000e+00   1.0000000000000000e+01   1.3768982634783376e-06
   3.0000000000000000e+00   2.0000000000000000e+00   1.3509477673155941e-06
   1.6000000000000000e+01   3.0000000000000000e+00   1.3078205081288264e-06
   1.9000000000000000e+01   5.0000000000000000e+00  -1.2970795877784536e-06
   3.0000000000000000e+00   1.0000000000000000e+01  -1.2807760024372256e-06
   1.8000000000000000e+01   5.0000000000000000e+00  -1.2281115784404298e-06
   1.0000000000000000e+00   1.1000000000000000e+01   1.2181848127815772e-06
   1.0000000000000000e+01   4.0000000000000000e+00   1.1696231591942245e-06
   9.0000000000000000e+00   2.0000000000000000e+00  -1.1682821986135546e-06
   2.1000000000000000e+01   3.0000000000000000e+00   1.1435230829568514e-06
   8.0000000000000000e+00   6.0000000000000000e+00  -1.1223979625946638e-06
   1.1000000000000000e+01   2.0000000000000000e+00  -1.1189648905596342e-06
   0.0000000000000000e+00   1.5000000000000000e+01  -1.0737343853939299e-06
   9.0000000000000000e+00   6.0000000000000000e+00  -1.0677528773991243e-06
   2.0000000000000000e+00   9.0000000000000000e+00  -1.0558212295639954e-06
   1.7000000000000000e+01   5.0000000000000000e+00  -1.0430506294905515e-06
   9.0000000000000000e+00   4.0000000000000000e+00   1.0428915915511678e-06
   3.0000000000000000e+00   1.3000000000000000e+01  -1.0411130894288032e-06
   4.0000000000000000e+00   5.0000000000000000e+00   1.0307069324402035e-06
   2.0000000000000000e+00   7.0000000000000000e+00   1.0265116309799920e-06
   5.0000000000000000e+00   2.0000000000000000e+00  -1.0237196636839491e-06
   5.0000000000000000e+00   1.1000000000000000e+01  -1.0224444424670529e-06
   9.0000000000000000e+00   8.0000000000000000e+00   1.0173050445199415e-06
   2.0000000000000000e+00   3.0000000000000000e+00  -9.8619973806635051e-07
   0.0000000000000000e+00   6.0000000000000000e+00  -9.7918370320379035e-07
   1.0000000000000000e+00   1.2000000000000000e+01  -9.7077199100857200e-07
   7.0000000000000000e+00   6.0000000000000000e+00  -9.6628931558383023e-07
   4.0000000000000000e+00   7.0000000000000000e+00  -9.6378622500572922e-07
   3.0000000000000000e+00   1.5000000000000000e+01   9.3917594318485406e-07
   1.3000000000000000e+01   3.0000000000000000e+00   9.2891860498132923e-07
   5.0000000000000000e+00   9.0000000000000000e+00   9.2413389492022315e-07
   1.6000000000000000e+01   2.0000000000000000e+00  -9.2253023060940604e-07
   1.8000000000000000e+01   7.0000000000000000e+00   9.1685803473070905e-07
   1.3000000000000000e+01   1.0000000000000000e+00  -8.9866007868376745e-07
   5.0000000000000000e+00   1.0000000000000000e+00  -8.9689754838994182e-07
   1.9000000000000000e+01   2.0000000000000000e+00  -8.9220457247913527e-07
   0.0000000000000000e+00   1.1000000000000000e+01  -8.9204900005408334e-07
   8.0000000000000000e+00   8.0000000000000000e+00   8.7627021208581452e-07
   2.0000000000000000e+01   5.0000000000000000e+00  -8.7497301000740690e-07
   0.0000000000000000e+00   9.0000000000000000e+00  -8.7386996697910911e-07
   9.0000000000000000e+00   1.0000000000000000e+01  -8.6681013604626614e-07
   1.0000000000000000e+00   1.7000000000000000e+01   8.6474587948831771e-07
   1.6000000000000000e+01   5.0000000000000000e+00  -8.4606275695417789e-07
   7.0000000000000000e+00   0.0000000000000000e+00   8.4566898552292548e-07
   5.0000000000000000e+00   5.0000000000000000e+00  -8.3814705906514191e-07
   7.0000000000000000e+00   7.0000000000000000e+00   8.3352568758883438e-07
   0.0000000000000000e+00   2.2000000000000000e+01   8.3145410371835356e-07
   1.8000000000000000e+01   2.0000000000000000e+00  -8.1042729978522425e-07
   0.0000000000000000e+00   2.0000000000000000e+01  -8.0874468475336272e-07
   2.0000000000000000e+00   1.2000000000000000e+01  -8.0269543883508992e-07
   1.3000000000000000e+01   5.0000000000000000e+00  -8.0110549542552179e-07
   6.0000000000000000e+00   1.0000000000000000e+00   7.8692895593708847e-07
   1.0000000000000000e+00   8.0000000000000000e+00  -7.7508299102826117e-07
   2.1000000000000000e+01   2.0000000000000000e+00  -7.6105016926849132e-07
   5.0000000000000000e+00   1.4000000000000000e+01  -7.6069166376443465e-07
   5.0000000000000000e+00   1.3000000000000000e+01   7.5117768048114387e-07
   1.0000000000000000e+01   1.0000000000000000e+00  -7.3172119608820878e-07
   1.0000000000000000e+01   6.0000000000000000e+00  -7.3119510950243996e-07
   2.0000000000000000e+00   1.1000000000000000e+01   7.2678409243804602e-07
   7.0000000000000000e+00   9.0000000000000000e+00  -7.2102949309655467e-07
   0.0000000000000000e+00   1.6000000000000000e+01   7.0602703425595580e-07
   8.0000000000000000e+00   1.0000000000000000e+01  -6.9459016243894632e-07
   5.0000000000000000e+00   1.6000000000000000e+01   6.9286288812254599e-07
   1.0000000000000000e+00   1.5000000000000000e+01  -6.9088801376981452e-07
   1.3000000000000000e+01   7.0000000000000000e+00   6.8816176591932672e-07
   4.0000000000000000e+00   8.0000000000000000e+00   6.8463474271995736e-07
   2.0000000000000000e+00   1.0000000000000000e+01   6.8160843513278667e-07
   4.0000000000000000e+00   1.0000000000000000e+01  -6.7583481843688386e-07
   1.4000000000000000e+01   1.0000000000000000e+00  -6.7231721504092142e-07
   2.3000000000000000e+01   2.0000000000000000e+00  -6.6547947476741651e-07
   1.0000000000000000e+00   1.9000000000000000e+01  -6.6282692932592736e-07
   9.0000000000000000e+00   1.2000000000000000e+01   6.5596385860757750e-07
   5.0000000000000000e+00   1.2000000000000000e+01   6.4283173808385356e-07
   3.0000000000000000e+00   1.1000000000000000e+01   6.3612027786066097e-07
   1.7000000000000000e+01   7.0000000000000000e+00   6.3482634223053843e-07
   1.1000000000000000e+01   4.0000000000000000e+00   6.2847884258645470e-07
   9.0000000000000000e+00   1.0000000000000000e+00   6.2760540305548430e-07
   9.0000000000000000e+00   5.0000000000000000e+00   6.2627352399885252e-07
   0.0000000000000000e+00   2.3000000000000000e+01   6.2535973198697561e-07
   1.1000000000000000e+01   1.0000000000000000e+00  -6.1676757861989628e-07
   1.3000000000000000e+01   9.0000000000000000e+00  -6.0560073059087364e-07
   9.0000000000000000e+00   3.0000000000000000e+00  -6.0551108334224074e-07
   1.4000000000000000e+01   8.0000000000000000e+00  -5.9988501491784969e-07
   1.4000000000000000e+01   7.0000000000000000e+00   5.9487516044966524e-07
   1.2000000000000000e+01   3.0000000000000000e+00   5.8855575014748481e-07
   1.4000000000000000e+01   9.0000000000000000e+00  -5.7567265363313601e-07
   1.2000000000000000e+01   5.0000000000000000e+00  -5.7386062258886092e-07
   7.0000000000000000e+00   5.0000000000000000e+00  -5.6872781627615260e-07
   3.0000000000000000e+00   1.7000000000000000e+01  -5.6293247505391884e-07
   1.4000000000000000e+01   5.0000000000000000e+00  -5.5930263310173555e-07
   4.0000000000000000e+00   1.2000000000000000e+01   5.5169359783388679e-07
   3.0000000000000000e+00   1.8000000000000000e+01   5.4980960951502328e-07
   1.5000000000000000e+01   1.0000000000000000e+00  -5.4507057490786650e-07
   0.0000000000000000e+00   2.1000000000000000e+01  -5.4404457685353628e-07
   6.0000000000000000e+00   5.0000000000000000e+00  -5.4287410960846317e-07
   1.4000000000000000e+01   6.0000000000000000e+00   5.3569186512419032e-07
   1.2000000000000000e+01   2.0000000000000000e+00   5.3370637605235385e-07
   1.4000000000000000e+01   3.0000000000000000e+00   5.3285805525451551e-07
   8.0000000000000000e+00   1.2000000000000000e+01   5.2762673700962752e-07
   1.6000000000000000e+01   4.0000000000000000e+00   5.2709715648325279e-07
   1.3000000000000000e+01   1.1000000000000000e+01   5.2267537563859394e-07
   1.5000000000000000e+01   3.0000000000000000e+00   5.1428876088760157e-07
   1.7000000000000000e+01   4.0000000000000000e+00   5.1325237168207693e-07
   1.4000000000000000e+01   2.0000000000000000e+00  -5.1139431858036445e-07
   7.0000000000000000e+00   8.0000000000000000e+00   5.0863975900081919e-07
   5.0000000000000000e+00   1.8000000000000000e+01  -5.0646743464784009e-07
   0.0000000000000000e+00   2.4000000000000000e+01  -5.0591604323906961e-07
   1.4000000000000000e+01   1.1000000000000000e+01   5.0382956212064548e-07
   4.0000000000000000e+00   9.0000000000000000e+00   5.0319537334695354e-07
   1.0000000000000000e+01   0.0000000000000000e+00   4.9544391097439175e-07
   3.0000000000000000e+00   1.6000000000000000e+01  -4.9375835526914118e-07
   1.5000000000000000e+01   5.0000000000000000e+00  -4.9330472310781224e-07
   0.0000000000000000e+00   2.5000000000000000e+01  -4.9057550653291098e-07
   1.4000000000000000e+01   1.0000000000000000e+01   4.9005673872641287e-07
   6.0000000000000000e+00   2.0000000000000000e+00  -4.8898396823612322e-07
   1.1000000000000000e+01   3.0000000000000000e+00   4.8429290555497255e-07
   1.6000000000000000e+01   7.0000000000000000e+00   4.8353768599072808e-07
   3.0000000000000000e+00   1.2000000000000000e+01   4.7536536758607150e-07
   8.0000000000000000e+00   1.0000000000000000e+00   4.7463635885770439e-07
   9.0000000000000000e+00   7.0000000000000000e+00  -4.6696793201985675e-07
   6.0000000000000000e+00   1.3000000000000000e+01   4.5897238716115285e-07
   1.0000000000000000e+01   8.0000000000000000e+00   4.5741972334744516e-07
   3.0000000000000000e+00   3.0000000000000000e+00  -4.5698805813443500e-07
   9.0000000000000000e+00   1.5000000000000000e+01   4.4759727236765567e-07
   2.0000000000000000e+00   1.4000000000000000e+01   4.4712783769176709e-07
   8.0000000000000000e+00   3.0000000000000000e+00  -4.4672652383986204e-07
   7.0000000000000000e+00   1.7000000000000000e+01   4.4485691516423123e-07
   1.5000000000000000e+01   7.0000000000000000e+00   4.4414697157594300e-07
   4.0000000000000000e+00   6.0000000000000000e+00  -4.3793294377445237e-07
   9.0000000000000000e+00   1.4000000000000000e+01  -4.3531539769026074e-07
   1.2000000000000000e+01   7.0000000000000000e+00   4.2992414239615039e-07
   2.0000000000000000e+00   2.0000000000000000e+01   4.2749771199417918e-07
   1.0000000000000000e+01   1.4000000000000000e+01  -4.2484297135222008e-07
   1.3000000000000000e+01   1.2000000000000000e+01  -4.2403813675582925e-07
   3.0000000000000000e+00   2.0000000000000000e+01  -4.2383675486522742e-07
   1.3000000000000000e+01   1.0000000000000000e+01   4.2010463771290480e-07
   0.0000000000000000e+00   1.7000000000000000e+01   4.1774435057263454e-07
   1.0000000000000000e+00   1.8000000000000000e+01  -4.1715882309511442e-07
   6.0000000000000000e+00   3.0000000000000000e+00   4.0245449033417376e-07
   4.0000000000000000e+00   1.4000000000000000e+01  -3.9972766213967789e-07
   1.1000000000000000e+01   5.0000000000000000e+00  -3.9885180931340801e-07
   1.3000000000000000e+01   0.0000000000000000e+00  -3.9761649570395688e-07
   6.0000000000000000e+00   1.1000000000000000e+01  -3.9715453146072436e-07
   5.0000000000000000e+00   6.0000000000000000e+00   3.9494490742223452e-07
   3.0000000000000000e+00   9.0000000000000000e+00   3.9159967843012802e-07
   1.2000000000000000e+01   0.0000000000000000e+00   3.8929115721628476e-07
   2.0000000000000000e+00   1.9000000000000000e+01  -3.8781398012798548e-07
   2.0000000000000000e+00   2.2000000000000000e+01  -3.8679513694410714e-07
   1.3000000000000000e+01   8.0000000000000000e+00  -3.8560084472129281e-07
   1.0000000000000000e+00   2.0000000000000000e+01   3.8481519930461658e-07
   6.0000000000000000e+00   1.5000000000000000e+01  -3.8408620678165767e-07
   7.0000000000000000e+00   1.1000000000000000e+01   3.7825731217477380e-07
   1.0000000000000000e+01   1.2000000000000000e+01   3.7721554998797498e-07
   1.5000000000000000e+01   9.0000000000000000e+00  -3.7496868930448339e-07
   2.0000000000000000e+00   5.0000000000000000e+00  -3.7442978017036929e-07
   9.0000000000000000e+00   1.3000000000000000e+01  -3.6871317929882710e-07
   8.0000000000000000e+00   1.4000000000000000e+01  -3.6837543911985690e-07
   4.0000000000000000e+00   1.5000000000000000e+01   3.6719612925397419e-07
   1.1000000000000000e+01   6.0000000000000000e+00  -3.6617286018041135e-07
   6.0000000000000000e+00   1.0000000000000000e+01  -3.6430657888082494e-07
   1.0000000000000000e+01   1.0000000000000000e+01  -3.6263287309005491e-07
   2.0000000000000000e+00   2.1000000000000000e+01   3.4559596051734558e-07
   6.0000000000000000e+00   8.0000000000000000e+00   3.4443643759555800e-07
   6.0000000000000000e+00   1.2000000000000000e+01   3.3570854577645752e-07
   5.0000000000000000e+00   1.5000000000000000e+01  -3.3567728259609693e-07
   4.0000000000000000e+00   1.7000000000000000e+01  -3.3229800607456309e-07
   1.3000000000000000e+01   6.0000000000000000e+00   3.2298753904951397e-07
   5.0000000000000000e+00   1.0000000000000000e+01  -3.2258513494113758e-07
   2.0000000000000000e+00   8.0000000000000000e+00   3.2010807349981585e-07
   2.0000000000000000e+00   1.7000000000000000e+01   3.1006576961258294e-07
   5.0000000000000000e+00   1.9000000000000000e+01   3.0807048938771600e-07
   2.0000000000000000e+00   1.8000000000000000e+01  -3.0755187815586286e-07
   1.0000000000000000e+00   1.4000000000000000e+01   3.0595135882928810e-07
   7.0000000000000000e+00   1.5000000000000000e+01  -3.0134375634914808e-07
   1.0000000000000000e+00   2.1000000000000000e+01   3.0025461914452153e-07
   6.0000000000000000e+00   1.4000000000000000e+01  -2.9908984407455174e-07
   2.0000000000000000e+00   1.3000000000000000e+01  -2.9160877636104876e-07
   1.1000000000000000e+01   1.4000000000000000e+01  -2.8444390830214699e-07
   1.2000000000000000e+01   9.0000000000000000e+00  -2.8373806520288535e-07
   1.0000000000000000e+01   3.0000000000000000e+00   2.8256436484676900e-07
   1.6000000000000000e+01   6.0000000000000000e+00  -2.8064390172708918e-07
   7.0000000000000000e+00   1.8000000000000000e+01  -2.7958217138264598e-07
   5.0000000000000000e+00   7.0000000000000000e+00  -2.7785448087066651e-07
   5.0000000000000000e+00   2.0000000000000000e+01   2.7708642749849738e-07
   0.0000000000000000e+00   1.8000000000000000e+01   2.7672891683279348e-07
   6.0000000000000000e+00   1.6000000000000000e+01   2.7480350189248933e-07
   1.1000000000000000e+01   1.2000000000000000e+01   2.6888562652042576e-07
   6.0000000000000000e+00   1.8000000000000000e+01  -2.6555522118323549e-07
   4.0000000000000000e+00   1.6000000000000000e+01   2.6389767414725563e-07
   3.0000000000000000e+00   4.0000000000000000e+00   2.6211785676747704e-07
   1.6000000000000000e+01   9.0000000000000000e+00  -2.6146633133668342e-07
   1.1000000000000000e+01   8.0000000000000000e+00   2.6140178794565810e-07
   4.0000000000000000e+00   1.3000000000000000e+01  -2.5654741344689611e-07
   8.0000000000000000e+00   1.1000000000000000e+01   2.5653183867803101e-07
   1.1000000000000000e+01   7.0000000000000000e+00   2.5027236986243751e-07
   1.1000000000000000e+01   1.0000000000000000e+01  -2.4787873098633775e-07
   9.0000000000000000e+00   1.6000000000000000e+01   2.4435013914485038e-07
   1.3000000000000000e+01   4.0000000000000000e+00  -2.4176645822468607e-07
   1.9000000000000000e+01   4.0000000000000000e+00   2.4027917223389231e-07
   4.0000000000000000e+00   4.0000000000000000e+00  -2.3990120453062061e-07
   6.0000000000000000e+00   6.0000000000000000e+00  -2.3857931748463940e-07
   6.0000000000000000e+00   1.7000000000000000e+01   2.3481733330381496e-07
   1.5000000000000000e+01   2.0000000000000000e+00  -2.3395185576420038e-07
   2.0000000000000000e+00   2.3000000000000000e+01  -2.3212675054007114e-07
   1.2000000000000000e+01   1.0000000000000000e+00  -2.2915368332841297e-07
   2.0000000000000000e+01   4.0000000000000000e+00   2.2828251450809284e-07
   8.0000000000000000e+00   1.6000000000000000e+01   2.2697148083018652e-07
   1.2000000000000000e+01   8.0000000000000000e+00   2.2418840538159071e-07
   1.0000000000000000e+01   1.5000000000000000e+01   2.2232772549448019e-07
   3.0000000000000000e+00   2.2000000000000000e+01   2.2216583564087295e-07
   3.0000000000000000e+00   2.1000000000000000e+01   2.2193801050311374e-07
   8.0000000000000000e+00   9.0000000000000000e+00  -2.1842808575232447e-07
   6.0000000000000000e+00   7.0000000000000000e+00   2.1570515328583313e-07
   4.0000000000000000e+00   1.9000000000000000e+01   2.1465444715758632e-07
   1.0000000000000000e+00   2.2000000000000000e+01  -2.1088179123845966e-07
   7.0000000000000000e+00   1.0000000000000000e+01  -2.0814895252399997e-07
   1.0000000000000000e+00   1.6000000000000000e+01   2.0022722219930187e-07
   8.0000000000000000e+00   1.3000000000000000e+01  -1.9866182965592254e-07
   8.0000000000000000e+00   5.0000000000000000e+00   1.9601622668043117e-07
   1.2000000000000000e+01   4.0000000000000000e+00  -1.9245317400737912e-07
   1.3000000000000000e+01   2.0000000000000000e+00   1.8552130767252443e-07
   0.0000000000000000e+00   1.9000000000000000e+01   1.8497506297505394e-07
   1.4000000000000000e+01   4.0000000000000000e+00  -1.7913928764590228e-07
   7.0000000000000000e+00   1.6000000000000000e+01   1.7830965091753776e-07
   1.2000000000000000e+01   1.1000000000000000e+01   1.7648176523036816e-07
   7.0000000000000000e+00   1.0000000000000000e+00   1.7430970844562086e-07
   2.2000000000000000e+01   2.0000000000000000e+00  -1.7372630924485900e-07
   9.0000000000000000e+00   9.0000000000000000e+00   1.6591592226263503e-07
   0.0000000000000000e+00   1.0000000000000000e+01   1.6590963522311894e-07
   1.8000000000000000e+01   4.0000000000000000e+00   1.6193295671475252e-07
   6.0000000000000000e+00   9.0000000000000000e+00   1.6014122661102715e-07
   3.0000000000000000e+00   1.4000000000000000e+01   1.6012568311694579e-07
   4.0000000000000000e+00   1.8000000000000000e+01  -1.5962843978419031e-07
   1.0000000000000000e+01   1.3000000000000000e+01  -1.5026929847878321e-07
   9.0000000000000000e+00   1.1000000000000000e+01   1.4836444874921811e-07
   1.2000000000000000e+01   1.0000000000000000e+01  -1.3316394138180901e-07
   1.2000000000000000e+01   6.0000000000000000e+00  -1.3234169520558222e-07
   1.7000000000000000e+01   8.0000000000000000e+00  -1.3190753011240014e-07
   5.0000000000000000e+00   4.0000000000000000e+00  -1.2813392531308688e-07
   3.0000000000000000e+00   1.9000000000000000e+01   1.2764693148066004e-07
   1.1000000000000000e+01   1.3000000000000000e+01   1.1632197640016538e-07
   6.0000000000000000e+00   4.0000000000000000e+00   1.1328704116996578e-07
   1.2000000000000000e+01   1.3000000000000000e+01  -1.0994727928526114e-07
   5.0000000000000000e+00   8.0000000000000000e+00  -1.0829941899328769e-07
   1.6000000000000000e+01   8.0000000000000000e+00   1.0595361108572896e-07
   7.0000000000000000e+00   1.4000000000000000e+01  -9.4437573975665450e-08
   4.0000000000000000e+00   2.0000000000000000e+01   8.6869459345016100e-08
   8.0000000000000000e+00   1.5000000000000000e+01   8.6202926827593267e-08
   7.0000000000000000e+00   1.2000000000000000e+01   8.3980349114856143e-08
   1.9000000000000000e+01   6.0000000000000000e+00   8.1900259652354864e-08
   2.0000000000000000e+00   1.5000000000000000e+01  -8.0388210024696343e-08
   1.0000000000000000e+01   1.1000000000000000e+01   7.5625452754583446e-08
   1.5000000000000000e+01   1.0000000000000000e+01   7.5265970175809885e-08
   4.0000000000000000e+00   2.1000000000000000e+01  -7.2006734218267942e-08
   1.1000000000000000e+01   9.0000000000000000e+00  -7.0173211845145374e-08
   6.0000000000000000e+00   1.9000000000000000e+01  -6.9082084701419324e-08
   1.1000000000000000e+01   1.1000000000000000e+01  -6.8457385649419733e-08
   1.5000000000000000e+01   8.0000000000000000e+00  -6.6993065939052337e-08
   1.8000000000000000e+01   6.0000000000000000e+00   6.0907988785823132e-08
   1.0000000000000000e+01   5.0000000000000000e+00  -6.0656700334176212e-08
   8.0000000000000000e+00   7.0000000000000000e+00   6.0385400390706443e-08
   1.0000000000000000e+00   2.3000000000000000e+01   5.1047683808334788e-08
   5.0000000000000000e+00   1.7000000000000000e+01  -4.9516516042766982e-08
   1.5000000000000000e+01   6.0000000000000000e+00   4.6305230534621445e-08
   1.7000000000000000e+01   6.0000000000000000e+00  -4.5133713330257931e-08
   2.1000000000000000e+01   4.0000000000000000e+00  -4.3507549198222386e-08
   4.0000000000000000e+00   1.1000000000000000e+01  -4.1863737662974179e-08
   8.0000000000000000e+00   1.7000000000000000e+01   3.9771620158270381e-08
   1.2000000000000000e+01   1.2000000000000000e+01  -3.3543934259978927e-08
   1.0000000000000000e+00   1.3000000000000000e+01  -2.6515887613450851e-08
   4.0000000000000000e+00   3.0000000000000000e+00  -2.5670908400874213e-08
   7.0000000000000000e+00   3.0000000000000000e+00   2.3808912865332240e-08
   1.0000000000000000e+01   9.0000000000000000e+00  -1.5534608813425394e-08
   1.5000000000000000e+01   4.0000000000000000e+00   9.8987618674059323e-09
   7.0000000000000000e+00   1.3000000000000000e+01   7.3117578369503037e-09
   2.0000000000000000e+00   1.6000000000000000e+01  -4.6332438570026902e-09
   1.0000000000000000e+01   7.0000000000000000e+00  -4.0546754256173424e-09
   1.0000000000000000e+00   2.4000000000000000e+01   3.9770748831871236e-09
