   0.0000000000000000e+00   0.0000000000000000e+00   8.0174243678062646e-04
   2.0000000000000000e+00   0.0000000000000000e+00  -9.5098831707737691e-05
   0.0000000000000000e+00   2.0000000000000000e+00   2.8782833370461303e-05
   0.0000000000000000e+00   4.0000000000000000e+00  -2.0954414610124028e-05
   1.0000000000000000e+00   0.0000000000000000e+00  -1.7226911676391044e-05
   4.0000000000000000e+00   0.0000000000000000e+00   1.3319403763838387e-05
   2.0000000000000000e+00   2.0000000000000000e+00  -1.0449003024307648e-05
   0.0000000000000000e+00   3.0000000000000000e+00   9.0185530350978199e-06
   0.0000000000000000e+00   1.0000000000000000e+00   8.4691429458779058e-06
   3.0000000000000000e+00   0.0000000000000000e+00   5.6822610018649698e-06
   0.0000000000000000e+00   6.0000000000000000e+00  -4.3472271288272096e-06
   0.0000000000000000e+00   8.0000000000000000e+00   4.2533869265416200e-06
   6.0000000000000000e+00   0.0000000000000000e+00  -4.0027659234392537e-06
   3.0000000000000000e+00   1.0000000000000000e+00   3.3011918340282253e-06
   0.0000000000000000e+00   7.0000000000000000e+00  -2.9935260115821101e-06
   2.0000000000000000e+00   1.0000000000000000e+00  -2.8146596827585366e-06
   1.0000000000000000e+00   1.0000000000000000e+00  -2.7649673992783348e-06
   1.0000000000000000e+00   2.0000000000000000e+00  -2.6136447830847069e-06
   0.0000000000000000e+00   5.0000000000000000e+00   2.5625057938500719e-06
   2.0000000000000000e+00   6.0000000000000000e+00   2.4282185317595682e-06
   4.0000000000000000e+00   1.0000000000000000e+00  -2.2932570575451353e-06
   0.0000000000000000e+00   1.1000000000000000e+01   2.2327375029290678e-06
   2.0000000000000000e+00   3.0000000000000000e+00   1.9220175007043320e-06
   0.0000000000000000e+00   1.2000000000000000e+01  -1.8472495472423096e-06
   3.0000000000000000e+00   2.0000000000000000e+00   1.5728712141173018e-06
   5.0000000000000000e+00   0.0000000000000000e+00  -1.4894000898399197e-06
   2.0000000000000000e+00   4.0000000000000000e+00   1.4349191294143235e-06
   6.0000000000000000e+00   2.0000000000000000e+00   1.2140040257626710e-06
   0.0000000000000000e+00   1.7000000000000000e+01   1.2118020176327660e-06
   1.0000000000000000e+01   2.0000000000000000e+00  -1.0112746986398945e-06
   3.0000000000000000e+00   4.0000000000000000e+00   1.0054692264382728e-06
   0.0000000000000000e+00   1.3000000000000000e+01  -9.6725563439266101e-07
   1.0000000000000000e+00   5.0000000000000000e+00  -9.2256898160999882e-07
   8.0000000000000000e+00   1.0000000000000000e+00   9.0120269016188807e-07
   1.0000000000000000e+00   4.0000000000000000e+00  -8.8233606442456273e-07
   8.0000000000000000e+00   0.0000000000000000e+00   8.8005871832674456e-07
   0.0000000000000000e+00   9.0000000000000000e+00  -8.7259548064007234e-07
   0.0000000000000000e+00   2.5000000000000000e+01  -8.4496580057269611e-07
   2.0000000000000000e+00   1.2000000000000000e+01   8.4163939045572963e-07
   5.0000000000000000e+00   3.0000000000000000e+00  -8.2523151203473080e-07
   2.0000000000000000e+00   8.0000000000000000e+00  -8.1381278089846217e-07
   0.0000000000000000e+00   2.3000000000000000e+01   8.1239309547951519e-07
   0.0000000000000000e+00   1.8000000000000000e+01  -8.0206222965594158e-07
   4.0000000000000000e+00   5.0000000000000000e+00  -7.9615001326874401e-07
   0.0000000000000000e+00   1.4000000000000000e+01   7.5755157633762199e-07
   1.0000000000000000e+01   0.0000000000000000e+00   7.4260150097031460e-07
   6.0000000000000000e+00   4.0000000000000000e+00   7.3928414080073320e-07
   2.0000000000000000e+00   1.0000000000000000e+01  -7.1428704637407135e-07
   5.0000000000000000e+00   2.0000000000000000e+00  -7.0930491877794955e-07
   1.0000000000000000e+01   1.0000000000000000e+00  -6.9582786897434396e-07
   2.0000000000000000e+00   7.0000000000000000e+00  -6.9185385114979088e-07
   0.0000000000000000e+00   1.9000000000000000e+01  -6.8208221487449838e-07
   2.0000000000000000e+00   9.0000000000000000e+00   6.6632803490851423e-07
   0.0000000000000000e+00   1.5000000000000000e+01  -6.5845578701713542e-07
   4.0000000000000000e+00   2.0000000000000000e+00  -6.4750211320395493e-07
   1.2000000000000000e+01   0.0000000000000000e+00  -6.4436526118753077e-07
   4.0000000000000000e+00   1.1000000000000000e+01  -6.3827875950624779e-07
   5.0000000000000000e+00   1.0000000000000000e+00  -6.3790813745835255e-07
   1.6000000000000000e+01   0.0000000000000000e+00   6.3564773885948079e-07
   1.4000000000000000e+01   1.0000000000000000e+00   6.1791164843451398e-07
   6.0000000000000000e+00   1.0000000000000000e+00   6.0645106092201883e-07
   2.4000000000000000e+01   0.0000000000000000e+00  -5.7594567858774786e-07
   8.0000000000000000e+00   4.0000000000000000e+00  -5.3285185000743425e-07
   6.0000000000000000e+00   9.0000000000000000e+00  -5.2180620095488646e-07
   1.6000000000000000e+01   1.0000000000000000e+00  -5.1688552995479841e-07
   1.6000000000000000e+01   2.0000000000000000e+00  -5.1481261087581135e-07
   1.0000000000000000e+00   8.0000000000000000e+00   5.1439823933515926e-07
   4.0000000000000000e+00   7.0000000000000000e+00   5.0872729752667611e-07
   0.0000000000000000e+00   1.0000000000000000e+01   5.0426538635240011e-07
   6.0000000000000000e+00   3.0000000000000000e+00   5.0189566838919033e-07
   1.2000000000000000e+01   2.0000000000000000e+00   4.9783315383093965e-07
   1.8000000000000000e+01   0.0000000000000000e+00  -4.9598655115913379e-07
   6.0000000000000000e+00   6.0000000000000000e+00  -4.8101129385862959e-07
   0.0000000000000000e+00   2.0000000000000000e+01   4.7185603874035785e-07
   8.0000000000000000e+00   2.0000000000000000e+00   4.6070813768152050e-07
   0.0000000000000000e+00   1.6000000000000000e+01   4.4965076619133392e-07
   2.0000000000000000e+01   3.0000000000000000e+00  -4.4890938288163286e-07
   3.0000000000000000e+00   3.0000000000000000e+00   4.4556909082416567e-07
   8.0000000000000000e+00   3.0000000000000000e+00  -4.4113449556950528e-07
   3.0000000000000000e+00   8.0000000000000000e+00  -4.3577173915743537e-07
   1.8000000000000000e+01   2.0000000000000000e+00   4.3453018702093649e-07
   9.0000000000000000e+00   2.0000000000000000e+00   4.3103176839448333e-07
   2.2000000000000000e+01   0.0000000000000000e+00   4.2923014266398878e-07
   1.2000000000000000e+01   3.0000000000000000e+00   4.2598599209373493e-07
   4.0000000000000000e+00   1.3000000000000000e+01   4.1963238084031948e-07
   1.4000000000000000e+01   4.0000000000000000e+00  -4.0593651267254850e-07
   4.0000000000000000e+00   3.0000000000000000e+00  -4.0515684686611708e-07
   3.0000000000000000e+00   1.5000000000000000e+01  -3.9730315831900845e-07
   4.0000000000000000e+00   8.0000000000000000e+00  -3.9602598147398986e-07
   1.1000000000000000e+01   2.0000000000000000e+00  -3.9588119219394567e-07
   2.0000000000000000e+00   1.5000000000000000e+01   3.8809495562930567e-07
   6.0000000000000000e+00   1.1000000000000000e+01   3.8640151110169043e-07
   1.2000000000000000e+01   4.0000000000000000e+00   3.8377414134387975e-07
   1.0000000000000000e+00   9.0000000000000000e+00   3.8124928462216767e-07
   2.0000000000000000e+01   4.0000000000000000e+00  -3.7576340074520161e-07
   1.0000000000000000e+00   1.5000000000000000e+01   3.7260147005933484e-07
   2.0000000000000000e+00   5.0000000000000000e+00  -3.6893802986972000e-07
   1.4000000000000000e+01   3.0000000000000000e+00  -3.6870816255919953e-07
   1.0000000000000000e+00   1.3000000000000000e+01  -3.6388064420467975e-07
   1.0000000000000000e+01   6.0000000000000000e+00   3.5438882421355009e-07
   2.2000000000000000e+01   3.0000000000000000e+00   3.5105383396659937e-07
   2.0000000000000000e+00   1.3000000000000000e+01  -3.4771856390953077e-07
   0.0000000000000000e+00   2.4000000000000000e+01  -3.4557731133814592e-07
   5.0000000000000000e+00   4.0000000000000000e+00  -3.4042781151234899e-07
   6.0000000000000000e+00   1.7000000000000000e+01   3.3682224221353097e-07
   2.2000000000000000e+01   1.0000000000000000e+00  -3.3157063679009812e-07
   4.0000000000000000e+00   6.0000000000000000e+00   3.2967906481259144e-07
   3.0000000000000000e+00   1.3000000000000000e+01   3.2941609752537332e-07
   8.0000000000000000e+00   9.0000000000000000e+00   3.2851564018317648e-07
   2.0000000000000000e+00   1.8000000000000000e+01   3.2255186925356767e-07
   6.0000000000000000e+00   1.2000000000000000e+01  -3.1912311283767263e-07
   1.2000000000000000e+01   1.0000000000000000e+01   3.1641452379530375e-07
   6.0000000000000000e+00   1.5000000000000000e+01  -3.1614744630926018e-07
   1.8000000000000000e+01   3.0000000000000000e+00   3.1500453816932204e-07
   6.0000000000000000e+00   5.0000000000000000e+00   3.1478558262008433e-07
   1.8000000000000000e+01   6.0000000000000000e+00  -3.1305143380756616e-07
   4.0000000000000000e+00   9.0000000000000000e+00   3.1111883775797703e-07
   7.0000000000000000e+00   3.0000000000000000e+00   3.1004235176407565e-07
   7.0000000000000000e+00   1.0000000000000000e+00  -3.0685535094909624e-07
   7.0000000000000000e+00   5.0000000000000000e+00   3.0233511618527883e-07
   4.0000000000000000e+00   4.0000000000000000e+00  -3.0217729156779974e-07
   2.0000000000000000e+00   2.1000000000000000e+01   3.0089737820884510e-07
   8.0000000000000000e+00   1.5000000000000000e+01   3.0032429125717025e-07
   1.0000000000000000e+00   2.1000000000000000e+01   2.9774861484173611e-07
   1.4000000000000000e+01   1.0000000000000000e+01  -2.8708740726804138e-07
   1.2000000000000000e+01   1.2000000000000000e+01  -2.8341385250454896e-07
   2.0000000000000000e+00   1.4000000000000000e+01  -2.8082229757656454e-07
   1.5000000000000000e+01   5.0000000000000000e+00  -2.8012739388175344e-07
   1.6000000000000000e+01   8.0000000000000000e+00  -2.7996202513647576e-07
   1.4000000000000000e+01   8.0000000000000000e+00   2.7991679535173599e-07
   6.0000000000000000e+00   1.4000000000000000e+01   2.7775544658575311e-07
   1.2000000000000000e+01   6.0000000000000000e+00  -2.7637382979305524e-07
   5.0000000000000000e+00   8.0000000000000000e+00   2.7351651431130730e-07
   4.0000000000000000e+00   1.6000000000000000e+01   2.7321442012364822e-07
   2.0000000000000000e+00   2.3000000000000000e+01  -2.7078488488426759e-07
   1.1000000000000000e+01   3.0000000000000000e+00  -2.6835437845716834e-07
   4.0000000000000000e+00   1.0000000000000000e+01   2.6733925617740466e-07
   8.0000000000000000e+00   7.0000000000000000e+00  -2.6423998892710736e-07
   8.0000000000000000e+00   8.0000000000000000e+00   2.6294542203380416e-07
   9.0000000000000000e+00   5.0000000000000000e+00  -2.5822535836405232e-07
   3.0000000000000000e+00   5.0000000000000000e+00   2.5387662408382786e-07
   7.0000000000000000e+00   0.0000000000000000e+00   2.5245042706598003e-07
   4.0000000000000000e+00   1.4000000000000000e+01  -2.4798696883594311e-07
   1.3000000000000000e+01   4.0000000000000000e+00   2.4405933216673625e-07
   4.0000000000000000e+00   1.9000000000000000e+01   2.4243709301532260e-07
   6.0000000000000000e+00   1.0000000000000000e+01   2.4105092152206824e-07
   3.0000000000000000e+00   2.1000000000000000e+01  -2.3878395291792925e-07
   7.0000000000000000e+00   7.0000000000000000e+00  -2.3549984577812627e-07
   2.1000000000000000e+01   4.0000000000000000e+00  -2.3533413659785192e-07
   8.0000000000000000e+00   1.3000000000000000e+01  -2.3463433416253120e-07
   3.0000000000000000e+00   9.0000000000000000e+00  -2.3299569590153627e-07
   1.0000000000000000e+00   1.9000000000000000e+01  -2.3216462353497949e-07
   3.0000000000000000e+00   1.0000000000000000e+01   2.3178507877006611e-07
   2.0000000000000000e+01   1.0000000000000000e+00   2.2163111101815579e-07
   2.4000000000000000e+01   1.0000000000000000e+00   2.2058883685243350e-07
   4.0000000000000000e+00   1.7000000000000000e+01  -2.2031014785581395e-07
   1.0000000000000000e+00   1.8000000000000000e+01  -2.1744464332860792e-07
   0.0000000000000000e+00   2.1000000000000000e+01  -2.1595453116726259e-07
   1.0000000000000000e+01   1.2000000000000000e+01   2.1146760841323623e-07
   1.0000000000000000e+00   2.0000000000000000e+01   2.0788968492006790e-07
   3.0000000000000000e+00   1.7000000000000000e+01   2.0788051242058451e-07
   1.0000000000000000e+01   1.4000000000000000e+01  -2.0369267806680103e-07
   1.7000000000000000e+01   5.0000000000000000e+00   2.0300930649888572e-07
   1.3000000000000000e+01   5.0000000000000000e+00   2.0121722627529454e-07
   1.6000000000000000e+01   6.0000000000000000e+00   1.9972369114067077e-07
   1.1000000000000000e+01   4.0000000000000000e+00  -1.9806648988893111e-07
   2.0000000000000000e+00   1.6000000000000000e+01  -1.9694420159125664e-07
   9.0000000000000000e+00   8.0000000000000000e+00  -1.9405221274330473e-07
   1.8000000000000000e+01   5.0000000000000000e+00  -1.9243450846776627e-07
   2.0000000000000000e+00   2.0000000000000000e+01  -1.9013352936281607e-07
   1.4000000000000000e+01   2.0000000000000000e+00   1.8999190348559336e-07
   8.0000000000000000e+00   1.0000000000000000e+01  -1.8843138877659184e-07
   1.3000000000000000e+01   2.0000000000000000e+00   1.8289491850389722e-07
   9.0000000000000000e+00   3.0000000000000000e+00   1.8073014720876343e-07
   1.0000000000000000e+01   1.3000000000000000e+01   1.7668162657033324e-07
   1.0000000000000000e+00   1.0000000000000000e+01  -1.7603188694782318e-07
   1.0000000000000000e+00   1.2000000000000000e+01  -1.7601330200578154e-07
   1.5000000000000000e+01   4.0000000000000000e+00  -1.7398515303699748e-07
   1.9000000000000000e+01   6.0000000000000000e+00  -1.7038789425221469e-07
   1.0000000000000000e+01   7.0000000000000000e+00   1.6983556977509276e-07
   5.0000000000000000e+00   7.0000000000000000e+00   1.6850086386328006e-07
   1.1000000000000000e+01   8.0000000000000000e+00   1.6533107454889844e-07
   1.6000000000000000e+01   4.0000000000000000e+00   1.6350031421097960e-07
   9.0000000000000000e+00   1.0000000000000000e+00   1.6212792892661567e-07
   1.3000000000000000e+01   1.2000000000000000e+01   1.6087533029119785e-07
   2.0000000000000000e+01   2.0000000000000000e+00  -1.6079637433200535e-07
   9.0000000000000000e+00   1.3000000000000000e+01   1.5916585551637901e-07
   7.0000000000000000e+00   1.1000000000000000e+01   1.5904378412359038e-07
   6.0000000000000000e+00   1.9000000000000000e+01  -1.5854138753732236e-07
   8.0000000000000000e+00   1.7000000000000000e+01  -1.5792466324614161e-07
   1.4000000000000000e+01   0.0000000000000000e+00  -1.5781189107743936e-07
   7.0000000000000000e+00   1.3000000000000000e+01  -1.5523616059612622e-07
   5.0000000000000000e+00   5.0000000000000000e+00  -1.5492121611080216e-07
   1.0000000000000000e+00   1.4000000000000000e+01   1.5394625506637169e-07
   1.5000000000000000e+01   7.0000000000000000e+00   1.5158212563246554e-07
   1.8000000000000000e+01   4.0000000000000000e+00   1.5109734687833762e-07
   5.0000000000000000e+00   1.5000000000000000e+01   1.4947229860585781e-07
   2.0000000000000000e+00   1.9000000000000000e+01  -1.4936574312155186e-07
   1.3000000000000000e+01   7.0000000000000000e+00  -1.4801891285052171e-07
   1.8000000000000000e+01   7.0000000000000000e+00   1.4327629008101199e-07
   1.0000000000000000e+00   3.0000000000000000e+00   1.4315576231150049e-07
   3.0000000000000000e+00   2.0000000000000000e+01  -1.4281352535710784e-07
   1.1000000000000000e+01   1.4000000000000000e+01   1.4281052067887729e-07
   1.2000000000000000e+01   1.0000000000000000e+00  -1.4278940790298052e-07
   2.0000000000000000e+00   1.7000000000000000e+01  -1.4027110759249414e-07
   1.6000000000000000e+01   7.0000000000000000e+00  -1.3883843808001242e-07
   1.9000000000000000e+01   4.0000000000000000e+00   1.3830004250654765e-07
   9.0000000000000000e+00   1.1000000000000000e+01  -1.3702797230089705e-07
   9.0000000000000000e+00   1.5000000000000000e+01  -1.3524127861215208e-07
   2.1000000000000000e+01   0.0000000000000000e+00   1.3498060648057389e-07
   6.0000000000000000e+00   1.6000000000000000e+01  -1.3403064469962870e-07
   2.3000000000000000e+01   0.0000000000000000e+00  -1.3143081856518714e-07
   1.0000000000000000e+01   8.0000000000000000e+00  -1.3103982448226484e-07
   2.0000000000000000e+01   5.0000000000000000e+00   1.3094501403424370e-07
   3.0000000000000000e+00   1.8000000000000000e+01   1.3085216230737395e-07
   3.0000000000000000e+00   6.0000000000000000e+00  -1.2946835121814773e-07
   1.2000000000000000e+01   5.0000000000000000e+00  -1.2933618464647502e-07
   9.0000000000000000e+00   7.0000000000000000e+00   1.2864703286502298e-07
   9.0000000000000000e+00   1.0000000000000000e+01   1.2750962420814767e-07
   1.9000000000000000e+01   0.0000000000000000e+00  -1.2644147086868663e-07
   1.2000000000000000e+01   8.0000000000000000e+00  -1.2574375741165167e-07
   2.5000000000000000e+01   0.0000000000000000e+00   1.2338142716313619e-07
   1.0000000000000000e+00   2.3000000000000000e+01  -1.2154637075758681e-07
   1.0000000000000000e+01   9.0000000000000000e+00  -1.2138105762844081e-07
   1.8000000000000000e+01   1.0000000000000000e+00   1.2125915176600914e-07
   1.0000000000000000e+01   1.0000000000000000e+01  -1.2124608143435135e-07
   1.7000000000000000e+01   6.0000000000000000e+00   1.2097776474410066e-07
   4.0000000000000000e+00   2.0000000000000000e+01  -1.2001629910690449e-07
   1.6000000000000000e+01   5.0000000000000000e+00   1.1640681036419439e-07
   5.0000000000000000e+00   1.7000000000000000e+01  -1.1417864753691879e-07
   4.0000000000000000e+00   1.8000000000000000e+01  -1.1208125973290028e-07
   5.0000000000000000e+00   6.0000000000000000e+00  -1.0729811025051132e-07
   1.7000000000000000e+01   3.0000000000000000e+00  -1.0704682007479793e-07
   1.1000000000000000e+01   1.2000000000000000e+01  -1.0702964510649880e-07
   4.0000000000000000e+00   2.1000000000000000e+01  -1.0674539672073234e-07
   9.0000000000000000e+00   1.6000000000000000e+01   1.0510640664065514e-07
   1.7000000000000000e+01   0.0000000000000000e+00   1.0458391557419776e-07
   7.0000000000000000e+00   1.5000000000000000e+01   1.0285497944106397e-07
   1.3000000000000000e+01   1.0000000000000000e+00  -1.0236843300548445e-07
   1.3000000000000000e+01   3.0000000000000000e+00   1.0179258992428232e-07
   6.0000000000000000e+00   7.0000000000000000e+00   1.0156242276883395e-07
   1.0000000000000000e+00   2.2000000000000000e+01  -9.9899032166379648e-08
   1.4000000000000000e+01   7.0000000000000000e+00   9.8498332698031553e-08
   7.0000000000000000e+00   1.0000000000000000e+01  -9.8106367518128690e-08
   2.3000000000000000e+01   1.0000000000000000e+00   9.3751191266674369e-08
   3.0000000000000000e+00   2.2000000000000000e+01   9.3556391259753251e-08
   2.0000000000000000e+00   1.1000000000000000e+01  -9.3441909308730497e-08
   1.5000000000000000e+01   1.0000000000000000e+01   9.2590288493428531e-08
   5.0000000000000000e+00   1.0000000000000000e+01  -9.1096654743373718e-08
   3.0000000000000000e+00   1.4000000000000000e+01  -8.9993278179887358e-08
   9.0000000000000000e+00   1.4000000000000000e+01  -8.9961850011823303e-08
   1.2000000000000000e+01   7.0000000000000000e+00  -8.9908254961720065e-08
   1.0000000000000000e+01   1.5000000000000000e+01  -8.9281685622298378e-08
   1.7000000000000000e+01   2.0000000000000000e+00  -8.8457732634581220e-08
   7.0000000000000000e+00   1.8000000000000000e+01   8.5710704974192065e-08
   1.3000000000000000e+01   8.0000000000000000e+00  -8.5442163091983676e-08
   8.0000000000000000e+00   1.6000000000000000e+01  -8.5186449886741170e-08
   8.0000000000000000e+00   1.2000000000000000e+01   8.4222522056026318e-08
   2.2000000000000000e+01   2.0000000000000000e+00  -8.4062368812297106e-08
   1.0000000000000000e+01   1.1000000000000000e+01  -8.2628578912287541e-08
   9.0000000000000000e+00   4.0000000000000000e+00   8.1446263344203195e-08
   1.6000000000000000e+01   9.0000000000000000e+00   8.0206192641635060e-08
   1.5000000000000000e+01   0.0000000000000000e+00  -7.9199870093175278e-08
   5.0000000000000000e+00   1.4000000000000000e+01   7.8444558021618210e-08
   1.0000000000000000e+01   5.0000000000000000e+00   7.6956938764460356e-08
   1.9000000000000000e+01   2.0000000000000000e+00   7.5110215121638935e-08
   5.0000000000000000e+00   1.3000000000000000e+01  -7.4570159079039033e-08
   1.1000000000000000e+01   1.0000000000000000e+00   7.3955839156339229e-08
   1.0000000000000000e+00   7.0000000000000000e+00   7.3893307018854557e-08
   7.0000000000000000e+00   1.2000000000000000e+01   7.3457835200987768e-08
   1.7000000000000000e+01   7.0000000000000000e+00  -7.0722246889685445e-08
   1.1000000000000000e+01   0.0000000000000000e+00  -7.0675499113898270e-08
   5.0000000000000000e+00   1.2000000000000000e+01  -6.9413249599612073e-08
   8.0000000000000000e+00   6.0000000000000000e+00  -6.8860235316888712e-08
   2.1000000000000000e+01   3.0000000000000000e+00   6.8372979666415496e-08
   9.0000000000000000e+00   6.0000000000000000e+00   6.7406762597283919e-08
   6.0000000000000000e+00   1.8000000000000000e+01  -6.6775232212878473e-08
   1.3000000000000000e+01   0.0000000000000000e+00   6.6766726943549205e-08
   7.0000000000000000e+00   2.0000000000000000e+00  -6.6353993510934444e-08
   1.0000000000000000e+00   1.7000000000000000e+01  -6.6301846869527050e-08
   1.3000000000000000e+01   1.1000000000000000e+01   6.6066331097632816e-08
   1.5000000000000000e+01   3.0000000000000000e+00   6.5753659042071877e-08
   1.0000000000000000e+00   1.6000000000000000e+01   6.5344153678501891e-08
   7.0000000000000000e+00   1.7000000000000000e+01  -6.5112927217156400e-08
   1.2000000000000000e+01   1.1000000000000000e+01   6.2479682041185361e-08
   1.0000000000000000e+00   6.0000000000000000e+00   6.2443548143772965e-08
   3.0000000000000000e+00   1.9000000000000000e+01   5.8686151257196729e-08
   1.0000000000000000e+01   3.0000000000000000e+00  -5.8399515579303707e-08
   7.0000000000000000e+00   1.6000000000000000e+01  -5.7629500657269873e-08
   1.3000000000000000e+01   1.0000000000000000e+01  -5.7443603108133262e-08
   1.5000000000000000e+01   6.0000000000000000e+00  -5.5354055009192480e-08
   1.1000000000000000e+01   6.0000000000000000e+00  -5.5183301019564256e-08
   5.0000000000000000e+00   9.0000000000000000e+00   5.5132573576338702e-08
   7.0000000000000000e+00   4.0000000000000000e+00   5.5097819370255432e-08
   5.0000000000000000e+00   1.1000000000000000e+01  -5.4677471343473060e-08
   3.0000000000000000e+00   1.2000000000000000e+01   5.1622194923292408e-08
   2.1000000000000000e+01   1.0000000000000000e+00  -5.1016131917901405e-08
   8.0000000000000000e+00   1.1000000000000000e+01  -5.0642471887779162e-08
   1.9000000000000000e+01   5.0000000000000000e+00  -4.9372206078931162e-08
   5.0000000000000000e+00   2.0000000000000000e+01   4.6838312687441014e-08
   1.4000000000000000e+01   9.0000000000000000e+00  -4.5865734610756299e-08
   5.0000000000000000e+00   1.8000000000000000e+01  -4.5389282048772383e-08
   1.0000000000000000e+00   1.1000000000000000e+01  -4.4362801380123966e-08
   7.0000000000000000e+00   8.0000000000000000e+00   4.2162201614417092e-08
   1.5000000000000000e+01   8.0000000000000000e+00   4.1891565923383848e-08
   1.2000000000000000e+01   1.3000000000000000e+01  -3.8779376901074252e-08
   1.1000000000000000e+01   7.0000000000000000e+00   3.8621085565900597e-08
   1.7000000000000000e+01   8.0000000000000000e+00  -3.7514895765748230e-08
   9.0000000000000000e+00   0.0000000000000000e+00   3.6907014680211190e-08
   1.2000000000000000e+01   9.0000000000000000e+00   3.6606498196966855e-08
   1.1000000000000000e+01   1.0000000000000000e+01  -3.6597850001328266e-08
   1.4000000000000000e+01   5.0000000000000000e+00   3.6399742356009588e-08
   9.0000000000000000e+00   9.0000000000000000e+00   3.6185407872433642e-08
   1.9000000000000000e+01   3.0000000000000000e+00   3.6168345459386205e-08
   1.1000000000000000e+01   9.0000000000000000e+00  -3.1507384850469706e-08
   4.0000000000000000e+00   1.5000000000000000e+01  -3.0431359046362588e-08
   1.4000000000000000e+01   6.0000000000000000e+00   2.9207456955656361e-08
   1.3000000000000000e+01   6.0000000000000000e+00   2.8851666686799108e-08
   0.0000000000000000e+00   2.2000000000000000e+01   2.8730941396128211e-08
   3.0000000000000000e+00   1.6000000000000000e+01  -2.8612197443839572e-08
   1.7000000000000000e+01   1.0000000000000000e+00   2.7976336154156638e-08
   2.3000000000000000e+01   2.0000000000000000e+00  -2.6967958232356993e-08
   1.1000000000000000e+01   1.1000000000000000e+01   2.6809131872047237e-08
   7.0000000000000000e+00   9.0000000000000000e+00  -2.5396534424421501e-08
   1.1000000000000000e+01   5.0000000000000000e+00   2.4927927937626039e-08
   1.1000000000000000e+01   1.3000000000000000e+01  -2.4349308055380987e-08
   6.0000000000000000e+00   1.3000000000000000e+01   2.4268524972890960e-08
   1.6000000000000000e+01   3.0000000000000000e+00   2.4179195721806673e-08
   8.0000000000000000e+00   5.0000000000000000e+00  -2.4151430671492046e-08
   1.5000000000000000e+01   1.0000000000000000e+00   2.2408212406623476e-08
   2.1000000000000000e+01   2.0000000000000000e+00  -2.0571528965111202e-08
   1.7000000000000000e+01   4.0000000000000000e+00   2.0465430052447082e-08
   4.0000000000000000e+00   1.2000000000000000e+01   2.0291769090239962e-08
   7.0000000000000000e+00   6.0000000000000000e+00   1.9535769359854794e-08
   5.0000000000000000e+00   1.9000000000000000e+01   1.6327154103341471e-08
   3.0000000000000000e+00   7.0000000000000000e+00   1.3464792246844775e-08
   1.3000000000000000e+01   9.0000000000000000e+00   1.2344135472555990e-08
   1.0000000000000000e+01   4.0000000000000000e+00  -8.9891386096990498e-09
   3.0000000000000000e+00   1.1000000000000000e+01  -8.6007726699780329e-09
   1.5000000000000000e+01   9.0000000000000000e+00   8.2881333044431219e-09
   5.0000000000000000e+00   1.6000000000000000e+01  -8.2108883680911396e-09
   2.0000000000000000e+01   0.0000000000000000e+00   8.0473764170108635e-09
   1.5000000000000000e+01   2.0000000000000000e+00   6.8177381003403032e-09
   1.9000000000000000e+01   1.0000000000000000e+00  -6.7664162616671571e-09
   9.0000000000000000e+00   1.2000000000000000e+01   5.6844107559896438e-09
   2.0000000000000000e+00   2.2000000000000000e+01  -5.5210779228295466e-09
   6.0000000000000000e+00   8.0000000000000000e+00   5.4613333231815245e-09
   7.0000000000000000e+00   1.4000000000000000e+01  -3.1097330172208394e-09
   8.0000000000000000e+00   1.4000000000000000e+01  -1.6926701856198679e-09
   1.0000000000000000e+00   2.4000000000000000e+01  -6.2977955302572021e-10
   1.4000000000000000e+01   1.1000000000000000e+01  -1.5854766760924860e-10
