   0.0000000000000000e+00   0.0000000000000000e+00   7.5005269320188030e-04
   0.0000000000000000e+00   2.0000000000000000e+00   5.0724652621002883e-04
   0.0000000000000000e+00   1.0000000000000000e+00   3.3392353103458899e-04
   0.0000000000000000e+00   3.0000000000000000e+00   3.1830553701249199e-04
   1.0000000000000000e+00   0.0000000000000000e+00  -1.6930135722087374e-04
   0.0000000000000000e+00   4.0000000000000000e+00   1.6151495236719978e-04
   1.0000000000000000e+00   1.0000000000000000e+00   1.3845770482105626e-04
   2.0000000000000000e+00   0.0000000000000000e+00   1.0175670499585016e-04
   0.0000000000000000e+00   5.0000000000000000e+00   6.6511242850656902e-05
   2.0000000000000000e+00   1.0000000000000000e+00  -6.0357052124660597e-05
   3.0000000000000000e+00   0.0000000000000000e+00  -4.8767562408645163e-05
   4.0000000000000000e+00   0.0000000000000000e+00   3.2958374583908195e-05
   1.0000000000000000e+00   3.0000000000000000e+00   2.7413771000875275e-05
   3.0000000000000000e+00   1.0000000000000000e+00   2.5828852414290158e-05
   1.0000000000000000e+00   2.0000000000000000e+00   2.4447163865379854e-05
   1.0000000000000000e+00   4.0000000000000000e+00   1.7070324719866435e-05
   0.0000000000000000e+00   6.0000000000000000e+00   1.3097283490639075e-05
   5.0000000000000000e+00   0.0000000000000000e+00  -1.3007645773796155e-05
   5.0000000000000000e+00   1.0000000000000000e+00   1.1984204615454050e-05
   1.0000000000000000e+00   5.0000000000000000e+00   1.1344946816133415e-05
   4.0000000000000000e+00   2.0000000000000000e+00   1.0475493101246217e-05
   6.0000000000000000e+00   0.0000000000000000e+00   9.0540134406916749e-06
   4.0000000000000000e+00   3.0000000000000000e+00   7.7358385069088005e-06
   3.0000000000000000e+00   2.0000000000000000e+00  -7.6374221940800283e-06
   3.0000000000000000e+00   3.0000000000000000e+00  -6.5962480293159603e-06
   2.0000000000000000e+00   2.0000000000000000e+00   6.5938812274805475e-06
   3.0000000000000000e+00   4.0000000000000000e+00  -6.5018371855967523e-06
   1.0000000000000000e+00   8.0000000000000000e+00   6.3303625376182175e-06
   7.0000000000000000e+00   1.0000000000000000e+00   4.2972463291526675e-06
   7.0000000000000000e+00   3.0000000000000000e+00  -4.0342635503950381e-06
   1.0000000000000000e+00   1.0000000000000000e+01   3.9991182375218438e-06
   1.0000000000000000e+00   7.0000000000000000e+00   3.9985349792293078e-06
   8.0000000000000000e+00   3.0000000000000000e+00   3.6925057538827551e-06
   6.0000000000000000e+00   3.0000000000000000e+00   3.6099681708022170e-06
   1.0000000000000000e+00   6.0000000000000000e+00   3.5796484705198456e-06
   1.0000000000000000e+00   1.1000000000000000e+01   3.5632124749547723e-06
   5.0000000000000000e+00   4.0000000000000000e+00  -3.5299866453054971e-06
   5.0000000000000000e+00   3.0000000000000000e+00  -3.2719440143714796e-06
   1.0000000000000000e+00   9.0000000000000000e+00   3.2689345815092914e-06
   0.0000000000000000e+00   7.0000000000000000e+00   3.0987980280102791e-06
   2.0000000000000000e+00   1.1000000000000000e+01   2.9983552096531992e-06
   2.0000000000000000e+00   1.4000000000000000e+01   2.9857057914151711e-06
   4.0000000000000000e+00   4.0000000000000000e+00   2.9503282951794865e-06
   2.0000000000000000e+00   1.2000000000000000e+01   2.8637311315002854e-06
   0.0000000000000000e+00   1.0000000000000000e+01   2.7938862404228394e-06
   6.0000000000000000e+00   2.0000000000000000e+00   2.7611268705190893e-06
   7.0000000000000000e+00   0.0000000000000000e+00  -2.7534322806035397e-06
   7.0000000000000000e+00   4.0000000000000000e+00  -2.7450302560924698e-06
   8.0000000000000000e+00   2.0000000000000000e+00   2.7185873938688966e-06
   2.0000000000000000e+00   1.3000000000000000e+01   2.6269721711079344e-06
   1.0000000000000000e+01   3.0000000000000000e+00   2.5089942415828864e-06
   1.0000000000000000e+00   1.3000000000000000e+01   2.4374774478779433e-06
   9.0000000000000000e+00   2.0000000000000000e+00   2.4265448752976226e-06
   8.0000000000000000e+00   0.0000000000000000e+00   2.2900997699414710e-06
   4.0000000000000000e+00   7.0000000000000000e+00  -2.2671567314023965e-06
   6.0000000000000000e+00   5.0000000000000000e+00  -2.2671118934320157e-06
   1.2000000000000000e+01   1.0000000000000000e+00   2.2304447402292439e-06
   0.0000000000000000e+00   9.0000000000000000e+00   2.1161682211049605e-06
   3.0000000000000000e+00   8.0000000000000000e+00   2.0850627463262228e-06
   3.0000000000000000e+00   9.0000000000000000e+00   1.9548523547685328e-06
   2.0000000000000000e+00   6.0000000000000000e+00   1.9382029079969650e-06
   7.0000000000000000e+00   2.0000000000000000e+00   1.9021806288800005e-06
   1.0000000000000000e+00   1.2000000000000000e+01   1.8938967003954167e-06
   4.0000000000000000e+00   5.0000000000000000e+00  -1.8548694500609762e-06
   9.0000000000000000e+00   8.0000000000000000e+00   1.8045426024732172e-06
   3.0000000000000000e+00   1.0000000000000000e+01   1.7803635472301458e-06
   6.0000000000000000e+00   7.0000000000000000e+00  -1.7736266106720713e-06
   1.0000000000000000e+01   2.0000000000000000e+00   1.7329601595158168e-06
   3.0000000000000000e+00   1.5000000000000000e+01   1.7215354884956315e-06
   1.2000000000000000e+01   5.0000000000000000e+00  -1.7115644082617011e-06
   9.0000000000000000e+00   1.0000000000000000e+00   1.7059599757989615e-06
   7.0000000000000000e+00   5.0000000000000000e+00  -1.7015442552080678e-06
   3.0000000000000000e+00   1.4000000000000000e+01   1.6705904882916283e-06
   3.0000000000000000e+00   1.2000000000000000e+01   1.5774720939057912e-06
   1.0000000000000000e+01   1.0000000000000000e+00   1.5632912846478509e-06
   3.0000000000000000e+00   1.3000000000000000e+01   1.5596473329288017e-06
   7.0000000000000000e+00   7.0000000000000000e+00   1.5582694255815418e-06
   1.2000000000000000e+01   2.0000000000000000e+00   1.5542113721124013e-06
   9.0000000000000000e+00   0.0000000000000000e+00   1.5452944021373160e-06
   5.0000000000000000e+00   7.0000000000000000e+00   1.5252165850798167e-06
   4.0000000000000000e+00   1.1000000000000000e+01   1.5158371594957741e-06
   8.0000000000000000e+00   1.0000000000000000e+00   1.5010020825616974e-06
   1.1000000000000000e+01   0.0000000000000000e+00   1.4877876054612442e-06
   3.0000000000000000e+00   7.0000000000000000e+00   1.4761597445849464e-06
   2.0000000000000000e+00   1.0000000000000000e+01   1.4707977060358645e-06
   4.0000000000000000e+00   1.0000000000000000e+00  -1.4520876642834265e-06
   3.0000000000000000e+00   5.0000000000000000e+00  -1.4289553626304160e-06
   2.0000000000000000e+00   1.5000000000000000e+01   1.4076262512264726e-06
   3.0000000000000000e+00   6.0000000000000000e+00  -1.3759586493486880e-06
   9.0000000000000000e+00   3.0000000000000000e+00  -1.3735776143848170e-06
   9.0000000000000000e+00   7.0000000000000000e+00   1.3540363098771795e-06
   4.0000000000000000e+00   1.2000000000000000e+01   1.3388693544180031e-06
   1.0000000000000000e+01   5.0000000000000000e+00  -1.3250092788816226e-06
   5.0000000000000000e+00   6.0000000000000000e+00  -1.3245806569809147e-06
   2.0000000000000000e+00   9.0000000000000000e+00   1.3123382331591094e-06
   4.0000000000000000e+00   1.3000000000000000e+01   1.3041685621797277e-06
   1.1000000000000000e+01   3.0000000000000000e+00   1.3019504596489000e-06
   3.0000000000000000e+00   1.1000000000000000e+01   1.2863718725069760e-06
   1.1000000000000000e+01   2.0000000000000000e+00   1.2731847756954984e-06
   8.0000000000000000e+00   6.0000000000000000e+00  -1.2222196991069694e-06
   5.0000000000000000e+00   5.0000000000000000e+00  -1.1955290474818699e-06
   9.0000000000000000e+00   6.0000000000000000e+00   1.1944255257365490e-06
   1.1000000000000000e+01   1.2000000000000000e+01   1.1620160550102414e-06
   1.3000000000000000e+01   3.0000000000000000e+00   1.1589257738638985e-06
   1.1000000000000000e+01   1.0000000000000000e+00   1.1565238694602164e-06
   7.0000000000000000e+00   1.0000000000000000e+01  -1.1306465895275907e-06
   2.0000000000000000e+00   1.9000000000000000e+01  -1.1227486278513204e-06
   9.0000000000000000e+00   1.0000000000000000e+01  -1.1211910423118552e-06
   9.0000000000000000e+00   4.0000000000000000e+00  -1.1126453731739085e-06
   1.3000000000000000e+01   6.0000000000000000e+00  -1.1055411864291731e-06
   1.0000000000000000e+00   1.4000000000000000e+01   1.1054212831735827e-06
   9.0000000000000000e+00   5.0000000000000000e+00  -1.0886199811247614e-06
   2.0000000000000000e+00   3.0000000000000000e+00   1.0685330859330380e-06
   4.0000000000000000e+00   1.4000000000000000e+01   1.0501570575008462e-06
   5.0000000000000000e+00   1.1000000000000000e+01  -1.0446638506107085e-06
   1.1000000000000000e+01   1.3000000000000000e+01   1.0439518474497222e-06
   1.0000000000000000e+01   7.0000000000000000e+00   1.0430285547797443e-06
   1.9000000000000000e+01   5.0000000000000000e+00   1.0202971402341627e-06
   3.0000000000000000e+00   1.6000000000000000e+01   1.0115632745379381e-06
   6.0000000000000000e+00   1.2000000000000000e+01  -1.0092007031958824e-06
   5.0000000000000000e+00   2.0000000000000000e+00   9.9059021715569574e-07
   6.0000000000000000e+00   6.0000000000000000e+00  -9.0311581262746110e-07
   5.0000000000000000e+00   1.5000000000000000e+01   8.6235306399758997e-07
   1.4000000000000000e+01   3.0000000000000000e+00  -8.6137622105873650e-07
   3.0000000000000000e+00   2.0000000000000000e+01  -8.5735850655803492e-07
   2.0000000000000000e+00   1.8000000000000000e+01  -8.4940769994145187e-07
   1.0000000000000000e+00   1.8000000000000000e+01  -8.4049719627656953e-07
   3.0000000000000000e+00   1.9000000000000000e+01  -8.3737407310398610e-07
   1.6000000000000000e+01   3.0000000000000000e+00   8.2031650915611714e-07
   7.0000000000000000e+00   1.1000000000000000e+01  -8.0493964319542494e-07
   8.0000000000000000e+00   5.0000000000000000e+00  -7.9658824106886202e-07
   1.5000000000000000e+01   5.0000000000000000e+00  -7.8271791942585453e-07
   2.0000000000000000e+00   4.0000000000000000e+00  -7.7700040713777206e-07
   0.0000000000000000e+00   1.2000000000000000e+01   7.6796817837465323e-07
   1.2000000000000000e+01   1.3000000000000000e+01   7.6549838576914868e-07
   1.4000000000000000e+01   8.0000000000000000e+00   7.5787055850154484e-07
   8.0000000000000000e+00   1.2000000000000000e+01  -7.4608038960029538e-07
   8.0000000000000000e+00   4.0000000000000000e+00  -7.1827695346118531e-07
   1.0000000000000000e+01   0.0000000000000000e+00   7.0817116010453111e-07
   1.0000000000000000e+01   9.0000000000000000e+00   6.7049456962435621e-07
   2.0000000000000000e+00   2.3000000000000000e+01   6.6161073822388154e-07
   6.0000000000000000e+00   1.0000000000000000e+00  -6.5606318678870713e-07
   1.3000000000000000e+01   0.0000000000000000e+00   6.5100460261150237e-07
   1.4000000000000000e+01   2.0000000000000000e+00   6.4214396138946932e-07
   2.1000000000000000e+01   1.0000000000000000e+00  -6.3728997279993481e-07
   2.0000000000000000e+00   5.0000000000000000e+00  -6.0755186188929458e-07
   1.8000000000000000e+01   4.0000000000000000e+00   6.0631274947532948e-07
   1.1000000000000000e+01   1.0000000000000000e+01  -6.0575836516766873e-07
   4.0000000000000000e+00   1.0000000000000000e+01   6.0248686046653509e-07
   8.0000000000000000e+00   1.1000000000000000e+01  -5.9737756128140056e-07
   1.3000000000000000e+01   2.0000000000000000e+00   5.9625266473096565e-07
   0.0000000000000000e+00   8.0000000000000000e+00   5.9244762703713542e-07
   8.0000000000000000e+00   8.0000000000000000e+00   5.8613203164033788e-07
   7.0000000000000000e+00   1.6000000000000000e+01  -5.8224498876996591e-07
   1.4000000000000000e+01   4.0000000000000000e+00  -5.8200921601225410e-07
   1.0000000000000000e+01   1.2000000000000000e+01   5.7897298855537879e-07
   1.9000000000000000e+01   2.0000000000000000e+00  -5.6950902435695898e-07
   1.6000000000000000e+01   5.0000000000000000e+00   5.5664763674588567e-07
   1.7000000000000000e+01   3.0000000000000000e+00  -5.5446779005090286e-07
   9.0000000000000000e+00   1.5000000000000000e+01  -5.4225927826910942e-07
   8.0000000000000000e+00   1.3000000000000000e+01  -5.4159904044725133e-07
   1.0000000000000000e+00   1.7000000000000000e+01  -5.3880068080939362e-07
   1.6000000000000000e+01   1.0000000000000000e+00  -5.3801087664277798e-07
   1.8000000000000000e+01   5.0000000000000000e+00  -5.3477162846385085e-07
   1.5000000000000000e+01   6.0000000000000000e+00   5.2739281835648559e-07
   0.0000000000000000e+00   1.1000000000000000e+01   5.2410373898342642e-07
   7.0000000000000000e+00   1.2000000000000000e+01  -5.2072528554207936e-07
   1.1000000000000000e+01   8.0000000000000000e+00   5.0913396361805293e-07
   7.0000000000000000e+00   9.0000000000000000e+00  -5.0852391916761748e-07
   0.0000000000000000e+00   1.3000000000000000e+01   5.0623698287858558e-07
   3.0000000000000000e+00   1.7000000000000000e+01   5.0242105685161962e-07
   2.5000000000000000e+01   0.0000000000000000e+00  -5.0122807305121483e-07
   1.6000000000000000e+01   0.0000000000000000e+00   4.9718027158120138e-07
   1.1000000000000000e+01   6.0000000000000000e+00  -4.9539625116734344e-07
   9.0000000000000000e+00   9.0000000000000000e+00  -4.9460015443978482e-07
   2.0000000000000000e+01   2.0000000000000000e+00   4.9429743346565274e-07
   4.0000000000000000e+00   9.0000000000000000e+00   4.8725842533276000e-07
   3.0000000000000000e+00   2.1000000000000000e+01  -4.8685626540393382e-07
   1.3000000000000000e+01   1.1000000000000000e+01  -4.8617380001787815e-07
   5.0000000000000000e+00   1.4000000000000000e+01   4.8380127520775547e-07
   8.0000000000000000e+00   7.0000000000000000e+00   4.7989496173530082e-07
   1.2000000000000000e+01   8.0000000000000000e+00   4.7386087397771036e-07
   4.0000000000000000e+00   1.5000000000000000e+01   4.7031564020361344e-07
   1.4000000000000000e+01   1.1000000000000000e+01  -4.7002033419753472e-07
   5.0000000000000000e+00   1.7000000000000000e+01  -4.6538975247790135e-07
   1.9000000000000000e+01   3.0000000000000000e+00  -4.5683628340291533e-07
   1.9000000000000000e+01   0.0000000000000000e+00  -4.5673749403719487e-07
   1.9000000000000000e+01   1.0000000000000000e+00  -4.4582655456225937e-07
   1.8000000000000000e+01   7.0000000000000000e+00  -4.4108185768126022e-07
   1.1000000000000000e+01   9.0000000000000000e+00  -4.3955231819061691e-07
   1.4000000000000000e+01   1.0000000000000000e+00   4.3089482873720370e-07
   6.0000000000000000e+00   1.5000000000000000e+01  -4.3046410175168293e-07
   1.3000000000000000e+01   1.0000000000000000e+00   4.2983053505692979e-07
   1.5000000000000000e+01   2.0000000000000000e+00   4.2940666487604748e-07
   1.0000000000000000e+00   2.2000000000000000e+01   4.2326740345590734e-07
   1.3000000000000000e+01   5.0000000000000000e+00  -4.1878226278434710e-07
   1.0000000000000000e+01   8.0000000000000000e+00   4.1872260767104556e-07
   1.3000000000000000e+01   9.0000000000000000e+00   4.1792615856482055e-07
   2.1000000000000000e+01   0.0000000000000000e+00   4.1747360055953316e-07
   1.0000000000000000e+00   2.1000000000000000e+01  -4.1613339611720272e-07
   1.2000000000000000e+01   6.0000000000000000e+00  -4.1479632692263302e-07
   4.0000000000000000e+00   8.0000000000000000e+00  -4.1429823121953367e-07
   2.0000000000000000e+01   4.0000000000000000e+00  -3.9833167605074213e-07
   1.6000000000000000e+01   2.0000000000000000e+00  -3.9553633747195681e-07
   2.1000000000000000e+01   2.0000000000000000e+00  -3.8811164711621476e-07
   1.4000000000000000e+01   1.0000000000000000e+01  -3.7829607625224477e-07
   1.7000000000000000e+01   0.0000000000000000e+00  -3.7698596636536530e-07
   1.0000000000000000e+01   6.0000000000000000e+00  -3.7185223702072690e-07
   1.0000000000000000e+00   1.6000000000000000e+01   3.7059533628280277e-07
   5.0000000000000000e+00   9.0000000000000000e+00   3.5513330826974771e-07
   9.0000000000000000e+00   1.3000000000000000e+01   3.4617518575384534e-07
   2.0000000000000000e+00   8.0000000000000000e+00   3.4275936006449297e-07
   1.5000000000000000e+01   8.0000000000000000e+00   3.4047093384743547e-07
   6.0000000000000000e+00   1.9000000000000000e+01   3.3885339571490568e-07
   6.0000000000000000e+00   1.4000000000000000e+01  -3.3624334627954031e-07
   9.0000000000000000e+00   1.2000000000000000e+01   3.3607613673797924e-07
   5.0000000000000000e+00   1.8000000000000000e+01  -3.3448491679990563e-07
   2.0000000000000000e+00   2.1000000000000000e+01  -3.3331419340635974e-07
   1.0000000000000000e+01   1.0000000000000000e+01  -3.3121828913821144e-07
   7.0000000000000000e+00   8.0000000000000000e+00   3.2752831643489080e-07
   5.0000000000000000e+00   8.0000000000000000e+00  -3.2169832046813740e-07
   3.0000000000000000e+00   2.2000000000000000e+01  -3.2029926237387214e-07
   1.3000000000000000e+01   1.0000000000000000e+01  -3.1865386889295660e-07
   1.5000000000000000e+01   3.0000000000000000e+00   3.1846470493041537e-07
   2.2000000000000000e+01   1.0000000000000000e+00   3.1467534439082371e-07
   7.0000000000000000e+00   1.5000000000000000e+01  -3.0852507513606001e-07
   2.0000000000000000e+01   1.0000000000000000e+00   3.0684678672329172e-07
   6.0000000000000000e+00   9.0000000000000000e+00  -3.0606028093711372e-07
   0.0000000000000000e+00   1.7000000000000000e+01  -3.0472985576474714e-07
   1.7000000000000000e+01   2.0000000000000000e+00  -3.0388929760385910e-07
   2.4000000000000000e+01   1.0000000000000000e+00   3.0273117258496950e-07
   1.5000000000000000e+01   9.0000000000000000e+00   3.0248803009556321e-07
   2.0000000000000000e+00   2.0000000000000000e+01  -3.0216122959415635e-07
   1.2000000000000000e+01   0.0000000000000000e+00  -2.9956806916839032e-07
   8.0000000000000000e+00   9.0000000000000000e+00   2.9666688752164032e-07
   1.2000000000000000e+01   1.0000000000000000e+01  -2.9645945940148546e-07
   0.0000000000000000e+00   1.8000000000000000e+01   2.9154450102737398e-07
   4.0000000000000000e+00   6.0000000000000000e+00   2.8613381625874734e-07
   6.0000000000000000e+00   4.0000000000000000e+00   2.8350113077901439e-07
   0.0000000000000000e+00   1.4000000000000000e+01  -2.8258478431277758e-07
   6.0000000000000000e+00   1.7000000000000000e+01  -2.8010321254931360e-07
   7.0000000000000000e+00   1.3000000000000000e+01  -2.7796666283219474e-07
   1.6000000000000000e+01   7.0000000000000000e+00   2.7105191408949871e-07
   2.4000000000000000e+01   0.0000000000000000e+00   2.6960273890645110e-07
   1.0000000000000000e+01   1.5000000000000000e+01   2.6952937290209565e-07
   2.2000000000000000e+01   3.0000000000000000e+00   2.6819706849042867e-07
   1.6000000000000000e+01   9.0000000000000000e+00   2.6691176486297251e-07
   2.3000000000000000e+01   1.0000000000000000e+00   2.6674549641260340e-07
   5.0000000000000000e+00   1.0000000000000000e+01  -2.5189097037647278e-07
   1.0000000000000000e+01   4.0000000000000000e+00  -2.4261253191590652e-07
   4.0000000000000000e+00   2.1000000000000000e+01  -2.4120587684858058e-07
   1.1000000000000000e+01   1.4000000000000000e+01  -2.3779826952145912e-07
   7.0000000000000000e+00   1.4000000000000000e+01   2.3593499790076712e-07
   6.0000000000000000e+00   1.1000000000000000e+01  -2.3431746484493779e-07
   4.0000000000000000e+00   1.9000000000000000e+01   2.3392364507304964e-07
   2.0000000000000000e+00   1.6000000000000000e+01   2.3324324457956994e-07
   8.0000000000000000e+00   1.5000000000000000e+01   2.2786383270593307e-07
   5.0000000000000000e+00   1.9000000000000000e+01  -2.2728290157078360e-07
   5.0000000000000000e+00   1.2000000000000000e+01   2.2580151679615368e-07
   1.0000000000000000e+01   1.4000000000000000e+01   2.2387680280991335e-07
   1.1000000000000000e+01   5.0000000000000000e+00  -2.2239076944455416e-07
   0.0000000000000000e+00   2.3000000000000000e+01  -2.2218102285352569e-07
   5.0000000000000000e+00   2.0000000000000000e+01   2.1466597466665660e-07
   6.0000000000000000e+00   1.0000000000000000e+01   2.1382562622547585e-07
   1.2000000000000000e+01   1.1000000000000000e+01  -2.1369632795140112e-07
   9.0000000000000000e+00   1.4000000000000000e+01  -2.1199432806282421e-07
   7.0000000000000000e+00   1.8000000000000000e+01  -2.0895778525949254e-07
   8.0000000000000000e+00   1.0000000000000000e+01   2.0789671887383954e-07
   1.0000000000000000e+00   2.0000000000000000e+01  -2.0428854250215873e-07
   0.0000000000000000e+00   2.4000000000000000e+01   2.0322604149236213e-07
   1.7000000000000000e+01   1.0000000000000000e+00   2.0116639465866496e-07
   1.5000000000000000e+01   7.0000000000000000e+00   2.0088164518731815e-07
   7.0000000000000000e+00   1.7000000000000000e+01  -2.0025824797639512e-07
   1.2000000000000000e+01   9.0000000000000000e+00  -1.9889892394097131e-07
   4.0000000000000000e+00   1.8000000000000000e+01   1.9757789122707201e-07
   1.0000000000000000e+00   2.4000000000000000e+01  -1.9341904981493467e-07
   4.0000000000000000e+00   2.0000000000000000e+01  -1.9099431977769691e-07
   1.9000000000000000e+01   6.0000000000000000e+00  -1.8496845055034805e-07
   1.4000000000000000e+01   6.0000000000000000e+00  -1.8439879828066846e-07
   1.1000000000000000e+01   7.0000000000000000e+00   1.8337390188976515e-07
   8.0000000000000000e+00   1.4000000000000000e+01  -1.8326558382874378e-07
   1.0000000000000000e+00   1.9000000000000000e+01   1.8003889505153500e-07
   1.1000000000000000e+01   4.0000000000000000e+00  -1.7951816537418900e-07
   2.0000000000000000e+01   3.0000000000000000e+00  -1.7934751962341461e-07
   1.0000000000000000e+00   2.3000000000000000e+01   1.7767586008834877e-07
   1.4000000000000000e+01   0.0000000000000000e+00  -1.7509807898964785e-07
   0.0000000000000000e+00   1.5000000000000000e+01   1.7483928904255431e-07
   1.2000000000000000e+01   3.0000000000000000e+00  -1.7326078183791610e-07
   0.0000000000000000e+00   2.0000000000000000e+01  -1.7023830989373234e-07
   2.3000000000000000e+01   0.0000000000000000e+00  -1.6958810154448013e-07
   2.0000000000000000e+00   1.7000000000000000e+01   1.6916773034855445e-07
   5.0000000000000000e+00   1.3000000000000000e+01   1.6136102061045429e-07
   8.0000000000000000e+00   1.7000000000000000e+01  -1.5904983275332557e-07
   1.3000000000000000e+01   4.0000000000000000e+00  -1.5786244230789185e-07
   1.7000000000000000e+01   5.0000000000000000e+00   1.5650864000614399e-07
   9.0000000000000000e+00   1.6000000000000000e+01  -1.5505591347318425e-07
   0.0000000000000000e+00   1.6000000000000000e+01  -1.5159778761113777e-07
   1.8000000000000000e+01   2.0000000000000000e+00  -1.5126876134747296e-07
   6.0000000000000000e+00   1.3000000000000000e+01  -1.5017119416566026e-07
   0.0000000000000000e+00   2.1000000000000000e+01   1.4905805530170604e-07
   1.2000000000000000e+01   7.0000000000000000e+00   1.4577880090956152e-07
   1.6000000000000000e+01   6.0000000000000000e+00  -1.4491910756008788e-07
   0.0000000000000000e+00   2.2000000000000000e+01  -1.4355453575507677e-07
   1.8000000000000000e+01   1.0000000000000000e+00  -1.3814177343582264e-07
   1.0000000000000000e+01   1.1000000000000000e+01  -1.3399295948790282e-07
   6.0000000000000000e+00   8.0000000000000000e+00  -1.2187161846921304e-07
   1.8000000000000000e+01   3.0000000000000000e+00   1.1136717769621431e-07
   1.8000000000000000e+01   6.0000000000000000e+00   1.1112919399668812e-07
   1.0000000000000000e+00   1.5000000000000000e+01  -1.1015316601418717e-07
   4.0000000000000000e+00   1.7000000000000000e+01  -1.0748078671330450e-07
   1.7000000000000000e+01   8.0000000000000000e+00  -1.0616560296087756e-07
   1.4000000000000000e+01   7.0000000000000000e+00   1.0476794474262265e-07
   2.1000000000000000e+01   4.0000000000000000e+00   1.0388186771194935e-07
   1.5000000000000000e+01   1.0000000000000000e+01   1.0063528592617365e-07
   2.0000000000000000e+00   2.2000000000000000e+01  -9.7494753528693843e-08
   4.0000000000000000e+00   1.6000000000000000e+01   9.7282933977041765e-08
   1.5000000000000000e+01   1.0000000000000000e+00  -9.6391462573204058e-08
   2.1000000000000000e+01   3.0000000000000000e+00   9.4691383189960873e-08
   7.0000000000000000e+00   6.0000000000000000e+00  -9.1163467094986454e-08
   5.0000000000000000e+00   1.6000000000000000e+01  -8.8709603922044035e-08
   1.2000000000000000e+01   4.0000000000000000e+00  -8.6466484706362781e-08
   1.8000000000000000e+01   0.0000000000000000e+00  -8.5499872890651045e-08
   1.7000000000000000e+01   4.0000000000000000e+00   8.1592968178597146e-08
   6.0000000000000000e+00   1.8000000000000000e+01   7.2662345850836218e-08
   1.4000000000000000e+01   5.0000000000000000e+00   7.2389344161846282e-08
   0.0000000000000000e+00   2.5000000000000000e+01   6.7867231744130871e-08
   9.0000000000000000e+00   1.1000000000000000e+01   6.1709524817437029e-08
   2.0000000000000000e+01   5.0000000000000000e+00  -5.9263497536338624e-08
   1.5000000000000000e+01   4.0000000000000000e+00   5.5389273800586106e-08
   2.2000000000000000e+01   2.0000000000000000e+00   5.4519818576075766e-08
   1.9000000000000000e+01   4.0000000000000000e+00  -5.0843471892310672e-08
   1.0000000000000000e+01   1.3000000000000000e+01   4.9541674721615813e-08
   1.5000000000000000e+01   0.0000000000000000e+00   4.9252246953156953e-08
   1.3000000000000000e+01   1.2000000000000000e+01   4.8538485280000651e-08
   2.2000000000000000e+01   0.0000000000000000e+00   4.7502865241544804e-08
   3.0000000000000000e+00   1.8000000000000000e+01  -4.1870956404835093e-08
   2.0000000000000000e+01   0.0000000000000000e+00  -4.1376784252272985e-08
   1.4000000000000000e+01   9.0000000000000000e+00  -3.7590215451534623e-08
   1.6000000000000000e+01   4.0000000000000000e+00  -2.6635290109480524e-08
   1.1000000000000000e+01   1.1000000000000000e+01   1.8948991077706088e-08
   1.3000000000000000e+01   8.0000000000000000e+00   1.8691119612041106e-08
   0.0000000000000000e+00   1.9000000000000000e+01   1.5108470279951721e-08
   1.7000000000000000e+01   7.0000000000000000e+00  -1.2865457076672875e-08
   1.6000000000000000e+01   8.0000000000000000e+00   1.2045987399125032e-08
   2.0000000000000000e+00   7.0000000000000000e+00   8.6340792522186301e-09
   8.0000000000000000e+00   1.6000000000000000e+01  -4.7570173047996168e-09
   6.0000000000000000e+00   1.6000000000000000e+01  -2.5977547954537735e-09
   2.3000000000000000e+01   2.0000000000000000e+00  -1.2571788269865508e-09
   1.3000000000000000e+01   7.0000000000000000e+00  -4.4591049558365724e-10
   1.7000000000000000e+01   6.0000000000000000e+00   2.9949848721028825e-10
   1.2000000000000000e+01   1.2000000000000000e+01  -1.3778132888495043e-11
