   0.0000000000000000e+00   0.0000000000000000e+00   3.4897149677717203e-04
   0.0000000000000000e+00   2.0000000000000000e+00   2.0927208246229221e-04
   0.0000000000000000e+00   4.0000000000000000e+00   2.0223293907245345e-04
   0.0000000000000000e+00   3.0000000000000000e+00   1.6935905705275114e-04
   0.0000000000000000e+00   5.0000000000000000e+00   1.2959117758363527e-04
   0.0000000000000000e+00   9.0000000000000000e+00  -1.2934239389998488e-04
   0.0000000000000000e+00   1.1000000000000000e+01   1.1631291697596335e-04
   2.0000000000000000e+00   0.0000000000000000e+00   1.0717459071064930e-04
   0.0000000000000000e+00   8.0000000000000000e+00  -1.0089198030239779e-04
   1.0000000000000000e+00   0.0000000000000000e+00   9.2470349337107731e-05
   0.0000000000000000e+00   1.7000000000000000e+01   8.5301181554798053e-05
   1.0000000000000000e+00   4.0000000000000000e+00   7.3277588060486777e-05
   0.0000000000000000e+00   1.5000000000000000e+01  -7.0432838780417714e-05
   0.0000000000000000e+00   2.5000000000000000e+01  -5.4449810547063272e-05
   1.0000000000000000e+00   2.0000000000000000e+00   5.2498244673013869e-05
   0.0000000000000000e+00   1.4000000000000000e+01  -4.9475771457769428e-05
   1.0000000000000000e+00   1.0000000000000000e+00  -4.9123686774825849e-05
   1.0000000000000000e+00   5.0000000000000000e+00   4.9080618685846048e-05
   0.0000000000000000e+00   2.3000000000000000e+01   4.8826476667167105e-05
   0.0000000000000000e+00   1.9000000000000000e+01  -4.5817877180978582e-05
   0.0000000000000000e+00   2.0000000000000000e+01  -4.3808784259170387e-05
   1.0000000000000000e+00   9.0000000000000000e+00  -4.1363801875309653e-05
   0.0000000000000000e+00   1.2000000000000000e+01   3.8259690670018675e-05
   3.0000000000000000e+00   0.0000000000000000e+00   3.7620760210426377e-05
   4.0000000000000000e+00   0.0000000000000000e+00   3.6430171007720505e-05
   0.0000000000000000e+00   1.8000000000000000e+01   3.5331002432283654e-05
   1.0000000000000000e+00   1.1000000000000000e+01   3.2259557918796188e-05
   0.0000000000000000e+00   1.0000000000000000e+01   3.0390555878608770e-05
   3.0000000000000000e+00   1.0000000000000000e+00  -2.7382366250460166e-05
   0.0000000000000000e+00   1.0000000000000000e+00   2.7224827933126248e-05
   1.0000000000000000e+00   1.7000000000000000e+01   2.7197345428847100e-05
   1.0000000000000000e+00   1.5000000000000000e+01  -2.6409396352239750e-05
   0.0000000000000000e+00   1.3000000000000000e+01  -2.4087820746368500e-05
   0.0000000000000000e+00   6.0000000000000000e+00   2.1976113926476970e-05
   1.0000000000000000e+00   3.0000000000000000e+00   2.1053191065776085e-05
   5.0000000000000000e+00   2.0000000000000000e+00  -2.0954523651547931e-05
   0.0000000000000000e+00   2.2000000000000000e+01   1.9963363121620536e-05
   2.0000000000000000e+00   2.0000000000000000e+00   1.8325461121483677e-05
   3.0000000000000000e+00   2.0000000000000000e+00  -1.8302376158034495e-05
   2.0000000000000000e+00   9.0000000000000000e+00  -1.7932728460386458e-05
   1.0000000000000000e+00   6.0000000000000000e+00  -1.7671477529740174e-05
   1.0000000000000000e+00   1.8000000000000000e+01   1.7423632540786442e-05
   2.0000000000000000e+00   7.0000000000000000e+00   1.6015259602129149e-05
   5.0000000000000000e+00   1.0000000000000000e+00  -1.6014153022403847e-05
   2.0000000000000000e+00   1.1000000000000000e+01   1.5782835090712658e-05
   1.0000000000000000e+00   2.3000000000000000e+01   1.5356797527391099e-05
   3.0000000000000000e+00   4.0000000000000000e+00   1.3981744174787365e-05
   7.0000000000000000e+00   2.0000000000000000e+00  -1.3699299406559064e-05
   4.0000000000000000e+00   5.0000000000000000e+00  -1.3504967607617070e-05
   1.0000000000000000e+00   1.6000000000000000e+01  -1.3501984242643242e-05
   1.0000000000000000e+00   1.9000000000000000e+01  -1.3009676980559871e-05
   0.0000000000000000e+00   2.1000000000000000e+01  -1.1629575563523711e-05
   6.0000000000000000e+00   0.0000000000000000e+00   1.1434251222147656e-05
   1.0000000000000000e+00   2.4000000000000000e+01   1.1172016215945671e-05
   5.0000000000000000e+00   0.0000000000000000e+00   1.1102923647921195e-05
   0.0000000000000000e+00   2.4000000000000000e+01   1.0731771462966413e-05
   7.0000000000000000e+00   1.0000000000000000e+00  -1.0580528120922862e-05
   3.0000000000000000e+00   6.0000000000000000e+00  -1.0477236078482299e-05
   2.0000000000000000e+00   5.0000000000000000e+00  -1.0362030228945154e-05
   1.0000000000000000e+00   2.0000000000000000e+01  -1.0295644836333881e-05
   2.0000000000000000e+00   1.3000000000000000e+01  -1.0061750831968103e-05
   4.0000000000000000e+00   7.0000000000000000e+00   1.0021932365838741e-05
   4.0000000000000000e+00   1.0000000000000000e+00   8.8287598474075734e-06
   2.0000000000000000e+00   6.0000000000000000e+00  -7.7907874875203510e-06
   1.0000000000000000e+01   2.0000000000000000e+00   7.7143557576946701e-06
   5.0000000000000000e+00   4.0000000000000000e+00   7.5333099206020608e-06
   6.0000000000000000e+00   1.0000000000000000e+00   7.4267156672180523e-06
   6.0000000000000000e+00   5.0000000000000000e+00  -7.1327125127244444e-06
   1.0000000000000000e+00   8.0000000000000000e+00  -6.9149027738670766e-06
   1.0000000000000000e+00   1.2000000000000000e+01   6.8721962197335475e-06
   8.0000000000000000e+00   1.0000000000000000e+00   6.5808861337607444e-06
   9.0000000000000000e+00   1.0000000000000000e+00  -6.0071905852396636e-06
   6.0000000000000000e+00   7.0000000000000000e+00   5.6117790123916993e-06
   1.2000000000000000e+01   2.0000000000000000e+00   5.5619119088889226e-06
   9.0000000000000000e+00   0.0000000000000000e+00  -5.4312544389399153e-06
   4.0000000000000000e+00   4.0000000000000000e+00  -5.2871555713513457e-06
   4.0000000000000000e+00   9.0000000000000000e+00  -5.2385572661534179e-06
   1.0000000000000000e+01   1.0000000000000000e+00   5.2173661904181316e-06
   8.0000000000000000e+00   3.0000000000000000e+00   5.2028075596515466e-06
   2.0000000000000000e+00   1.4000000000000000e+01   5.1449006716860612e-06
   2.0000000000000000e+00   2.2000000000000000e+01  -5.1000190454899584e-06
   3.0000000000000000e+00   1.1000000000000000e+01   5.0228361043726946e-06
   3.0000000000000000e+00   1.3000000000000000e+01  -4.9864074051741693e-06
   2.0000000000000000e+00   8.0000000000000000e+00   4.9027894012803119e-06
   8.0000000000000000e+00   2.0000000000000000e+00   4.8795023741612429e-06
   7.0000000000000000e+00   4.0000000000000000e+00   4.8661197296429511e-06
   0.0000000000000000e+00   1.6000000000000000e+01   4.8355997135180208e-06
   9.0000000000000000e+00   2.0000000000000000e+00  -4.8199259387517300e-06
   8.0000000000000000e+00   5.0000000000000000e+00  -4.6731460365827510e-06
   2.0000000000000000e+00   3.0000000000000000e+00   4.6627445042145042e-06
   9.0000000000000000e+00   5.0000000000000000e+00   4.6197298369351356e-06
   1.0000000000000000e+00   2.1000000000000000e+01  -4.5649279028846123e-06
   2.0000000000000000e+00   1.9000000000000000e+01  -4.5399559695046872e-06
   1.3000000000000000e+01   2.0000000000000000e+00  -4.4872466199802626e-06
   2.0000000000000000e+00   1.0000000000000000e+00  -4.4781545095315748e-06
   4.0000000000000000e+00   8.0000000000000000e+00   4.4414710099172206e-06
   3.0000000000000000e+00   8.0000000000000000e+00   4.3589153086191565e-06
   1.2000000000000000e+01   1.0000000000000000e+00   4.2648075290749039e-06
   1.1000000000000000e+01   5.0000000000000000e+00   4.0336130886257581e-06
   8.0000000000000000e+00   0.0000000000000000e+00   3.9434368360986823e-06
   1.0000000000000000e+00   7.0000000000000000e+00   3.9381452688699587e-06
   2.0000000000000000e+00   1.6000000000000000e+01  -3.8896825850270492e-06
   4.0000000000000000e+00   1.3000000000000000e+01  -3.7383142249285588e-06
   1.5000000000000000e+01   2.0000000000000000e+00  -3.7210981992132242e-06
   6.0000000000000000e+00   8.0000000000000000e+00   3.7150249932081714e-06
   1.0000000000000000e+01   5.0000000000000000e+00  -3.7094286043049899e-06
   1.3000000000000000e+01   1.0000000000000000e+00  -3.6339753913348313e-06
   5.0000000000000000e+00   1.3000000000000000e+01  -3.6172805323939548e-06
   4.0000000000000000e+00   1.1000000000000000e+01   3.6000730407352205e-06
   6.0000000000000000e+00   1.0000000000000000e+01  -3.5967520215222749e-06
   2.0000000000000000e+00   1.2000000000000000e+01  -3.5733404976245288e-06
   4.0000000000000000e+00   1.5000000000000000e+01   3.4167281176780398e-06
   2.0000000000000000e+00   1.7000000000000000e+01   3.3342922351338357e-06
   1.4000000000000000e+01   1.0000000000000000e+00   3.2924749989812237e-06
   3.0000000000000000e+00   9.0000000000000000e+00  -3.2507292295618913e-06
   1.1000000000000000e+01   1.0000000000000000e+00  -3.2392260358434173e-06
   8.0000000000000000e+00   1.0000000000000000e+01  -3.1392248429018919e-06
   7.0000000000000000e+00   1.5000000000000000e+01   3.1378203671800738e-06
   9.0000000000000000e+00   4.0000000000000000e+00   3.1370116643267986e-06
   1.1000000000000000e+01   3.0000000000000000e+00  -3.1295439819544969e-06
   1.6000000000000000e+01   2.0000000000000000e+00   3.1218751134293516e-06
   1.3000000000000000e+01   3.0000000000000000e+00  -3.1124224774289936e-06
   1.0000000000000000e+01   3.0000000000000000e+00   3.1046397278511894e-06
   1.1000000000000000e+01   2.0000000000000000e+00  -3.0499589575435894e-06
   5.0000000000000000e+00   1.5000000000000000e+01   3.0466627246887016e-06
   1.0000000000000000e+01   8.0000000000000000e+00   2.9122252502932036e-06
   1.1000000000000000e+01   8.0000000000000000e+00  -2.9103953604069496e-06
   3.0000000000000000e+00   1.4000000000000000e+01   2.8756292325175539e-06
   5.0000000000000000e+00   3.0000000000000000e+00   2.8627741285525307e-06
   2.0000000000000000e+00   2.1000000000000000e+01   2.8383250592828010e-06
   1.1000000000000000e+01   0.0000000000000000e+00  -2.8318443576413386e-06
   3.0000000000000000e+00   1.5000000000000000e+01   2.8242105028348541e-06
   8.0000000000000000e+00   1.2000000000000000e+01   2.7950622808854723e-06
   1.5000000000000000e+01   1.0000000000000000e+00  -2.7947655923140256e-06
   6.0000000000000000e+00   3.0000000000000000e+00   2.7841136356024541e-06
   5.0000000000000000e+00   6.0000000000000000e+00  -2.7443048993157707e-06
   1.3000000000000000e+01   1.0000000000000000e+01   2.7258870338762491e-06
   1.1000000000000000e+01   1.3000000000000000e+01  -2.7238487864415047e-06
   4.0000000000000000e+00   3.0000000000000000e+00   2.7218850610737737e-06
   1.4000000000000000e+01   1.1000000000000000e+01  -2.6846747662613487e-06
   1.2000000000000000e+01   8.0000000000000000e+00   2.6478058798185715e-06
   1.2000000000000000e+01   1.3000000000000000e+01   2.6390946505976530e-06
   6.0000000000000000e+00   9.0000000000000000e+00  -2.6199934969610432e-06
   6.0000000000000000e+00   4.0000000000000000e+00  -2.6181171073630746e-06
   9.0000000000000000e+00   1.3000000000000000e+01  -2.5938872829900249e-06
   3.0000000000000000e+00   1.2000000000000000e+01  -2.5913431569866112e-06
   1.1000000000000000e+01   1.0000000000000000e+01   2.5774429160637612e-06
   7.0000000000000000e+00   1.0000000000000000e+01   2.5746109769337690e-06
   1.2000000000000000e+01   4.0000000000000000e+00  -2.5739253954986936e-06
   1.3000000000000000e+01   8.0000000000000000e+00  -2.5667333292808410e-06
   4.0000000000000000e+00   1.0000000000000000e+01  -2.5529594075246524e-06
   1.1000000000000000e+01   7.0000000000000000e+00  -2.5495159792284956e-06
   7.0000000000000000e+00   1.3000000000000000e+01  -2.5178733451746682e-06
   1.8000000000000000e+01   2.0000000000000000e+00   2.5112775426978536e-06
   8.0000000000000000e+00   8.0000000000000000e+00   2.5093124596964955e-06
   1.0000000000000000e+01   1.0000000000000000e+01  -2.5046083009961918e-06
   1.6000000000000000e+01   3.0000000000000000e+00   2.5008352767935961e-06
   1.3000000000000000e+01   5.0000000000000000e+00   2.4970239077124038e-06
   9.0000000000000000e+00   1.1000000000000000e+01   2.4691122180674775e-06
   3.0000000000000000e+00   3.0000000000000000e+00   2.4301498948377696e-06
   1.6000000000000000e+01   5.0000000000000000e+00  -2.4123338242796958e-06
   8.0000000000000000e+00   7.0000000000000000e+00   2.4108481752009838e-06
   7.0000000000000000e+00   1.7000000000000000e+01  -2.4052940851180049e-06
   0.0000000000000000e+00   7.0000000000000000e+00  -2.3795335123538449e-06
   4.0000000000000000e+00   1.7000000000000000e+01  -2.3722637518859402e-06
   4.0000000000000000e+00   6.0000000000000000e+00  -2.3720975697011888e-06
   9.0000000000000000e+00   8.0000000000000000e+00  -2.3684180439054968e-06
   1.4000000000000000e+01   3.0000000000000000e+00   2.3301210547365433e-06
   5.0000000000000000e+00   1.0000000000000000e+01   2.3278404429385772e-06
   1.2000000000000000e+01   1.0000000000000000e+01  -2.3257661392108438e-06
   1.2000000000000000e+01   5.0000000000000000e+00  -2.3123682023014888e-06
   1.6000000000000000e+01   8.0000000000000000e+00   2.2819776242218011e-06
   1.4000000000000000e+01   5.0000000000000000e+00  -2.2610811378361599e-06
   9.0000000000000000e+00   1.5000000000000000e+01   2.2457406844705507e-06
   9.0000000000000000e+00   3.0000000000000000e+00  -2.2386331874127662e-06
   2.0000000000000000e+00   2.0000000000000000e+01   2.2194959808476304e-06
   7.0000000000000000e+00   1.2000000000000000e+01  -2.2158966890434651e-06
   1.8000000000000000e+01   1.0000000000000000e+00   2.1970697969287515e-06
   4.0000000000000000e+00   2.0000000000000000e+00  -2.1628984791652279e-06
   1.0000000000000000e+01   1.3000000000000000e+01   2.1303967983171960e-06
   1.9000000000000000e+01   3.0000000000000000e+00  -2.1247094335873208e-06
   7.0000000000000000e+00   8.0000000000000000e+00  -2.1155118591192591e-06
   1.5000000000000000e+01   8.0000000000000000e+00  -2.1025860904876184e-06
   7.0000000000000000e+00   0.0000000000000000e+00  -2.0792035350221492e-06
   5.0000000000000000e+00   1.2000000000000000e+01  -2.0725372244245922e-06
   1.7000000000000000e+01   1.0000000000000000e+00  -2.0721610751807092e-06
   1.9000000000000000e+01   2.0000000000000000e+00  -2.0697491580960244e-06
   1.4000000000000000e+01   2.0000000000000000e+00   2.0672486269393819e-06
   1.6000000000000000e+01   0.0000000000000000e+00   2.0484616603830260e-06
   1.7000000000000000e+01   2.0000000000000000e+00  -2.0430765760221725e-06
   1.2000000000000000e+01   1.1000000000000000e+01  -2.0393196685912475e-06
   1.5000000000000000e+01   5.0000000000000000e+00   2.0327693093664461e-06
   1.0000000000000000e+01   6.0000000000000000e+00  -1.9996227796404925e-06
   1.3000000000000000e+01   1.2000000000000000e+01  -1.9897930940211573e-06
   1.1000000000000000e+01   1.1000000000000000e+01   1.9763571184881560e-06
   1.0000000000000000e+01   7.0000000000000000e+00   1.9382884178834291e-06
   1.3000000000000000e+01   6.0000000000000000e+00   1.9301418812457189e-06
   8.0000000000000000e+00   1.3000000000000000e+01   1.9276939931443449e-06
   9.0000000000000000e+00   7.0000000000000000e+00  -1.9188113084843551e-06
   3.0000000000000000e+00   1.6000000000000000e+01  -1.9184813459457118e-06
   6.0000000000000000e+00   1.2000000000000000e+01   1.9075239752899133e-06
   1.0000000000000000e+00   2.2000000000000000e+01  -1.8485117224817340e-06
   1.0000000000000000e+01   0.0000000000000000e+00   1.8478217497742846e-06
   2.0000000000000000e+00   1.5000000000000000e+01   1.8402293912872864e-06
   1.0000000000000000e+01   1.5000000000000000e+01  -1.8384083369909051e-06
   1.9000000000000000e+01   1.0000000000000000e+00  -1.8263625778595979e-06
   1.6000000000000000e+01   6.0000000000000000e+00  -1.7866520436463695e-06
   9.0000000000000000e+00   1.0000000000000000e+01   1.7621499801641512e-06
   5.0000000000000000e+00   1.1000000000000000e+01   1.7353168067216159e-06
   1.1000000000000000e+01   6.0000000000000000e+00   1.7144353586013349e-06
   2.1000000000000000e+01   2.0000000000000000e+00  -1.7082833431601702e-06
   1.7000000000000000e+01   5.0000000000000000e+00   1.6986250683037672e-06
   1.0000000000000000e+01   4.0000000000000000e+00  -1.6618003977672424e-06
   2.0000000000000000e+01   1.0000000000000000e+00   1.6462222021245948e-06
   1.4000000000000000e+01   8.0000000000000000e+00   1.6439776203231214e-06
   1.6000000000000000e+01   1.0000000000000000e+00   1.6399486159858507e-06
   1.3000000000000000e+01   1.1000000000000000e+01   1.5929737797241889e-06
   1.4000000000000000e+01   1.0000000000000000e+01  -1.5553030293844016e-06
   8.0000000000000000e+00   1.5000000000000000e+01  -1.5511614971223868e-06
   1.5000000000000000e+01   0.0000000000000000e+00  -1.5417554979284794e-06
   2.0000000000000000e+01   2.0000000000000000e+00   1.4961496611383169e-06
   1.4000000000000000e+01   0.0000000000000000e+00   1.4907957318983323e-06
   1.8000000000000000e+01   5.0000000000000000e+00  -1.4899809947421627e-06
   1.0000000000000000e+01   1.1000000000000000e+01  -1.4813290547947207e-06
   5.0000000000000000e+00   1.8000000000000000e+01  -1.4804364723740896e-06
   7.0000000000000000e+00   5.0000000000000000e+00   1.4709655736219231e-06
   8.0000000000000000e+00   6.0000000000000000e+00  -1.4679497277261211e-06
   6.0000000000000000e+00   2.0000000000000000e+00   1.4652723198086478e-06
   1.5000000000000000e+01   4.0000000000000000e+00   1.4494924781013476e-06
   1.5000000000000000e+01   1.0000000000000000e+01   1.4403245257979662e-06
   2.2000000000000000e+01   2.0000000000000000e+00   1.4160803715010422e-06
   1.9000000000000000e+01   5.0000000000000000e+00   1.4152840362175570e-06
   8.0000000000000000e+00   1.4000000000000000e+01  -1.4111049155107110e-06
   1.7000000000000000e+01   8.0000000000000000e+00  -1.3867352507089108e-06
   1.9000000000000000e+01   6.0000000000000000e+00   1.3779557089819658e-06
   1.1000000000000000e+01   1.4000000000000000e+01  -1.3770076584828845e-06
   6.0000000000000000e+00   6.0000000000000000e+00  -1.3696896453791027e-06
   5.0000000000000000e+00   7.0000000000000000e+00  -1.3640808151599450e-06
   1.4000000000000000e+01   9.0000000000000000e+00   1.3611908998616240e-06
   2.2000000000000000e+01   3.0000000000000000e+00   1.3541676788617162e-06
   5.0000000000000000e+00   1.6000000000000000e+01   1.3427115620199272e-06
   1.3000000000000000e+01   0.0000000000000000e+00  -1.3113143590892660e-06
   2.0000000000000000e+00   4.0000000000000000e+00  -1.3080167828434442e-06
   1.2000000000000000e+01   7.0000000000000000e+00   1.2822157231813501e-06
   7.0000000000000000e+00   1.8000000000000000e+01  -1.2818680267896590e-06
   1.6000000000000000e+01   7.0000000000000000e+00   1.2773020973490510e-06
   1.5000000000000000e+01   6.0000000000000000e+00   1.2643269585733029e-06
   2.3000000000000000e+01   1.0000000000000000e+00  -1.2391893291675697e-06
   1.0000000000000000e+01   1.2000000000000000e+01   1.2078606631467349e-06
   8.0000000000000000e+00   1.1000000000000000e+01  -1.2033342511734648e-06
   2.0000000000000000e+00   1.8000000000000000e+01   1.1928478627062641e-06
   1.7000000000000000e+01   3.0000000000000000e+00  -1.1860009919103138e-06
   2.1000000000000000e+01   0.0000000000000000e+00  -1.1656681921500495e-06
   6.0000000000000000e+00   1.9000000000000000e+01   1.1557508425082937e-06
   7.0000000000000000e+00   1.1000000000000000e+01   1.1416548874629284e-06
   1.2000000000000000e+01   6.0000000000000000e+00  -1.1269563004313084e-06
   4.0000000000000000e+00   1.9000000000000000e+01   1.0917106653756508e-06
   9.0000000000000000e+00   6.0000000000000000e+00   1.0604406599531497e-06
   1.0000000000000000e+00   1.0000000000000000e+01  -1.0479683242726936e-06
   1.0000000000000000e+00   1.4000000000000000e+01   1.0467628476794757e-06
   1.4000000000000000e+01   6.0000000000000000e+00  -1.0410197005012929e-06
   1.8000000000000000e+01   4.0000000000000000e+00  -1.0398333842426516e-06
   2.0000000000000000e+01   3.0000000000000000e+00   1.0124643512014621e-06
   5.0000000000000000e+00   1.7000000000000000e+01  -1.0035781560340454e-06
   6.0000000000000000e+00   1.6000000000000000e+01  -1.0029109408458973e-06
   1.3000000000000000e+01   7.0000000000000000e+00  -9.3736454736092683e-07
   9.0000000000000000e+00   9.0000000000000000e+00  -9.2939412739704175e-07
   1.9000000000000000e+01   0.0000000000000000e+00  -9.2618152164294111e-07
   7.0000000000000000e+00   1.4000000000000000e+01   9.2590663212979522e-07
   2.0000000000000000e+01   5.0000000000000000e+00  -9.0816296558625994e-07
   1.5000000000000000e+01   3.0000000000000000e+00  -9.0623906113326891e-07
   1.5000000000000000e+01   7.0000000000000000e+00  -8.8946784521827049e-07
   5.0000000000000000e+00   1.9000000000000000e+01  -8.7435972788549509e-07
   1.8000000000000000e+01   6.0000000000000000e+00  -8.6226093836917069e-07
   6.0000000000000000e+00   1.8000000000000000e+01   8.5354922628216543e-07
   1.7000000000000000e+01   7.0000000000000000e+00  -8.1507158258224545e-07
   3.0000000000000000e+00   1.8000000000000000e+01   8.0807947018070633e-07
   6.0000000000000000e+00   1.7000000000000000e+01  -8.0354033025233131e-07
   3.0000000000000000e+00   2.2000000000000000e+01  -7.7979598500714967e-07
   3.0000000000000000e+00   7.0000000000000000e+00   7.7910268577700289e-07
   1.8000000000000000e+01   7.0000000000000000e+00   7.6404253581149636e-07
   3.0000000000000000e+00   1.7000000000000000e+01  -7.4833790964046573e-07
   2.2000000000000000e+01   0.0000000000000000e+00   7.4482126760232683e-07
   2.4000000000000000e+01   1.0000000000000000e+00   7.4166461499952164e-07
   7.0000000000000000e+00   7.0000000000000000e+00  -7.3858289519487645e-07
   1.7000000000000000e+01   4.0000000000000000e+00   7.3454190553297292e-07
   2.1000000000000000e+01   1.0000000000000000e+00  -7.3452462782416580e-07
   1.2000000000000000e+01   1.2000000000000000e+01   7.2474193822795447e-07
   5.0000000000000000e+00   9.0000000000000000e+00   7.0502800542797385e-07
   1.1000000000000000e+01   1.2000000000000000e+01  -7.0245675510029610e-07
   1.2000000000000000e+01   0.0000000000000000e+00   6.7902918538862758e-07
   1.1000000000000000e+01   4.0000000000000000e+00   6.5278723366317892e-07
   1.8000000000000000e+01   3.0000000000000000e+00   6.4705218566596610e-07
   5.0000000000000000e+00   5.0000000000000000e+00  -6.3817302082568682e-07
   1.5000000000000000e+01   9.0000000000000000e+00  -6.3504696316430042e-07
   5.0000000000000000e+00   2.0000000000000000e+01   6.3145118554439249e-07
   2.1000000000000000e+01   4.0000000000000000e+00   6.2303399901355982e-07
   1.7000000000000000e+01   6.0000000000000000e+00   6.2018801573940401e-07
   2.2000000000000000e+01   1.0000000000000000e+00   6.1044136117775073e-07
   9.0000000000000000e+00   1.2000000000000000e+01  -5.8831514564209135e-07
   2.3000000000000000e+01   2.0000000000000000e+00  -5.5863037312167099e-07
   4.0000000000000000e+00   1.2000000000000000e+01   5.3838178898957060e-07
   4.0000000000000000e+00   1.8000000000000000e+01  -5.3693806762768224e-07
   5.0000000000000000e+00   8.0000000000000000e+00  -5.2291135576537337e-07
   1.4000000000000000e+01   7.0000000000000000e+00   5.1608326370211374e-07
   7.0000000000000000e+00   1.6000000000000000e+01   5.1299660689097752e-07
   1.2000000000000000e+01   9.0000000000000000e+00   5.1077933755718489e-07
   9.0000000000000000e+00   1.6000000000000000e+01   5.0769784286878765e-07
   1.2000000000000000e+01   3.0000000000000000e+00   4.9095941994826991e-07
   3.0000000000000000e+00   5.0000000000000000e+00   4.8665460423195479e-07
   1.8000000000000000e+01   0.0000000000000000e+00   4.8648688404973405e-07
   6.0000000000000000e+00   1.1000000000000000e+01   4.7011956849331088e-07
   1.0000000000000000e+00   1.3000000000000000e+01  -4.5916852046243460e-07
   2.3000000000000000e+01   0.0000000000000000e+00   4.5851838624417183e-07
   8.0000000000000000e+00   4.0000000000000000e+00  -4.5690787611376219e-07
   8.0000000000000000e+00   1.7000000000000000e+01   4.4077258827074012e-07
   2.5000000000000000e+01   0.0000000000000000e+00  -4.3453496336528462e-07
   4.0000000000000000e+00   2.0000000000000000e+01   4.2978423629673379e-07
   7.0000000000000000e+00   6.0000000000000000e+00   4.2291846143089461e-07
   8.0000000000000000e+00   9.0000000000000000e+00  -4.1621062911470345e-07
   3.0000000000000000e+00   2.1000000000000000e+01   3.9957539861538952e-07
   1.3000000000000000e+01   9.0000000000000000e+00  -3.9351362271452771e-07
   1.7000000000000000e+01   0.0000000000000000e+00  -3.7372601075277489e-07
   1.9000000000000000e+01   4.0000000000000000e+00  -3.5900315100939690e-07
   7.0000000000000000e+00   3.0000000000000000e+00  -3.4986373162953772e-07
   2.4000000000000000e+01   0.0000000000000000e+00   3.4666389871291795e-07
   2.1000000000000000e+01   3.0000000000000000e+00  -3.2926428941540075e-07
   3.0000000000000000e+00   1.9000000000000000e+01  -3.1545554427446967e-07
   1.4000000000000000e+01   4.0000000000000000e+00  -3.1500726247743270e-07
   2.0000000000000000e+01   0.0000000000000000e+00   3.1217159997182398e-07
   6.0000000000000000e+00   1.3000000000000000e+01   2.8309243375419031e-07
   4.0000000000000000e+00   2.1000000000000000e+01  -2.7870553133329426e-07
   2.0000000000000000e+00   2.3000000000000000e+01  -2.6909689526341624e-07
   3.0000000000000000e+00   1.0000000000000000e+01   2.6384709413275856e-07
   1.0000000000000000e+01   1.4000000000000000e+01   2.6000087796142745e-07
   4.0000000000000000e+00   1.6000000000000000e+01   2.3268392054582752e-07
   1.1000000000000000e+01   9.0000000000000000e+00   1.9377506731532933e-07
   9.0000000000000000e+00   1.4000000000000000e+01  -1.8971300100459545e-07
   5.0000000000000000e+00   1.4000000000000000e+01   1.7345547627441678e-07
   3.0000000000000000e+00   2.0000000000000000e+01   1.6955037994394736e-07
   6.0000000000000000e+00   1.5000000000000000e+01   1.3265916660610572e-07
   4.0000000000000000e+00   1.4000000000000000e+01   1.2839450825686867e-07
   8.0000000000000000e+00   1.6000000000000000e+01  -1.1775251704064438e-07
   2.0000000000000000e+01   4.0000000000000000e+00  -7.1657888720383426e-08
   6.0000000000000000e+00   1.4000000000000000e+01   6.8377449215787776e-08
   1.6000000000000000e+01   9.0000000000000000e+00   6.4971056389454974e-08
   1.0000000000000000e+01   9.0000000000000000e+00  -5.5448926430257114e-08
   7.0000000000000000e+00   9.0000000000000000e+00   1.8027311721326266e-08
   1.6000000000000000e+01   4.0000000000000000e+00   1.5446033958113724e-08
   2.0000000000000000e+00   1.0000000000000000e+01  -1.4278514912842314e-08
   1.3000000000000000e+01   4.0000000000000000e+00   1.2466937442869770e-08
