   0.0000000000000000e+00   0.0000000000000000e+00   1.0096360910537632e-03
   0.0000000000000000e+00   1.0000000000000000e+00  -4.8833678152930364e-04
   1.0000000000000000e+00   0.0000000000000000e+00   4.1125554283320581e-04
   1.0000000000000000e+00   1.0000000000000000e+00  -3.4114510408131404e-04
   3.0000000000000000e+00   0.0000000000000000e+00  -2.8778488694952768e-04
   6.0000000000000000e+00   0.0000000000000000e+00   1.5497568379798626e-04
   3.0000000000000000e+00   1.0000000000000000e+00   1.5238710620652901e-04
   0.0000000000000000e+00   3.0000000000000000e+00   1.4601479305264328e-04
   5.0000000000000000e+00   0.0000000000000000e+00   1.3758554240263170e-04
   1.0000000000000000e+00   3.0000000000000000e+00   1.1875519974347023e-04
   1.0000000000000000e+01   0.0000000000000000e+00   1.1707913389345123e-04
   3.0000000000000000e+00   3.0000000000000000e+00  -1.1532292535526585e-04
   2.0000000000000000e+00   2.0000000000000000e+00   1.1226113907394682e-04
   4.0000000000000000e+00   0.0000000000000000e+00   9.7484013068513154e-05
   0.0000000000000000e+00   5.0000000000000000e+00  -9.2719695658559516e-05
   0.0000000000000000e+00   6.0000000000000000e+00   8.9060927301286652e-05
   2.0000000000000000e+00   3.0000000000000000e+00  -8.2144556392859186e-05
   4.0000000000000000e+00   4.0000000000000000e+00   8.0435817150436195e-05
   7.0000000000000000e+00   0.0000000000000000e+00  -7.9409769082782239e-05
   4.0000000000000000e+00   2.0000000000000000e+00   7.7285153253558555e-05
   2.0000000000000000e+00   4.0000000000000000e+00   7.3267218854540842e-05
   6.0000000000000000e+00   1.0000000000000000e+00  -7.3033466562282031e-05
   5.0000000000000000e+00   1.0000000000000000e+00  -7.2742941801049734e-05
   4.0000000000000000e+00   3.0000000000000000e+00  -7.2305153777510982e-05
   1.4000000000000000e+01   0.0000000000000000e+00   6.9056324606095134e-05
   3.0000000000000000e+00   2.0000000000000000e+00   6.2664303105276713e-05
   6.0000000000000000e+00   2.0000000000000000e+00   6.2157696204059051e-05
   0.0000000000000000e+00   2.0000000000000000e+00   6.1255492342996134e-05
   8.0000000000000000e+00   2.0000000000000000e+00   6.0326343355329579e-05
   8.0000000000000000e+00   0.0000000000000000e+00   5.8949280346433562e-05
   2.0000000000000000e+00   6.0000000000000000e+00   5.8138772544780763e-05
   1.0000000000000000e+00   5.0000000000000000e+00  -5.6872429581603857e-05
   1.2000000000000000e+01   0.0000000000000000e+00   5.5192102940040379e-05
   1.0000000000000000e+01   1.0000000000000000e+00  -5.3208973397333490e-05
   2.0000000000000000e+00   1.0000000000000000e+00  -5.2024677488872073e-05
   1.0000000000000000e+01   2.0000000000000000e+00   5.1917550588403345e-05
   6.0000000000000000e+00   4.0000000000000000e+00   5.1626162373770865e-05
   3.0000000000000000e+00   4.0000000000000000e+00   5.1313860426270687e-05
   4.0000000000000000e+00   5.0000000000000000e+00  -4.9661036481373170e-05
   4.0000000000000000e+00   6.0000000000000000e+00   4.6633430339964671e-05
   1.0000000000000000e+00   6.0000000000000000e+00   4.6267826787287379e-05
   2.0000000000000000e+00   5.0000000000000000e+00  -4.5817567272038329e-05
   8.0000000000000000e+00   4.0000000000000000e+00   4.5392664891124886e-05
   2.0000000000000000e+00   7.0000000000000000e+00  -4.5281476469664920e-05
   1.2000000000000000e+01   2.0000000000000000e+00   4.5000938680503243e-05
   6.0000000000000000e+00   5.0000000000000000e+00  -4.4677281127007171e-05
   6.0000000000000000e+00   6.0000000000000000e+00   4.2026860742632321e-05
   2.0000000000000000e+00   8.0000000000000000e+00   4.0933119534168577e-05
   4.0000000000000000e+00   1.0000000000000000e+00  -3.9757202324301951e-05
   8.0000000000000000e+00   3.0000000000000000e+00  -3.8988751165670748e-05
   7.0000000000000000e+00   1.0000000000000000e+00   3.6807333093331463e-05
   4.0000000000000000e+00   7.0000000000000000e+00  -3.6030022741036233e-05
   1.0000000000000000e+01   4.0000000000000000e+00   3.4617156306642621e-05
   5.0000000000000000e+00   3.0000000000000000e+00   3.2923659983465302e-05
   4.0000000000000000e+00   8.0000000000000000e+00   3.2878118087583880e-05
   2.0000000000000000e+00   9.0000000000000000e+00  -3.1391794646621886e-05
   1.1000000000000000e+01   0.0000000000000000e+00  -3.0696049405901440e-05
   1.6000000000000000e+01   0.0000000000000000e+00   3.0638866952341480e-05
   1.4000000000000000e+01   2.0000000000000000e+00   3.0567874060554444e-05
   1.8000000000000000e+01   0.0000000000000000e+00   3.0472179328808607e-05
   8.0000000000000000e+00   6.0000000000000000e+00   2.8961825291094002e-05
   1.2000000000000000e+01   4.0000000000000000e+00   2.8199180209796588e-05
   8.0000000000000000e+00   7.0000000000000000e+00  -2.5361560137473009e-05
   1.0000000000000000e+01   5.0000000000000000e+00  -2.5058895748820793e-05
   1.0000000000000000e+01   6.0000000000000000e+00   2.4835385251424317e-05
   2.0000000000000000e+00   1.0000000000000000e+01   2.4476335675381833e-05
   6.0000000000000000e+00   7.0000000000000000e+00  -2.3930812113683555e-05
   5.0000000000000000e+00   5.0000000000000000e+00  -2.3645395185526337e-05
   8.0000000000000000e+00   5.0000000000000000e+00  -2.3580289429091670e-05
   0.0000000000000000e+00   1.0000000000000000e+01   2.3550466934945593e-05
   1.6000000000000000e+01   2.0000000000000000e+00   2.3171019582203496e-05
   4.0000000000000000e+00   9.0000000000000000e+00  -2.2695286646589794e-05
   1.4000000000000000e+01   1.0000000000000000e+00  -2.2093495170064308e-05
   1.2000000000000000e+01   3.0000000000000000e+00  -2.1924169065320987e-05
   9.0000000000000000e+00   0.0000000000000000e+00   2.1713774918010789e-05
   1.4000000000000000e+01   4.0000000000000000e+00   2.1555428384997878e-05
   1.1000000000000000e+01   4.0000000000000000e+00  -2.1295181650927490e-05
   2.0000000000000000e+00   0.0000000000000000e+00   2.0951300486202391e-05
   9.0000000000000000e+00   3.0000000000000000e+00   2.0505468388389141e-05
   1.7000000000000000e+01   0.0000000000000000e+00  -1.9691366461222961e-05
   1.5000000000000000e+01   0.0000000000000000e+00  -1.9273947054776144e-05
   1.1000000000000000e+01   5.0000000000000000e+00   1.8615596604916641e-05
   8.0000000000000000e+00   8.0000000000000000e+00   1.8314262925178663e-05
   1.3000000000000000e+01   2.0000000000000000e+00  -1.8313841667898970e-05
   1.1000000000000000e+01   3.0000000000000000e+00   1.7902735637239278e-05
   1.2000000000000000e+01   6.0000000000000000e+00   1.7782775288913848e-05
   3.0000000000000000e+00   1.0000000000000000e+01  -1.7684322745283805e-05
   6.0000000000000000e+00   3.0000000000000000e+00  -1.7683002377552531e-05
   1.0000000000000000e+00   4.0000000000000000e+00  -1.7584121719241568e-05
   0.0000000000000000e+00   9.0000000000000000e+00  -1.7112302383181033e-05
   1.4000000000000000e+01   5.0000000000000000e+00  -1.6701200072037633e-05
   9.0000000000000000e+00   4.0000000000000000e+00  -1.6012106592454269e-05
   2.0000000000000000e+00   1.1000000000000000e+01  -1.5806728511052045e-05
   6.0000000000000000e+00   8.0000000000000000e+00   1.5750792261246106e-05
   1.2000000000000000e+01   7.0000000000000000e+00  -1.5060686264900004e-05
   9.0000000000000000e+00   6.0000000000000000e+00  -1.4878473805510721e-05
   9.0000000000000000e+00   2.0000000000000000e+00  -1.4612118316542312e-05
   1.9000000000000000e+01   0.0000000000000000e+00  -1.4498891744561564e-05
   0.0000000000000000e+00   4.0000000000000000e+00   1.4393409158979788e-05
   1.2000000000000000e+01   1.0000000000000000e+00  -1.4317731230287455e-05
   7.0000000000000000e+00   2.0000000000000000e+00   1.4177882322779514e-05
   5.0000000000000000e+00   1.0000000000000000e+01  -1.4176737450498797e-05
   1.0000000000000000e+01   7.0000000000000000e+00  -1.4151797676850092e-05
   1.3000000000000000e+01   3.0000000000000000e+00   1.3850510749900153e-05
   3.0000000000000000e+00   1.1000000000000000e+01   1.3816836710458900e-05
   1.1000000000000000e+01   2.0000000000000000e+00  -1.3795010492772100e-05
   2.1000000000000000e+01   0.0000000000000000e+00  -1.3667312429642084e-05
   1.1000000000000000e+01   6.0000000000000000e+00  -1.3575272593157483e-05
   1.2000000000000000e+01   5.0000000000000000e+00  -1.3331080954902426e-05
   3.0000000000000000e+00   1.2000000000000000e+01  -1.3266441008023317e-05
   6.0000000000000000e+00   9.0000000000000000e+00  -1.3115083439158635e-05
   9.0000000000000000e+00   8.0000000000000000e+00  -1.3081427813558114e-05
   1.4000000000000000e+01   6.0000000000000000e+00   1.2994437234780403e-05
   5.0000000000000000e+00   1.2000000000000000e+01  -1.2934588077760357e-05
   7.0000000000000000e+00   9.0000000000000000e+00   1.2369157054444090e-05
   5.0000000000000000e+00   1.1000000000000000e+01   1.2343772698694763e-05
   1.0000000000000000e+00   7.0000000000000000e+00   1.2282841736066214e-05
   7.0000000000000000e+00   1.0000000000000000e+01  -1.2119376209915920e-05
   9.0000000000000000e+00   7.0000000000000000e+00   1.2103210403494053e-05
   1.3000000000000000e+01   4.0000000000000000e+00  -1.2061217789128769e-05
   9.0000000000000000e+00   5.0000000000000000e+00   1.2016971460274510e-05
   1.3000000000000000e+01   0.0000000000000000e+00  -1.1855491783373380e-05
   5.0000000000000000e+00   9.0000000000000000e+00   1.1821045514014228e-05
   1.8000000000000000e+01   2.0000000000000000e+00   1.1716537244572986e-05
   0.0000000000000000e+00   1.1000000000000000e+01  -1.1640878216844938e-05
   2.0000000000000000e+01   0.0000000000000000e+00   1.1287764580498139e-05
   1.6000000000000000e+01   3.0000000000000000e+00  -1.1215437178782565e-05
   3.0000000000000000e+00   8.0000000000000000e+00   1.1177447965745683e-05
   7.0000000000000000e+00   5.0000000000000000e+00   1.1144912158319741e-05
   1.0000000000000000e+00   8.0000000000000000e+00  -1.1082735324387798e-05
   9.0000000000000000e+00   1.0000000000000000e+00  -1.1003097384790254e-05
   1.2000000000000000e+01   8.0000000000000000e+00   1.0999430289967676e-05
   4.0000000000000000e+00   1.3000000000000000e+01  -1.0664164219357959e-05
   3.0000000000000000e+00   7.0000000000000000e+00  -1.0649786265373314e-05
   1.1000000000000000e+01   8.0000000000000000e+00  -1.0635418977366121e-05
   4.0000000000000000e+00   1.0000000000000000e+01   1.0546769091691534e-05
   9.0000000000000000e+00   9.0000000000000000e+00   1.0530854304699288e-05
   1.6000000000000000e+01   4.0000000000000000e+00   1.0466849360683577e-05
   5.0000000000000000e+00   8.0000000000000000e+00  -1.0314099324196174e-05
   3.0000000000000000e+00   1.3000000000000000e+01   1.0301003656732720e-05
   1.0000000000000000e+00   1.2000000000000000e+01  -1.0299333729431472e-05
   3.0000000000000000e+00   1.4000000000000000e+01  -1.0239589471294567e-05
   1.4000000000000000e+01   3.0000000000000000e+00  -1.0050286200433287e-05
   8.0000000000000000e+00   1.0000000000000000e+00  -9.9316460686747318e-06
   1.0000000000000000e+00   1.0000000000000000e+01   9.9117149751705333e-06
   1.0000000000000000e+01   3.0000000000000000e+00  -9.7934300281183722e-06
   4.0000000000000000e+00   1.2000000000000000e+01   9.6050958575340418e-06
   2.2000000000000000e+01   0.0000000000000000e+00   9.6008057387230764e-06
   2.0000000000000000e+00   1.2000000000000000e+01   9.4459322890190288e-06
   1.1000000000000000e+01   7.0000000000000000e+00   9.2536682421502262e-06
   4.0000000000000000e+00   1.1000000000000000e+01  -8.9731869097643691e-06
   1.3000000000000000e+01   5.0000000000000000e+00   8.7300593473223626e-06
   3.0000000000000000e+00   9.0000000000000000e+00   8.4680171793666575e-06
   7.0000000000000000e+00   8.0000000000000000e+00  -8.3460949052309749e-06
   1.1000000000000000e+01   1.0000000000000000e+00   8.3286256603177886e-06
   1.0000000000000000e+01   8.0000000000000000e+00   8.1877632482411590e-06
   7.0000000000000000e+00   3.0000000000000000e+00  -7.9466981230490412e-06
   1.7000000000000000e+01   2.0000000000000000e+00  -7.8221718305053118e-06
   9.0000000000000000e+00   1.0000000000000000e+01  -7.6938179970538686e-06
   5.0000000000000000e+00   7.0000000000000000e+00   7.4586710018672961e-06
   4.0000000000000000e+00   1.4000000000000000e+01   7.2890122786508134e-06
   1.5000000000000000e+01   2.0000000000000000e+00  -7.0918840581503943e-06
   1.0000000000000000e+01   1.0000000000000000e+01   6.9970645934352607e-06
   1.6000000000000000e+01   5.0000000000000000e+00  -6.9340805309917279e-06
   1.1000000000000000e+01   9.0000000000000000e+00   6.9111944160044284e-06
   8.0000000000000000e+00   9.0000000000000000e+00  -6.8422588974808962e-06
   1.4000000000000000e+01   7.0000000000000000e+00  -6.8224148590074631e-06
   1.5000000000000000e+01   4.0000000000000000e+00  -6.7928491239059288e-06
   7.0000000000000000e+00   6.0000000000000000e+00  -6.7712298671967002e-06
   6.0000000000000000e+00   1.3000000000000000e+01  -6.5870887807679687e-06
   1.0000000000000000e+00   1.3000000000000000e+01   6.4647751951765609e-06
   4.0000000000000000e+00   1.5000000000000000e+01  -6.3816178057374389e-06
   1.0000000000000000e+00   2.0000000000000000e+00  -6.3444802264351378e-06
   5.0000000000000000e+00   2.0000000000000000e+00  -6.1683838358322446e-06
   1.3000000000000000e+01   6.0000000000000000e+00  -6.1463367379612974e-06
   1.8000000000000000e+01   1.0000000000000000e+00  -6.1236373902430896e-06
   1.3000000000000000e+01   7.0000000000000000e+00   6.0219188265968874e-06
   1.1000000000000000e+01   1.0000000000000000e+01  -6.0160354021858102e-06
   5.0000000000000000e+00   1.6000000000000000e+01  -5.9865633445192503e-06
   2.0000000000000000e+00   1.3000000000000000e+01  -5.8012536015319693e-06
   1.9000000000000000e+01   2.0000000000000000e+00  -5.7350399916884396e-06
   0.0000000000000000e+00   7.0000000000000000e+00  -5.6982984629513763e-06
   3.0000000000000000e+00   1.5000000000000000e+01   5.6631100613398178e-06
   2.3000000000000000e+01   0.0000000000000000e+00  -5.6448772940213918e-06
   5.0000000000000000e+00   6.0000000000000000e+00   5.6195008749728899e-06
   5.0000000000000000e+00   1.3000000000000000e+01   5.5465882307703208e-06
   1.3000000000000000e+01   8.0000000000000000e+00  -5.3495285275106457e-06
   2.0000000000000000e+01   2.0000000000000000e+00   5.2202099460303448e-06
   6.0000000000000000e+00   1.1000000000000000e+01  -5.0989826557641322e-06
   6.0000000000000000e+00   1.0000000000000000e+01   4.9853206067864040e-06
   1.5000000000000000e+01   7.0000000000000000e+00   4.9732648352671211e-06
   5.0000000000000000e+00   1.4000000000000000e+01  -4.8863260750755011e-06
   7.0000000000000000e+00   7.0000000000000000e+00   4.8849457186261535e-06
   1.0000000000000000e+01   9.0000000000000000e+00  -4.8846072502039482e-06
   1.5000000000000000e+01   5.0000000000000000e+00   4.8256509209418109e-06
   1.6000000000000000e+01   6.0000000000000000e+00   4.5294700795123016e-06
   1.8000000000000000e+01   5.0000000000000000e+00  -4.4829051881562018e-06
   0.0000000000000000e+00   8.0000000000000000e+00   4.3010899671569026e-06
   1.3000000000000000e+01   1.0000000000000000e+00   4.2824941770837703e-06
   7.0000000000000000e+00   1.2000000000000000e+01  -4.2264733512663136e-06
   8.0000000000000000e+00   1.1000000000000000e+01  -4.2053599241324814e-06
   1.5000000000000000e+01   3.0000000000000000e+00   4.1879224522278958e-06
   1.8000000000000000e+01   4.0000000000000000e+00   4.1860814166651876e-06
   1.6000000000000000e+01   7.0000000000000000e+00  -4.1818536948137612e-06
   3.0000000000000000e+00   5.0000000000000000e+00  -4.1388390039328816e-06
   6.0000000000000000e+00   1.2000000000000000e+01   4.1223750436854190e-06
   1.0000000000000000e+00   1.6000000000000000e+01  -4.0978756846410477e-06
   3.0000000000000000e+00   1.6000000000000000e+01  -3.9627430870774344e-06
   6.0000000000000000e+00   1.5000000000000000e+01  -3.7308843174300593e-06
   8.0000000000000000e+00   1.2000000000000000e+01   3.7305427130571797e-06
   1.9000000000000000e+01   1.0000000000000000e+00  -3.7094705702094272e-06
   1.2000000000000000e+01   9.0000000000000000e+00  -3.6947349233215656e-06
   2.0000000000000000e+00   1.4000000000000000e+01   3.6580471222835803e-06
   1.0000000000000000e+01   1.1000000000000000e+01  -3.5319766892224697e-06
   9.0000000000000000e+00   1.2000000000000000e+01  -3.5210568515116006e-06
   2.1000000000000000e+01   2.0000000000000000e+00  -3.4779377462848594e-06
   5.0000000000000000e+00   1.8000000000000000e+01  -3.3772853361427517e-06
   2.0000000000000000e+01   4.0000000000000000e+00   3.3574262537806210e-06
   1.7000000000000000e+01   4.0000000000000000e+00  -3.3468712620768202e-06
   7.0000000000000000e+00   1.4000000000000000e+01  -3.3458613707874982e-06
   6.0000000000000000e+00   1.4000000000000000e+01   3.3361119177977890e-06
   4.0000000000000000e+00   1.7000000000000000e+01  -3.3239555771324649e-06
   4.0000000000000000e+00   1.6000000000000000e+01   3.2893187374240731e-06
   1.2000000000000000e+01   1.0000000000000000e+01   3.2742565182970707e-06
   8.0000000000000000e+00   1.0000000000000000e+01   3.2431102878757699e-06
   2.3000000000000000e+01   1.0000000000000000e+00  -3.1121220814324634e-06
   2.4000000000000000e+01   1.0000000000000000e+00   3.0899971505567659e-06
   2.0000000000000000e+01   3.0000000000000000e+00  -3.0875686180231585e-06
   7.0000000000000000e+00   1.6000000000000000e+01  -3.0437541067878653e-06
   7.0000000000000000e+00   4.0000000000000000e+00  -2.9779370979744531e-06
   1.9000000000000000e+01   6.0000000000000000e+00   2.9067818233604329e-06
   8.0000000000000000e+00   1.3000000000000000e+01  -2.9034926889507220e-06
   0.0000000000000000e+00   1.5000000000000000e+01  -2.9008272179348090e-06
   0.0000000000000000e+00   1.4000000000000000e+01   2.8264138431050949e-06
   5.0000000000000000e+00   1.7000000000000000e+01   2.7886748457616027e-06
   5.0000000000000000e+00   1.5000000000000000e+01   2.7606642857984175e-06
   6.0000000000000000e+00   1.7000000000000000e+01  -2.7349326346235419e-06
   3.0000000000000000e+00   1.8000000000000000e+01  -2.7176912336719916e-06
   1.5000000000000000e+01   8.0000000000000000e+00  -2.6160428798657590e-06
   1.0000000000000000e+00   1.4000000000000000e+01  -2.5790384194700143e-06
   1.6000000000000000e+01   1.0000000000000000e+00  -2.5435182533047031e-06
   2.1000000000000000e+01   3.0000000000000000e+00  -2.4978083861481831e-06
   7.0000000000000000e+00   1.1000000000000000e+01   2.4353308947752264e-06
   1.7000000000000000e+01   5.0000000000000000e+00   2.4140847549494073e-06
   9.0000000000000000e+00   1.1000000000000000e+01   2.3461953587777333e-06
   2.4000000000000000e+01   0.0000000000000000e+00   2.3036441719789804e-06
   1.8000000000000000e+01   3.0000000000000000e+00  -2.2219963254968998e-06
   1.5000000000000000e+01   6.0000000000000000e+00  -2.2037812438002354e-06
   1.0000000000000000e+00   1.7000000000000000e+01   2.1605703410229258e-06
   3.0000000000000000e+00   6.0000000000000000e+00   2.1481653557811251e-06
   1.0000000000000000e+01   1.2000000000000000e+01   2.1314228871824155e-06
   1.2000000000000000e+01   1.3000000000000000e+01   2.1252921207620307e-06
   1.1000000000000000e+01   1.3000000000000000e+01  -2.0442732997499459e-06
   0.0000000000000000e+00   2.3000000000000000e+01  -2.0297647256386127e-06
   1.8000000000000000e+01   6.0000000000000000e+00   2.0054514816118879e-06
   2.5000000000000000e+01   0.0000000000000000e+00  -1.9974360124724728e-06
   1.6000000000000000e+01   8.0000000000000000e+00  -1.9845829628154003e-06
   1.4000000000000000e+01   1.1000000000000000e+01   1.9280356223074711e-06
   0.0000000000000000e+00   2.4000000000000000e+01  -1.8390144270181655e-06
   2.1000000000000000e+01   4.0000000000000000e+00   1.7984330296020315e-06
   0.0000000000000000e+00   2.5000000000000000e+01  -1.7689702620167719e-06
   1.7000000000000000e+01   3.0000000000000000e+00   1.7666806714175659e-06
   1.4000000000000000e+01   9.0000000000000000e+00  -1.7635742694136169e-06
   2.0000000000000000e+00   1.5000000000000000e+01  -1.7356465565919406e-06
   1.4000000000000000e+01   8.0000000000000000e+00   1.7295266972032442e-06
   3.0000000000000000e+00   1.7000000000000000e+01   1.7280591408966151e-06
   6.0000000000000000e+00   1.9000000000000000e+01  -1.6933718501876469e-06
   1.0000000000000000e+00   1.1000000000000000e+01   1.6382439165454453e-06
   1.6000000000000000e+01   9.0000000000000000e+00   1.6193063342226197e-06
   1.0000000000000000e+00   2.2000000000000000e+01   1.6103926387067821e-06
   2.0000000000000000e+00   1.6000000000000000e+01   1.6011999728460984e-06
   4.0000000000000000e+00   1.9000000000000000e+01  -1.5749264057458937e-06
   1.0000000000000000e+00   1.5000000000000000e+01   1.5703131640355980e-06
   6.0000000000000000e+00   1.6000000000000000e+01   1.5566195978293457e-06
   7.0000000000000000e+00   1.8000000000000000e+01  -1.5326090525027733e-06
   6.0000000000000000e+00   1.8000000000000000e+01   1.4687093268144200e-06
   1.0000000000000000e+00   2.4000000000000000e+01   1.4435420843969794e-06
   2.0000000000000000e+00   2.2000000000000000e+01  -1.3804969092698826e-06
   7.0000000000000000e+00   1.3000000000000000e+01  -1.3618119368320721e-06
   9.0000000000000000e+00   1.6000000000000000e+01  -1.3574534004839322e-06
   1.7000000000000000e+01   7.0000000000000000e+00   1.2913290217009159e-06
   9.0000000000000000e+00   1.5000000000000000e+01  -1.2827362870106187e-06
   9.0000000000000000e+00   1.4000000000000000e+01  -1.2388488299528971e-06
   1.0000000000000000e+00   9.0000000000000000e+00   1.2345727198142227e-06
   5.0000000000000000e+00   2.0000000000000000e+01  -1.2341724129792146e-06
   2.2000000000000000e+01   2.0000000000000000e+00   1.2171992288453064e-06
   1.3000000000000000e+01   1.2000000000000000e+01   1.2098153717998992e-06
   4.0000000000000000e+00   1.8000000000000000e+01   1.2030236033472034e-06
   2.0000000000000000e+00   2.0000000000000000e+01  -1.1687533998393885e-06
   9.0000000000000000e+00   1.3000000000000000e+01  -1.1623599406548234e-06
   0.0000000000000000e+00   1.7000000000000000e+01   1.1373215730772053e-06
   0.0000000000000000e+00   1.9000000000000000e+01  -1.1023517838687256e-06
   7.0000000000000000e+00   1.7000000000000000e+01  -9.9421859429455407e-07
   1.3000000000000000e+01   1.1000000000000000e+01  -9.7917300126180463e-07
   1.3000000000000000e+01   9.0000000000000000e+00   9.6625946791785358e-07
   3.0000000000000000e+00   1.9000000000000000e+01   9.6354820078680732e-07
   0.0000000000000000e+00   2.2000000000000000e+01  -9.4095850803248934e-07
   8.0000000000000000e+00   1.5000000000000000e+01  -9.2975321027233112e-07
   1.3000000000000000e+01   1.0000000000000000e+01  -9.2932664332345226e-07
   1.5000000000000000e+01   1.0000000000000000e+01   9.1283771231449833e-07
   0.0000000000000000e+00   2.0000000000000000e+01  -9.0406009273357884e-07
   2.3000000000000000e+01   2.0000000000000000e+00  -8.5005200179235281e-07
   1.0000000000000000e+00   2.1000000000000000e+01   8.4108512971185404e-07
   1.7000000000000000e+01   8.0000000000000000e+00   8.1750576474142219e-07
   1.9000000000000000e+01   5.0000000000000000e+00  -8.0724252367953034e-07
   3.0000000000000000e+00   2.2000000000000000e+01   7.8148606901655963e-07
   1.8000000000000000e+01   7.0000000000000000e+00  -7.6553460993982518e-07
   5.0000000000000000e+00   1.9000000000000000e+01   7.5915291100274591e-07
   1.4000000000000000e+01   1.0000000000000000e+01   7.5107362099664630e-07
   1.7000000000000000e+01   6.0000000000000000e+00   6.8840724895108986e-07
   1.0000000000000000e+01   1.3000000000000000e+01  -6.8744107896580043e-07
   0.0000000000000000e+00   1.2000000000000000e+01   6.7777190056745821e-07
   1.7000000000000000e+01   1.0000000000000000e+00   6.7446501612890508e-07
   2.0000000000000000e+00   1.7000000000000000e+01  -6.5973258074782478e-07
   2.0000000000000000e+01   1.0000000000000000e+00   6.5522304978818952e-07
   2.2000000000000000e+01   1.0000000000000000e+00   6.4487218527741193e-07
   1.0000000000000000e+00   2.0000000000000000e+01   6.2661537128587301e-07
   0.0000000000000000e+00   2.1000000000000000e+01  -6.2159300023507560e-07
   2.0000000000000000e+01   5.0000000000000000e+00  -6.1195287879225986e-07
   2.0000000000000000e+00   2.1000000000000000e+01   5.9686098008127850e-07
   1.0000000000000000e+01   1.5000000000000000e+01  -5.8820069350502001e-07
   3.0000000000000000e+00   2.1000000000000000e+01  -5.8059261625251143e-07
   1.1000000000000000e+01   1.4000000000000000e+01  -5.6394636093527488e-07
   8.0000000000000000e+00   1.4000000000000000e+01  -5.2369860917986808e-07
   1.1000000000000000e+01   1.1000000000000000e+01   4.9009864780685568e-07
   2.0000000000000000e+00   2.3000000000000000e+01   4.6938204637626961e-07
   3.0000000000000000e+00   2.0000000000000000e+01  -4.6574615383183381e-07
   1.0000000000000000e+00   1.8000000000000000e+01  -4.4079513498824150e-07
   1.1000000000000000e+01   1.2000000000000000e+01  -4.1967336894934022e-07
   2.0000000000000000e+00   1.8000000000000000e+01  -4.0907567921822920e-07
   8.0000000000000000e+00   1.7000000000000000e+01  -3.6484832632277641e-07
   0.0000000000000000e+00   1.6000000000000000e+01  -3.5785240834897121e-07
   1.9000000000000000e+01   3.0000000000000000e+00   3.4107729634821209e-07
   1.5000000000000000e+01   9.0000000000000000e+00  -3.4087493996675955e-07
   2.2000000000000000e+01   3.0000000000000000e+00  -3.0702534488032152e-07
   7.0000000000000000e+00   1.5000000000000000e+01  -2.9757940031807801e-07
   2.1000000000000000e+01   1.0000000000000000e+00  -2.6394794317060470e-07
   2.0000000000000000e+00   1.9000000000000000e+01   2.5592701140232900e-07
   4.0000000000000000e+00   2.0000000000000000e+01  -2.2077610186454688e-07
   1.9000000000000000e+01   4.0000000000000000e+00   1.9688302766776144e-07
   1.2000000000000000e+01   1.1000000000000000e+01   1.5919199623855232e-07
   0.0000000000000000e+00   1.8000000000000000e+01  -1.4119844057377517e-07
   5.0000000000000000e+00   4.0000000000000000e+00  -1.3272594001762775e-07
   1.0000000000000000e+01   1.4000000000000000e+01  -1.2718480011491259e-07
   1.5000000000000000e+01   1.0000000000000000e+00  -1.1191596348621064e-07
   0.0000000000000000e+00   1.3000000000000000e+01   1.1056120944047148e-07
   1.0000000000000000e+00   1.9000000000000000e+01  -3.7186662299216082e-08
   4.0000000000000000e+00   2.1000000000000000e+01   3.5635091314657600e-08
   8.0000000000000000e+00   1.6000000000000000e+01  -3.2239614584989096e-08
   1.0000000000000000e+00   2.3000000000000000e+01   1.0320294935269048e-08
   1.2000000000000000e+01   1.2000000000000000e+01   6.9926678301690778e-09
