  -1.3967383e+01   9.1814620e+00   1.6714875e+01   4.8566693e+02  -4.6390140e+02   1.4376896e-01
  -8.5923350e+00  -6.4818380e+00   1.0763013e+01   8.0860202e+02   1.6768908e+02   6.2329723e-02
   1.0427606e+01  -2.4289642e+01   2.6433344e+01   5.6419711e+01   1.3292081e+02   3.2170889e-01
   1.8079334e+01   1.7754599e+01   2.5339457e+01   2.7034267e+02   7.2732602e+02   3.0002852e-01
   2.0595072e+01   3.2201962e+01   3.8224643e+01   2.2688008e+02   1.9169579e+02   5.5591312e-01
   1.7652292e+01   4.5485191e+01   4.8790430e+01   3.0071130e+02  -6.9084425e+01   7.3353259e-01
  -4.1341170e+00   6.1064465e+01   6.1204247e+01   5.6177846e+01   4.6620606e+01   8.7520576e-01
  -2.1786409e+01   1.5579270e+01   2.6783601e+01   2.3367929e+02  -3.2006328e+02   3.2869660e-01
  -2.8503519e+01  -7.1608420e+00   2.9389254e+01   8.3361345e+01  -1.2873986e+02   3.8112319e-01
  -1.4536137e+01  -1.6342304e+01   2.1871675e+01   1.5516988e+02  -8.8297998e+02   2.3337784e-01
  -1.4919529e+01  -1.5371917e+01   2.1421675e+01   4.2300716e+02  -7.7720720e+02   2.2503537e-01
  -2.6728466e+01   3.4626614e+01   4.3742580e+01   6.5482293e+00  -1.2694157e+02   6.5458452e-01
  -1.3773154e+01  -3.7891640e+01   4.0317194e+01   7.3264885e+01  -8.1629982e+01   5.9466537e-01
  -2.3713041e+01  -8.1430920e+00   2.5072261e+01   9.7675625e+01  -1.5259745e+02   2.9477076e-01
   9.5421320e+00  -3.0714838e+01   3.2162922e+01   3.5877797e+02   1.7326824e+02   4.3712429e-01
   2.0044060e+01  -4.0344494e+01   4.5049334e+01   1.3751225e+02  -2.4073481e+01   6.7614783e-01
   1.1451725e+01  -4.6826328e+01   4.8206296e+01   2.0010165e+02   2.2016644e+01   7.2501159e-01
  -5.6811230e+00  -4.6187180e+01   4.6535264e+01   2.6500932e+02  -2.3390787e+02   6.9972984e-01
   2.9112120e+00  -3.9705341e+01   3.9811924e+01   3.5938647e+02  -1.6106146e+02   5.8544496e-01
   3.7104099e+01   1.4643280e+01   3.9889094e+01   1.5752623e+02   2.9306308e+02   5.8685908e-01
   5.5183434e+01   3.2397877e+01   6.3990889e+01  -5.1532571e+00   1.4353577e+02   8.9719357e-01
  -5.7874577e+01   2.7769234e+01   6.4191877e+01   7.2081118e+01  -8.3487263e+01   8.9865453e-01
  -4.7446968e+01   3.4795910e+00   4.7574387e+01  -4.2794240e+01  -7.2783422e+01   7.1560794e-01
   3.8674408e+01   4.9956558e+01   6.3177271e+01   5.1395767e+01   1.6223644e+02   8.9111098e-01
  -1.7323810e+00   9.4468819e+01   9.4484702e+01  -9.4186615e+01  -2.9599476e+01   9.9298460e-01
  -1.9811716e+01   7.6714226e+01   7.9231159e+01  -2.9287560e+01   2.8717609e+01   9.6942405e-01
  -2.1594240e+00   1.2219942e+02   1.2221850e+02  -6.2823403e+01   2.6088238e+01   9.9975109e-01
  -4.0406788e+01   4.4512260e+01   6.0116968e+01   1.1871092e+02   3.4576454e+01   8.6571702e-01
  -2.2754498e+01   8.9997452e+01   9.2829459e+01  -4.1097743e+01   6.9068378e+01   9.9166583e-01
  -1.8101500e+01   7.0245926e+01   7.2540709e+01   4.4385829e+01   7.9710915e+01   9.4625046e-01
  -3.2637638e+01   5.3903622e+01   6.3014410e+01   7.8044496e+00  -2.4690926e+01   8.8986061e-01
  -4.7557163e+01   3.8531700e+01   6.1207644e+01   1.5563384e+02  -1.3641054e+01   8.7523454e-01
  -3.5753792e+01   2.4760733e+01   4.3490545e+01  -1.5894689e+01  -2.5518642e+02   6.5033967e-01
  -5.0289928e+01   8.4184280e+00   5.0989673e+01   3.5278279e+01  -2.8126379e+02   7.6411593e-01
  -4.3423046e+01  -2.2532759e+01   4.8921224e+01   1.1656188e+01  -2.0252350e+02   7.3541782e-01
  -2.9455664e+01  -3.1714220e+01   4.3283113e+01   1.6924415e+02  -2.4563150e+02   6.4682561e-01
  -5.6184132e+01   2.9123910e+00   5.6259565e+01  -4.8819920e+00  -1.9362521e+02   8.2768143e-01
  -4.1647995e+01   1.9254696e+01   4.5883535e+01   5.4409605e+01  -1.9044503e+02   6.8951214e-01
  -5.5421150e+01  -1.8636944e+01   5.8470844e+01  -1.0390213e+02  -1.6836870e+02   8.5033492e-01
  -4.0501621e+01  -3.2650280e+00   4.0633013e+01   1.8688936e+00  -4.3745174e+02   6.0038175e-01
  -3.7486195e+01  -4.6034733e+01   5.9366754e+01   1.1707470e+02  -2.9086489e+00   8.5886047e-01
  -5.1875030e+00  -1.1660954e+02   1.1672487e+02  -1.8842309e+01  -7.3973679e+01   9.9948394e-01
  -5.4820320e+01  -8.2749370e+00   5.5441339e+01   2.2548523e+01  -1.7532215e+02   8.1870581e-01
  -4.5278191e+01  -3.8989777e+01   5.9752132e+01   1.1904715e+01  -1.3722012e+02   8.6241443e-01
  -2.5234129e+01  -7.9334267e+01   8.3250749e+01   5.0346245e+01  -2.6652573e+01   9.7872838e-01
  -3.3826462e+01  -8.5816109e+01   9.2242258e+01   5.0808267e+01   8.2876316e+01   9.9114717e-01
   1.8525537e+01  -1.0846645e+02   1.1003712e+02  -4.3660704e+01  -5.7141529e+01   9.9880156e-01
  -1.6662329e+01  -6.6278473e+01   6.8340831e+01  -1.6494861e+01  -2.7388892e+01   9.2533212e-01
   2.9586193e+01  -7.1059326e+01   7.6972532e+01  -5.6883001e+00  -8.1704527e+00   9.6280340e-01
   2.0993858e+01  -7.7541168e+01   8.0332900e+01  -2.5056449e+01  -4.5560766e+01   9.7226907e-01
   2.3905071e+01  -1.1724651e+02   1.1965867e+02  -4.7472320e+01  -2.8497565e+01   9.9964891e-01
  -2.6204462e+01  -3.5563641e+01   4.4175178e+01   1.4225433e+02  -3.0346680e+02   6.6180643e-01
   1.4362937e+01  -8.6531677e+01   8.7715592e+01  -8.1523165e+01  -7.3307475e+01   9.8608043e-01
   4.6248520e+01  -4.7808540e+00   4.6494969e+01  -3.7692375e+01   1.2533533e+02   6.9910381e-01
   3.7656185e+01  -1.1262691e+01   3.9304408e+01   3.3270385e+01   1.9454797e+02   5.7609360e-01
   4.0567398e+01  -5.0968037e+01   6.5141804e+01  -7.2663012e+00   7.3296370e+00   9.0534105e-01
   4.3759663e+01  -2.9132183e+01   5.2569879e+01  -5.8175422e+00   1.8570142e+02   7.8461518e-01
   5.4187271e+01  -5.3421825e+01   7.6093046e+01   8.2848800e+01   2.0316402e+01   9.5991491e-01
   5.2351997e+01  -2.2650345e+01   5.7041824e+01   1.4862497e+01   8.0065920e+01   8.3596082e-01
   4.9440788e+01   1.7054996e+01   5.2299755e+01  -1.6417883e+02   1.7557633e+02   7.8119872e-01
   7.5778503e+01   6.4599838e+01   9.9576707e+01   1.3975167e+02   1.6694313e+02   9.9594832e-01
   3.5371716e+01   1.0911210e+02   1.1470226e+02  -8.0508658e+01  -1.0377728e+00   9.9933063e-01
   5.3024010e+01   1.5459729e+02   1.6343766e+02  -1.1755585e+02   3.5978174e+01   9.9999963e-01
   3.1237598e+01   1.7017656e+02   1.7301979e+02   9.5154518e+00   7.9931376e+01   9.9999988e-01
   1.7270214e+01   1.7935803e+02   1.8018758e+02   1.8922097e+01   3.0080670e+01   1.0000000e+00
   2.7340790e+00   1.6301572e+02   1.6303864e+02   4.2235290e+01   5.1487385e+01   9.9999963e-01
  -1.2185451e+01   1.4764381e+02   1.4814581e+02  -2.6615399e+00  -1.5577440e+01   9.9999494e-01
  -3.8913918e+01   1.8227042e+02   1.8637810e+02  -1.9918582e+01   2.5629086e+01   1.0000000e+00
  -5.2687069e+01   1.4437877e+02   1.5369176e+02  -2.6002314e+01   2.8845439e+01   9.9999794e-01
  -7.6400108e+01   1.3623569e+02   1.5619584e+02   1.3244770e+01   1.1683133e+01   9.9999869e-01
  -1.0163424e+02   5.6901417e+01   1.1647871e+02   1.0991566e+02  -4.9302126e+01   9.9946719e-01
  -1.1022658e+02   5.0419579e+01   1.2121069e+02   1.2783053e+02  -4.5132479e+01   9.9971475e-01
  -1.0731536e+02   1.0714236e+01   1.0784888e+02   6.2358111e+01  -1.2554171e+02   9.9843813e-01
   1.5919909e+01   1.3995401e+02   1.4085655e+02   4.1420820e+00   9.5501632e+01   9.9998363e-01
  -5.8664990e+00   1.5553328e+02   1.5564388e+02   1.4182235e+01   3.1142792e+01   9.9999856e-01
  -1.9833881e+01   1.6471474e+02   1.6590457e+02   2.1532190e+01  -5.6138131e+01   9.9999975e-01
  -3.4370018e+01   1.4837244e+02   1.5230127e+02  -2.4445225e+01   2.7314380e+01   9.9999750e-01
  -4.9289547e+01   1.3300053e+02   1.4184006e+02   5.3796303e+01   3.1225346e+01   9.9998600e-01
  -7.6018013e+01   1.6762714e+02   1.8405867e+02  -2.8802823e+01  -1.7574165e+01   1.0000000e+00
  -8.9791168e+01   1.2973550e+02   1.5777755e+02  -3.0050747e+01   2.4514658e+00   9.9999894e-01
  -9.4978676e+01   1.3125954e+01   9.5881383e+01  -1.2166991e+01  -1.2629504e+02   9.9394795e-01
  -8.4551064e+01  -1.1163690e+01   8.5284878e+01  -1.1051289e+01  -7.7166619e+01   9.8241728e-01
  -2.3945833e+01   1.3777869e+02   1.3984409e+02   5.2568801e+00   9.8952479e+00   9.9998088e-01
  -3.7913216e+01   1.4696014e+02   1.5177185e+02   1.1892303e+01  -2.7797006e+01   9.9999725e-01
  -5.2449352e+01   1.3061784e+02   1.4075495e+02   2.6104493e+01  -1.0236183e+01   9.9998344e-01
  -6.7368881e+01   1.1524593e+02   1.3349228e+02   5.7002159e+01  -8.6137538e+00   9.9994981e-01
  -9.4097351e+01   1.4987254e+02   1.7696353e+02   1.0350663e+01  -1.4107759e+01   1.0000000e+00
  -1.0787051e+02   1.1198090e+02   1.5548558e+02   2.5414547e+01  -8.4974934e+00   9.9999844e-01
  -1.1305801e+02  -4.6286440e+00   1.1315272e+02  -4.9964647e+00  -3.9356345e+01   9.9918563e-01
  -1.0263040e+02  -2.8918287e+01   1.0662676e+02   2.4073987e-01  -1.3338171e+02   9.9819332e-01
  -4.4540905e+01   1.0557673e+02   1.1458769e+02   1.9481015e+01   9.1777217e+01   9.9932081e-01
  -5.8508289e+01   1.1475819e+02   1.2881250e+02   5.1884755e+01   8.8120786e+01   9.9990075e-01
  -7.3044426e+01   9.8415886e+01   1.2256090e+02   8.0311198e+01   6.0874284e+00   9.9976238e-01
  -8.7963951e+01   8.3043968e+01   1.2097089e+02   9.6755120e+01  -4.0543859e+01   9.9970544e-01
  -7.4285629e+01   7.3158318e+01   1.0426166e+02   1.1119984e+02   8.6928697e+00   9.9761644e-01
  -8.8058784e+01   3.5266674e+01   9.4858251e+01   2.7993781e+01  -3.1844549e+01   9.9325489e-01
  -1.1177183e+02   2.7123581e+01   1.1501578e+02  -7.9586533e+00  -6.6098766e+01   9.9935694e-01
  -9.3246292e+01  -8.1342865e+01   1.2373978e+02   1.6644139e+01  -1.4583267e+02   9.9979781e-01
  -8.2818687e+01  -1.0563251e+02   1.3422802e+02   3.0278363e+01  -7.6886990e+01   9.9995506e-01
  -6.5209457e+01  -6.9534880e+00   6.5579145e+01  -3.1708326e+01  -1.6876875e+02   9.0830027e-01
  -9.1937927e+01   2.7673124e+01   9.6012417e+01   1.1881236e+01   6.1989177e+00   9.9403188e-01
  -1.0571108e+02  -1.0218516e+01   1.0620382e+02  -1.3060913e+00  -8.5500333e+01   9.9810063e-01
  -7.0151520e+01   1.2093853e+01   7.1186354e+01  -1.3826060e+00  -1.4673970e+02   9.4011178e-01
  -8.3924667e+01  -2.5797787e+01   8.7800202e+01   3.4296479e+01  -7.1476899e+01   9.8619477e-01
  -1.0763770e+02  -3.3940880e+01   1.1286212e+02   2.5767564e+01  -1.2079257e+02   9.9915531e-01
  -8.9112175e+01  -1.4240733e+02   1.6799056e+02   2.1275935e+01   2.4542365e+01   9.9999975e-01
  -7.8684570e+01  -1.6669698e+02   1.8433432e+02   3.7362480e+01   3.8408041e+01   1.0000000e+00
  -6.9957291e+01  -3.4979248e+01   7.8214899e+01   4.0518426e+01  -4.2842917e+01   9.6658161e-01
  -9.3670326e+01  -4.3122341e+01   1.0311967e+02   3.3737011e+01  -1.5732979e+02   9.9728125e-01
  -7.5144791e+01  -1.5158879e+02   1.6919191e+02  -6.0107932e+01   3.6958690e+01   9.9999988e-01
  -6.4717186e+01  -1.7587845e+02   1.8740742e+02  -2.3909491e+01  -1.6168003e+00   1.0000000e+00
  -7.9134186e+01  -2.6780037e+01   8.3542742e+01   1.9014730e+01  -1.3595989e+02   9.7929616e-01
  -6.0608654e+01  -1.3524649e+02   1.4820601e+02   1.1774362e+01  -1.4620486e+01   9.9999500e-01
  -5.0181049e+01  -1.5953612e+02   1.6724207e+02  -6.6572317e+01  -3.0720585e+01   9.9999975e-01
  -6.4214661e+01  -1.1408120e+01   6.5220149e+01  -1.9807897e+02  -5.9124037e+01   9.0587665e-01
  -1.0949285e+02  -5.0397896e+01   1.2053478e+02  -4.4313851e+01  -1.5637550e+02   9.9968769e-01
  -8.9448792e+01  -9.0742386e+01   1.2741769e+02   4.8767933e+01  -1.3756200e+02   9.9987900e-01
  -9.8041130e+01  -9.7224228e+01   1.3807467e+02  -4.7775844e+01  -1.2486088e+02   9.9997481e-01
  -4.5689125e+01  -1.1987457e+02   1.2828643e+02   2.9957793e+01  -3.1857048e+01   9.9989300e-01
  -3.5261520e+01  -1.4416422e+02   1.4841393e+02  -2.8570072e+01  -6.0432606e+01   9.9999519e-01
  -9.2306519e+01  -5.4309669e+01   1.0709824e+02   4.9611873e+01  -1.5310758e+02   9.9829169e-01
  -8.2764389e+01  -8.5024513e+01   1.1865543e+02   2.8741645e+01  -5.7339994e+01   9.9959906e-01
  -6.2720322e+01  -1.2536900e+02   1.4018283e+02  -1.7580638e+01   4.7371363e-01   9.9998188e-01
  -7.1312660e+01  -1.3185084e+02   1.4990044e+02  -6.1496549e+01   7.9383459e+00   9.9999619e-01
  -6.8401443e+01  -1.7155618e+02   1.8468969e+02   1.8627498e+01  -8.8199502e+00   1.0000000e+00
  -1.8960655e+01  -1.5450119e+02   1.5566028e+02   1.1645581e+01  -3.7950220e+01   9.9999856e-01
  -8.5330520e+00  -1.7879083e+02   1.7899434e+02  -1.3352183e+01  -8.6388511e+00   1.0000000e+00
  -7.8533363e+01  -1.6418030e+01   8.0231171e+01  -3.0542065e+01  -8.0881667e+01   9.7201629e-01
  -6.8991226e+01  -4.7132866e+01   8.3554152e+01   4.8833655e+00  -7.3193668e+01   9.7931809e-01
  -9.5195694e+01  -8.2696503e+01   1.2609890e+02  -3.1115587e+00  -1.6283878e+02   9.9985425e-01
  -4.8947170e+01  -8.7477356e+01   1.0024028e+02   3.1641724e+01  -1.4654651e+01   9.9623601e-01
  -5.7539505e+01  -9.3959198e+01   1.1017770e+02   8.8348122e+01  -1.1504596e+01   9.9882200e-01
  -5.4628292e+01  -1.3366454e+02   1.4439688e+02  -1.0136750e+02  -1.5131868e+01   9.9999069e-01
   5.2401020e+00  -1.4089918e+02   1.4099659e+02   2.5331360e+01  -1.0303295e+01   9.9998400e-01
  -7.1482651e+01  -7.4553413e+01   1.0328592e+02   1.0175160e+02  -7.5434135e+01   9.9733263e-01
  -3.0915253e+01  -1.2552145e+02   1.2927253e+02  -4.5690002e+01  -2.2561333e+01   9.9990713e-01
   2.8953142e+01  -1.3275609e+02   1.3587665e+02  -5.0524985e+01   2.2087682e+01   9.9996488e-01
   7.3345856e+01  -1.0019151e+02   1.2416905e+02   7.0810185e+01  -2.1540874e+00   9.9980944e-01
   8.3773468e+01  -1.2448116e+02   1.5004517e+02   5.6177241e+00  -8.8570355e+00   9.9999631e-01
   6.3803726e+01  -6.9476677e+01   9.4328808e+01   1.6333200e+02  -3.4537789e+00   9.9286889e-01
   7.4231331e+01  -9.3766319e+01   1.1959270e+02   8.8927816e+01  -2.9734209e+01   9.9964581e-01
   9.0008186e+01  -3.3913036e+01   9.6185069e+01   5.3756159e+01   7.3134036e+01   9.9414095e-01
   1.0043579e+02  -5.8202679e+01   1.1608144e+02   8.0935838e+01   8.1897818e+01   9.9943913e-01
   6.2779606e+01  -4.6939987e+01   7.8387762e+01   1.2332463e+02  -8.3096738e+00   9.6708043e-01
   5.9868393e+01  -7.2346450e+00   6.0303935e+01  -7.7478753e+01   1.2073607e+02   8.6738621e-01
  -1.3122043e+02   1.2796075e+02   1.8328326e+02  -6.9731184e+00   1.3524416e+01   9.9999994e-01
  -1.2167830e+02   9.7245911e+01   1.5576385e+02  -1.1773539e+01   2.4764011e+01   9.9999856e-01
  -1.4788277e+02   6.1682270e+01   1.6023113e+02   6.5502744e+01   2.6094708e+01   9.9999931e-01
  -1.1350421e+02   1.2159241e+02   1.6633676e+02  -8.4615063e+00   2.4617355e+00   9.9999969e-01
  -1.6832452e+02   1.1331747e+02   2.0291376e+02   4.6888812e+01  -8.9616048e+00   9.9999994e-01
  -1.5878239e+02   8.2602631e+01   1.7898336e+02   8.0426536e+01   5.5951692e+00   9.9999994e-01
  -1.8498686e+02   4.7038986e+01   1.9087379e+02   5.1863150e+01  -7.8314854e+01   9.9999994e-01
  -1.3873833e+02   4.2258137e+01   1.4503128e+02   8.2088186e+01  -2.1684109e+01   9.9999156e-01
  -1.4733067e+02   3.5776299e+01   1.5161224e+02   7.3815108e+01  -6.1989444e+01   9.9999719e-01
  -1.4441946e+02  -3.9290450e+00   1.4447290e+02  -3.4295921e+01  -6.5651614e+01   9.9999081e-01
  -1.3158354e+02   1.0383781e+02   1.6762016e+02   2.2839344e+01   7.9274240e+01   9.9999969e-01
  -1.8640385e+02   9.5562874e+01   2.0947234e+02   3.2583709e+01  -5.0984772e+01   9.9999994e-01
  -1.7686173e+02   6.4848030e+01   1.8837552e+02   6.6023044e+01   5.1376615e+00   9.9999994e-01
  -2.0306619e+02   2.9284393e+01   2.0516689e+02   2.3139598e+01  -8.7846784e+01   9.9999994e-01
  -1.5681767e+02   2.4503540e+01   1.5872053e+02   4.3519739e+01  -6.5255968e+00   9.9999919e-01
  -1.6541000e+02   1.8021702e+01   1.6638886e+02  -7.8885480e+00  -3.4755410e+01   9.9999969e-01
  -1.6249880e+02  -2.1683641e+01   1.6393913e+02  -3.7746580e+01   1.3424486e+01   9.9999969e-01
  -1.1469242e+02   1.1767058e+02   1.6431895e+02   2.8479858e+01   8.1523215e+01   9.9999969e-01
  -1.2846558e+02   7.9778938e+01   1.5122197e+02   7.5844610e+01   4.7975087e+01   9.9999694e-01
  -1.5217862e+02   7.1635849e+01   1.6819639e+02   5.4704766e+01   3.2037391e+01   9.9999969e-01
  -2.0699893e+02   6.3360909e+01   2.1647901e+02   1.4164400e+01  -7.7704815e+01   9.9999994e-01
  -1.9745680e+02   3.2646069e+01   2.0013734e+02  -5.1845210e+00  -6.3892891e+01   9.9999994e-01
  -2.2366127e+02  -2.9175700e+00   2.2368030e+02  -7.7340866e-01  -5.0294156e+01   9.9999994e-01
  -1.7741273e+02  -7.6984220e+00   1.7757968e+02  -6.1887414e+01  -5.0420151e+01   9.9999994e-01
  -1.8600508e+02  -1.4180261e+01   1.8654482e+02  -3.3728415e+01  -6.0756409e+01   9.9999994e-01
  -1.8309387e+02  -5.3885605e+01   1.9085865e+02  -3.6419834e+01  -6.2403141e+01   9.9999994e-01
  -1.3365308e+02  -3.6830605e+01   1.3863491e+02  -6.2860383e+01  -8.3900612e+01   9.9997694e-01
  -1.2322547e+02  -6.1120247e+01   1.3755072e+02  -8.0723007e+01  -1.4508816e+02   9.9997269e-01
  -1.6659215e+02   1.8848644e+01   1.6765505e+02   1.2297191e+01  -4.3920989e+01   9.9999969e-01
  -1.5705002e+02  -1.1866192e+01   1.5749767e+02  -5.2838447e+00  -7.3408710e+01   9.9999894e-01
  -1.8325447e+02  -4.7429829e+01   1.8929287e+02  -3.2380505e+01  -5.0492608e+01   9.9999994e-01
  -1.3700597e+02  -5.2210686e+01   1.4661716e+02  -9.2102860e+01  -5.3318319e+01   9.9999344e-01
  -1.4559830e+02  -5.8692520e+01   1.5698304e+02  -1.0210408e+02  -2.5295916e+01   9.9999881e-01
  -1.4268707e+02  -9.8397865e+01   1.7332553e+02  -3.6035543e+00  -7.1366503e+01   9.9999981e-01
  -1.2942412e+02  -1.8361609e+01   1.3072012e+02  -5.1331937e+01  -1.0049866e+02   9.9992469e-01
  -1.8424443e+02  -2.6636545e+01   1.8615992e+02  -7.2465404e+01  -3.6620090e+01   9.9999994e-01
  -1.7470230e+02  -5.7351383e+01   1.8387516e+02  -6.8965192e+01  -6.9439218e+01   9.9999994e-01
  -2.0090677e+02  -9.2915024e+01   2.2135205e+02  -3.5423134e+01  -6.2706598e+01   9.9999994e-01
  -1.5465825e+02  -9.7695877e+01   1.8293075e+02  -2.5620081e+01  -6.7472658e+01   9.9999994e-01
  -1.6325058e+02  -1.0417771e+02   1.9365884e+02  -5.3747777e+01  -1.3948769e+02   9.9999994e-01
  -1.6033937e+02  -1.4388306e+02   2.1543224e+02  -5.2124589e+01  -9.0617009e+01   9.9999994e-01
  -1.1089858e+02  -1.2682806e+02   1.6847508e+02   2.1286674e+00  -6.9971251e+01   9.9999981e-01
  -1.0047098e+02  -1.5111769e+02   1.8146893e+02   3.0112687e+01   2.6380302e+01   9.9999994e-01
  -1.6245804e+02  -4.2215816e+01   1.6785348e+02  -3.0547326e+01  -6.5956412e+01   9.9999969e-01
  -1.5291591e+02  -7.2930656e+01   1.6941711e+02  -1.4708683e+01  -7.1527888e+01   9.9999981e-01
  -1.7912036e+02  -1.0849429e+02   2.0941613e+02  -6.6525021e+01  -6.1383578e+01   9.9999994e-01
  -1.3287184e+02  -1.1327515e+02   1.7460293e+02   6.9222466e+00  -7.1076976e+01   9.9999981e-01
  -1.4146419e+02  -1.1975699e+02   1.8534792e+02   2.7330972e+01  -8.3110189e+01   9.9999994e-01
  -1.3855296e+02  -1.5946233e+02   2.1124667e+02  -3.1571100e+00  -6.5764843e+01   9.9999994e-01
  -1.4849065e+02  -5.1397278e+01   1.5713419e+02  -3.6857422e+01  -7.7958971e+01   9.9999881e-01
  -1.3894850e+02  -8.2112114e+01   1.6139729e+02  -4.6204642e+01  -7.5864370e+01   9.9999944e-01
  -1.6515299e+02  -1.1767576e+02   2.0278829e+02  -3.7417116e+01  -1.2121279e+02   9.9999994e-01
  -1.1890446e+02  -1.2245661e+02   1.7068653e+02   1.0311243e+01  -3.7271210e+01   9.9999981e-01
  -1.2749678e+02  -1.2893845e+02   1.8132995e+02   6.8782515e+01   9.0388343e+00   9.9999994e-01
  -1.2458558e+02  -1.6864378e+02   2.0967187e+02   2.5546688e+00  -1.5956938e+01   9.9999994e-01
  -1.3395451e+02  -3.5054974e+01   1.3846539e+02  -4.7044346e+01  -7.2883108e+01   9.9997631e-01
  -1.2441238e+02  -6.5769814e+01   1.4072708e+02  -3.6891298e+01  -3.7846309e+01   9.9998331e-01
  -1.5061684e+02  -1.0133345e+02   1.8153209e+02   3.2279678e+01  -7.8758289e+01   9.9999994e-01
  -1.0436832e+02  -1.0611430e+02   1.4883881e+02   3.3239212e+01  -6.3854538e+01   9.9999544e-01
  -1.1296066e+02  -1.1259615e+02   1.5949295e+02   1.9124280e+01  -2.3545523e+01   9.9999931e-01
  -1.1004945e+02  -1.5230148e+02   1.8790056e+02  -2.4682987e+00  -8.0961858e+00   9.9999994e-01
  -1.1903499e+02  -1.9683058e+01   1.2065136e+02  -4.0528157e+01  -5.6942551e+01   9.9969244e-01
  -1.3569731e+02  -8.5961533e+01   1.6063357e+02  -2.8509230e+01  -5.6001927e+01   9.9999944e-01
  -9.5129913e+01  -1.3692956e+02   1.6673154e+02   5.1766559e+01  -1.3700295e+00   9.9999969e-01
  -1.0896884e+02  -1.2058815e+02   1.6252911e+02   3.8824530e+01  -3.4102584e+01   9.9999956e-01
