SOURCE PKS0408-65 4.13900 -65.75249
FREQ 150e+6 flux 0 0 0
SHAPELET 54.63593 0.00012 0.00012
COEFF 0.0000000000000000e+00 0.0000000000000000e+00 9.5840014330469579e-04
COEFF 0.0000000000000000e+00 1.0000000000000000e+00 2.5635587186051274e-06
COEFF 0.0000000000000000e+00 2.0000000000000000e+00 -1.8363106834335533e-04
COEFF 0.0000000000000000e+00 3.0000000000000000e+00 9.8931381784506253e-06
COEFF 0.0000000000000000e+00 4.0000000000000000e+00 2.3696101895299403e-05
COEFF 0.0000000000000000e+00 5.0000000000000000e+00 -7.6557587801345398e-06
COEFF 0.0000000000000000e+00 6.0000000000000000e+00 4.6267338038104699e-06
COEFF 0.0000000000000000e+00 7.0000000000000000e+00 2.4338490528278912e-06
COEFF 0.0000000000000000e+00 8.0000000000000000e+00 -3.2964532367203023e-06
COEFF 0.0000000000000000e+00 9.0000000000000000e+00 9.3059605415112255e-07
COEFF 0.0000000000000000e+00 1.0000000000000000e+01 -5.6875707101520962e-07
COEFF 0.0000000000000000e+00 1.1000000000000000e+01 -1.8613801284194700e-06
COEFF 0.0000000000000000e+00 1.2000000000000000e+01 1.8443667042410558e-06
COEFF 0.0000000000000000e+00 1.3000000000000000e+01 1.3101567200875869e-06
COEFF 0.0000000000000000e+00 1.4000000000000000e+01 -1.2433026100917053e-06
COEFF 0.0000000000000000e+00 1.5000000000000000e+01 -3.2995476239441870e-07
COEFF 0.0000000000000000e+00 1.6000000000000000e+01 1.7648183658197841e-07
COEFF 0.0000000000000000e+00 1.7000000000000000e+01 -4.2524653709480359e-07
COEFF 0.0000000000000000e+00 1.8000000000000000e+01 5.4145049639683210e-07
COEFF 0.0000000000000000e+00 1.9000000000000000e+01 7.2998582221626522e-07
COEFF 0.0000000000000000e+00 2.0000000000000000e+01 -7.1664373241344893e-07
COEFF 0.0000000000000000e+00 2.1000000000000000e+01 -6.4120978053964247e-07
COEFF 0.0000000000000000e+00 2.2000000000000000e+01 4.9438877998613306e-07
COEFF 0.0000000000000000e+00 2.3000000000000000e+01 3.3041536003587287e-07
COEFF 0.0000000000000000e+00 2.4000000000000000e+01 -1.0599662202517338e-07
COEFF 0.0000000000000000e+00 2.5000000000000000e+01 3.4083418178950820e-08
COEFF 1.0000000000000000e+00 0.0000000000000000e+00 -4.2199496805673538e-05
COEFF 1.0000000000000000e+00 1.0000000000000000e+00 5.0004103536353906e-05
COEFF 1.0000000000000000e+00 2.0000000000000000e+00 -3.6095442987419474e-06
COEFF 1.0000000000000000e+00 3.0000000000000000e+00 -1.9200023396023826e-05
COEFF 1.0000000000000000e+00 4.0000000000000000e+00 3.6330709452147897e-06
COEFF 1.0000000000000000e+00 5.0000000000000000e+00 2.9128332091316187e-06
COEFF 1.0000000000000000e+00 6.0000000000000000e+00 5.8245125718901049e-08
COEFF 1.0000000000000000e+00 7.0000000000000000e+00 2.3235176546322463e-06
COEFF 1.0000000000000000e+00 8.0000000000000000e+00 -1.5336127153527999e-06
COEFF 1.0000000000000000e+00 9.0000000000000000e+00 -2.2718803817088422e-06
COEFF 1.0000000000000000e+00 1.0000000000000000e+01 1.2503414990534531e-06
COEFF 1.0000000000000000e+00 1.1000000000000000e+01 7.1642526024238449e-07
COEFF 1.0000000000000000e+00 1.2000000000000000e+01 -4.2510483071113828e-07
COEFF 1.0000000000000000e+00 1.3000000000000000e+01 5.4514822466470084e-07
COEFF 1.0000000000000000e+00 1.4000000000000000e+01 -2.1288300900268329e-07
COEFF 1.0000000000000000e+00 1.5000000000000000e+01 -1.0086835588527151e-06
COEFF 1.0000000000000000e+00 1.6000000000000000e+01 4.5669708764875918e-07
COEFF 1.0000000000000000e+00 1.7000000000000000e+01 8.1483669544538383e-07
COEFF 1.0000000000000000e+00 1.8000000000000000e+01 -3.9045082550893607e-07
COEFF 1.0000000000000000e+00 1.9000000000000000e+01 -3.0308691921919729e-07
COEFF 1.0000000000000000e+00 2.0000000000000000e+01 1.8163027535239319e-07
COEFF 1.0000000000000000e+00 2.1000000000000000e+01 -2.3061671075114041e-07
COEFF 1.0000000000000000e+00 2.2000000000000000e+01 3.2689458868398999e-08
COEFF 1.0000000000000000e+00 2.3000000000000000e+01 6.0461139089758538e-07
COEFF 1.0000000000000000e+00 2.4000000000000000e+01 -1.7225507227128456e-07
COEFF 2.0000000000000000e+00 0.0000000000000000e+00 -1.7928350908868657e-04
COEFF 2.0000000000000000e+00 1.0000000000000000e+00 -2.6843102054025337e-06
COEFF 2.0000000000000000e+00 2.0000000000000000e+00 2.5104627792697289e-05
COEFF 2.0000000000000000e+00 3.0000000000000000e+00 -5.3572800652696309e-07
COEFF 2.0000000000000000e+00 4.0000000000000000e+00 5.1690600175971194e-07
COEFF 2.0000000000000000e+00 5.0000000000000000e+00 -2.2308462097187689e-08
COEFF 2.0000000000000000e+00 6.0000000000000000e+00 -1.8851327128542722e-06
COEFF 2.0000000000000000e+00 7.0000000000000000e+00 1.0603928294175563e-06
COEFF 2.0000000000000000e+00 8.0000000000000000e+00 -1.4434318552728571e-07
COEFF 2.0000000000000000e+00 9.0000000000000000e+00 -1.3739218543532453e-06
COEFF 2.0000000000000000e+00 1.0000000000000000e+01 1.1349208776835757e-06
COEFF 2.0000000000000000e+00 1.1000000000000000e+01 9.9523861314284004e-07
COEFF 2.0000000000000000e+00 1.2000000000000000e+01 -9.9710044471096057e-07
COEFF 2.0000000000000000e+00 1.3000000000000000e+01 -3.3559749450400692e-07
COEFF 2.0000000000000000e+00 1.4000000000000000e+01 4.2918536828491507e-07
COEFF 2.0000000000000000e+00 1.5000000000000000e+01 -2.4578646835264335e-07
COEFF 2.0000000000000000e+00 1.6000000000000000e+01 6.6508401219080136e-08
COEFF 2.0000000000000000e+00 1.7000000000000000e+01 5.7494700811227088e-07
COEFF 2.0000000000000000e+00 1.8000000000000000e+01 -3.0947676994140557e-07
COEFF 2.0000000000000000e+00 1.9000000000000000e+01 -6.3619695574695125e-07
COEFF 2.0000000000000000e+00 2.0000000000000000e+01 3.1796754731545998e-07
COEFF 2.0000000000000000e+00 2.1000000000000000e+01 4.8998980386648128e-07
COEFF 2.0000000000000000e+00 2.2000000000000000e+01 -1.8058647789202361e-07
COEFF 2.0000000000000000e+00 2.3000000000000000e+01 -2.2674013334404695e-07
COEFF 3.0000000000000000e+00 0.0000000000000000e+00 1.6437315833639798e-05
COEFF 3.0000000000000000e+00 1.0000000000000000e+00 -1.5743611839597688e-05
COEFF 3.0000000000000000e+00 2.0000000000000000e+00 2.4487120049521407e-06
COEFF 3.0000000000000000e+00 3.0000000000000000e+00 3.8114193730112998e-06
COEFF 3.0000000000000000e+00 4.0000000000000000e+00 -4.9865582668572954e-07
COEFF 3.0000000000000000e+00 5.0000000000000000e+00 1.0439246312112309e-06
COEFF 3.0000000000000000e+00 6.0000000000000000e+00 -1.4808636656959546e-06
COEFF 3.0000000000000000e+00 7.0000000000000000e+00 -1.4488847487366713e-06
COEFF 3.0000000000000000e+00 8.0000000000000000e+00 1.5451287767729769e-06
COEFF 3.0000000000000000e+00 9.0000000000000000e+00 2.9080740844963126e-07
COEFF 3.0000000000000000e+00 1.0000000000000000e+01 -6.7764043865611662e-07
COEFF 3.0000000000000000e+00 1.1000000000000000e+01 8.0876326911979031e-07
COEFF 3.0000000000000000e+00 1.2000000000000000e+01 -1.8258608138404283e-07
COEFF 3.0000000000000000e+00 1.3000000000000000e+01 -1.2819114687441526e-06
COEFF 3.0000000000000000e+00 1.4000000000000000e+01 6.3672576433694902e-07
COEFF 3.0000000000000000e+00 1.5000000000000000e+01 1.1625193128292138e-06
COEFF 3.0000000000000000e+00 1.6000000000000000e+01 -6.8233328886987431e-07
COEFF 3.0000000000000000e+00 1.7000000000000000e+01 -7.0275213832542380e-07
COEFF 3.0000000000000000e+00 1.8000000000000000e+01 4.7256249596785382e-07
COEFF 3.0000000000000000e+00 1.9000000000000000e+01 1.4810241383684274e-07
COEFF 3.0000000000000000e+00 2.0000000000000000e+01 -1.6748832626526964e-07
COEFF 3.0000000000000000e+00 2.1000000000000000e+01 3.1201816549342811e-07
COEFF 3.0000000000000000e+00 2.2000000000000000e+01 -1.0093913772873583e-07
COEFF 4.0000000000000000e+00 0.0000000000000000e+00 2.8628495275050194e-05
COEFF 4.0000000000000000e+00 1.0000000000000000e+00 -1.4505655732134272e-06
COEFF 4.0000000000000000e+00 2.0000000000000000e+00 -2.7578513194256286e-06
COEFF 4.0000000000000000e+00 3.0000000000000000e+00 1.1762196573917918e-06
COEFF 4.0000000000000000e+00 4.0000000000000000e+00 -3.4932438786113227e-07
COEFF 4.0000000000000000e+00 5.0000000000000000e+00 -4.4013402592741600e-07
COEFF 4.0000000000000000e+00 6.0000000000000000e+00 -8.1538345549230780e-08
COEFF 4.0000000000000000e+00 7.0000000000000000e+00 6.1937849080344351e-09
COEFF 4.0000000000000000e+00 8.0000000000000000e+00 4.9849811894408188e-07
COEFF 4.0000000000000000e+00 9.0000000000000000e+00 2.4124657021717451e-08
COEFF 4.0000000000000000e+00 1.0000000000000000e+01 -4.3756839688116925e-07
COEFF 4.0000000000000000e+00 1.1000000000000000e+01 1.7617886533162941e-07
COEFF 4.0000000000000000e+00 1.2000000000000000e+01 1.3364102740844833e-07
COEFF 4.0000000000000000e+00 1.3000000000000000e+01 -4.0680741691720753e-07
COEFF 4.0000000000000000e+00 1.4000000000000000e+01 1.6463846953368142e-07
COEFF 4.0000000000000000e+00 1.5000000000000000e+01 5.4420277623987838e-07
COEFF 4.0000000000000000e+00 1.6000000000000000e+01 -3.4261172928613752e-07
COEFF 4.0000000000000000e+00 1.7000000000000000e+01 -5.4312978992588006e-07
COEFF 4.0000000000000000e+00 1.8000000000000000e+01 3.8290718698998589e-07
COEFF 4.0000000000000000e+00 1.9000000000000000e+01 4.0402482626700477e-07
COEFF 4.0000000000000000e+00 2.0000000000000000e+01 -3.1521823445494001e-07
COEFF 4.0000000000000000e+00 2.1000000000000000e+01 -1.7380944622104290e-07
COEFF 5.0000000000000000e+00 0.0000000000000000e+00 -1.2485919866468574e-06
COEFF 5.0000000000000000e+00 1.0000000000000000e+00 9.6981043840969266e-07
COEFF 5.0000000000000000e+00 2.0000000000000000e+00 -2.2551025858295474e-06
COEFF 5.0000000000000000e+00 3.0000000000000000e+00 1.8737805463758720e-06
COEFF 5.0000000000000000e+00 4.0000000000000000e+00 -1.4718222875586407e-07
COEFF 5.0000000000000000e+00 5.0000000000000000e+00 -1.9948511150156536e-06
COEFF 5.0000000000000000e+00 6.0000000000000000e+00 1.1791261504294265e-06
COEFF 5.0000000000000000e+00 7.0000000000000000e+00 1.0206823870241010e-06
COEFF 5.0000000000000000e+00 8.0000000000000000e+00 -9.1167630915199469e-07
COEFF 5.0000000000000000e+00 9.0000000000000000e+00 -7.7467969379157500e-08
COEFF 5.0000000000000000e+00 1.0000000000000000e+01 2.5592126104847485e-07
COEFF 5.0000000000000000e+00 1.1000000000000000e+01 -4.0311625239609763e-07
COEFF 5.0000000000000000e+00 1.2000000000000000e+01 2.2308223951601862e-07
COEFF 5.0000000000000000e+00 1.3000000000000000e+01 4.2895193407825781e-07
COEFF 5.0000000000000000e+00 1.4000000000000000e+01 -3.7292574895178358e-07
COEFF 5.0000000000000000e+00 1.5000000000000000e+01 -1.7647478525773517e-07
COEFF 5.0000000000000000e+00 1.6000000000000000e+01 2.5714674874076616e-07
COEFF 5.0000000000000000e+00 1.7000000000000000e+01 -1.6997067926466435e-07
COEFF 5.0000000000000000e+00 1.8000000000000000e+01 -3.6621061741382518e-09
COEFF 5.0000000000000000e+00 1.9000000000000000e+01 4.5291341484956726e-07
COEFF 5.0000000000000000e+00 2.0000000000000000e+01 -2.5019836961048043e-07
COEFF 6.0000000000000000e+00 0.0000000000000000e+00 1.7718473285684335e-06
COEFF 6.0000000000000000e+00 1.0000000000000000e+00 -2.7562590865631524e-07
COEFF 6.0000000000000000e+00 2.0000000000000000e+00 8.3418386906657129e-08
COEFF 6.0000000000000000e+00 3.0000000000000000e+00 1.1478908200636458e-06
COEFF 6.0000000000000000e+00 4.0000000000000000e+00 -4.5618212195242128e-07
COEFF 6.0000000000000000e+00 5.0000000000000000e+00 -1.2715594415279423e-06
COEFF 6.0000000000000000e+00 6.0000000000000000e+00 5.7742795221087058e-07
COEFF 6.0000000000000000e+00 7.0000000000000000e+00 1.0117109131099852e-06
COEFF 6.0000000000000000e+00 8.0000000000000000e+00 -5.7419189261922583e-07
COEFF 6.0000000000000000e+00 9.0000000000000000e+00 -6.3590979556293469e-07
COEFF 6.0000000000000000e+00 1.0000000000000000e+01 4.8332723364441260e-07
COEFF 6.0000000000000000e+00 1.1000000000000000e+01 2.9741918009476167e-07
COEFF 6.0000000000000000e+00 1.2000000000000000e+01 -3.5507767203084058e-07
COEFF 6.0000000000000000e+00 1.3000000000000000e+01 -6.2812375957896409e-08
COEFF 6.0000000000000000e+00 1.4000000000000000e+01 2.3326889959427601e-07
COEFF 6.0000000000000000e+00 1.5000000000000000e+01 -5.4911414554832482e-08
COEFF 6.0000000000000000e+00 1.6000000000000000e+01 -1.3965165530185335e-07
COEFF 6.0000000000000000e+00 1.7000000000000000e+01 6.2589348611798409e-08
COEFF 6.0000000000000000e+00 1.8000000000000000e+01 8.2478273061808845e-08
COEFF 6.0000000000000000e+00 1.9000000000000000e+01 1.4757621824963316e-08
COEFF 7.0000000000000000e+00 0.0000000000000000e+00 2.1962575966338148e-06
COEFF 7.0000000000000000e+00 1.0000000000000000e+00 -1.4846727139049922e-06
COEFF 7.0000000000000000e+00 2.0000000000000000e+00 -1.4816440473490173e-07
COEFF 7.0000000000000000e+00 3.0000000000000000e+00 8.7404791012430564e-07
COEFF 7.0000000000000000e+00 4.0000000000000000e+00 5.0657367592208457e-07
COEFF 7.0000000000000000e+00 5.0000000000000000e+00 -1.0454069136262224e-06
COEFF 7.0000000000000000e+00 6.0000000000000000e+00 -3.2141432190318670e-07
COEFF 7.0000000000000000e+00 7.0000000000000000e+00 1.2567133817128067e-06
COEFF 7.0000000000000000e+00 8.0000000000000000e+00 -1.9521216918205879e-07
COEFF 7.0000000000000000e+00 9.0000000000000000e+00 -1.1863299031425414e-06
COEFF 7.0000000000000000e+00 1.0000000000000000e+01 6.2634455504708030e-07
COEFF 7.0000000000000000e+00 1.1000000000000000e+01 8.5133862200744354e-07
COEFF 7.0000000000000000e+00 1.2000000000000000e+01 -8.0156118103686603e-07
COEFF 7.0000000000000000e+00 1.3000000000000000e+01 -3.8538595564036551e-07
COEFF 7.0000000000000000e+00 1.4000000000000000e+01 7.2758118969898268e-07
COEFF 7.0000000000000000e+00 1.5000000000000000e+01 -8.3929132512353090e-08
COEFF 7.0000000000000000e+00 1.6000000000000000e+01 -4.7268648806635619e-07
COEFF 7.0000000000000000e+00 1.7000000000000000e+01 4.3083634470567420e-07
COEFF 7.0000000000000000e+00 1.8000000000000000e+01 1.5679647773386445e-07
COEFF 8.0000000000000000e+00 0.0000000000000000e+00 2.2688376481893483e-06
COEFF 8.0000000000000000e+00 1.0000000000000000e+00 -2.3450811192290682e-06
COEFF 8.0000000000000000e+00 2.0000000000000000e+00 -1.5363299575922763e-06
COEFF 8.0000000000000000e+00 3.0000000000000000e+00 8.4630927676033492e-07
COEFF 8.0000000000000000e+00 4.0000000000000000e+00 3.4888954412468900e-07
COEFF 8.0000000000000000e+00 5.0000000000000000e+00 -3.2553221465882256e-07
COEFF 8.0000000000000000e+00 6.0000000000000000e+00 1.7235637508437636e-07
COEFF 8.0000000000000000e+00 7.0000000000000000e+00 2.4067670792809588e-07
COEFF 8.0000000000000000e+00 8.0000000000000000e+00 -2.7066989540615052e-07
COEFF 8.0000000000000000e+00 9.0000000000000000e+00 -2.5397025833063013e-07
COEFF 8.0000000000000000e+00 1.0000000000000000e+01 2.3991188580667171e-07
COEFF 8.0000000000000000e+00 1.1000000000000000e+01 2.4088581736558223e-07
COEFF 8.0000000000000000e+00 1.2000000000000000e+01 -2.1863006392521391e-07
COEFF 8.0000000000000000e+00 1.3000000000000000e+01 -1.7279422330736400e-07
COEFF 8.0000000000000000e+00 1.4000000000000000e+01 2.2790452505006518e-07
COEFF 8.0000000000000000e+00 1.5000000000000000e+01 5.2707059151484218e-08
COEFF 8.0000000000000000e+00 1.6000000000000000e+01 -2.3831796541811604e-07
COEFF 8.0000000000000000e+00 1.7000000000000000e+01 9.0934758904803700e-08
COEFF 9.0000000000000000e+00 0.0000000000000000e+00 1.7841449850701329e-06
COEFF 9.0000000000000000e+00 1.0000000000000000e+00 -1.1779881743008414e-06
COEFF 9.0000000000000000e+00 2.0000000000000000e+00 7.3969520536594222e-07
COEFF 9.0000000000000000e+00 3.0000000000000000e+00 2.2676518522592530e-07
COEFF 9.0000000000000000e+00 4.0000000000000000e+00 -9.8962211383385574e-07
COEFF 9.0000000000000000e+00 5.0000000000000000e+00 5.6494368849526616e-07
COEFF 9.0000000000000000e+00 6.0000000000000000e+00 5.6719040473480370e-07
COEFF 9.0000000000000000e+00 7.0000000000000000e+00 -8.4942240058129268e-07
COEFF 9.0000000000000000e+00 8.0000000000000000e+00 -1.1413524741236128e-07
COEFF 9.0000000000000000e+00 9.0000000000000000e+00 7.2330027721764911e-07
COEFF 9.0000000000000000e+00 1.0000000000000000e+01 -1.4527045496047346e-07
COEFF 9.0000000000000000e+00 1.1000000000000000e+01 -3.9310854736379570e-07
COEFF 9.0000000000000000e+00 1.2000000000000000e+01 1.9980675570358828e-07
COEFF 9.0000000000000000e+00 1.3000000000000000e+01 2.0936036666378344e-08
COEFF 9.0000000000000000e+00 1.4000000000000000e+01 -1.0554262352772840e-07
COEFF 9.0000000000000000e+00 1.5000000000000000e+01 2.5481416589437580e-07
COEFF 9.0000000000000000e+00 1.6000000000000000e+01 -4.4740068711119593e-08
COEFF 1.0000000000000000e+01 0.0000000000000000e+00 -1.2253446184077576e-06
COEFF 1.0000000000000000e+01 1.0000000000000000e+00 -1.3072881096018374e-06
COEFF 1.0000000000000000e+01 2.0000000000000000e+00 2.2313149730681401e-06
COEFF 1.0000000000000000e+01 3.0000000000000000e+00 3.1255923841193492e-07
COEFF 1.0000000000000000e+01 4.0000000000000000e+00 -1.0531796570913474e-06
COEFF 1.0000000000000000e+01 5.0000000000000000e+00 3.8755562748768258e-07
COEFF 1.0000000000000000e+01 6.0000000000000000e+00 3.1990221853044268e-07
COEFF 1.0000000000000000e+01 7.0000000000000000e+00 -6.7158155426706140e-07
COEFF 1.0000000000000000e+01 8.0000000000000000e+00 -5.4252469227985451e-08
COEFF 1.0000000000000000e+01 9.0000000000000000e+00 6.8749736221307097e-07
COEFF 1.0000000000000000e+01 1.0000000000000000e+01 -2.1822156639740303e-08
COEFF 1.0000000000000000e+01 1.1000000000000000e+01 -5.7868817173957637e-07
COEFF 1.0000000000000000e+01 1.2000000000000000e+01 8.1517047261856463e-08
COEFF 1.0000000000000000e+01 1.3000000000000000e+01 4.1306747164276583e-07
COEFF 1.0000000000000000e+01 1.4000000000000000e+01 -1.7499474459878007e-07
COEFF 1.0000000000000000e+01 1.5000000000000000e+01 -2.4651087655318086e-07
COEFF 1.1000000000000000e+01 0.0000000000000000e+00 1.1452444184085719e-07
COEFF 1.1000000000000000e+01 1.0000000000000000e+00 -2.1479942241373310e-06
COEFF 1.1000000000000000e+01 2.0000000000000000e+00 1.4727790296726106e-06
COEFF 1.1000000000000000e+01 3.0000000000000000e+00 -7.2613910159387217e-08
COEFF 1.1000000000000000e+01 4.0000000000000000e+00 -1.1056178084004904e-06
COEFF 1.1000000000000000e+01 5.0000000000000000e+00 7.0068250122538866e-07
COEFF 1.1000000000000000e+01 6.0000000000000000e+00 5.3648424839674187e-07
COEFF 1.1000000000000000e+01 7.0000000000000000e+00 -7.1982959725280543e-07
COEFF 1.1000000000000000e+01 8.0000000000000000e+00 -1.0359109523868981e-07
COEFF 1.1000000000000000e+01 9.0000000000000000e+00 6.6577579393453061e-07
COEFF 1.1000000000000000e+01 1.0000000000000000e+01 -1.8642430347451555e-07
COEFF 1.1000000000000000e+01 1.1000000000000000e+01 -6.7619660950440850e-07
COEFF 1.1000000000000000e+01 1.2000000000000000e+01 3.7295628529512862e-07
COEFF 1.1000000000000000e+01 1.3000000000000000e+01 6.9949207366533112e-07
COEFF 1.1000000000000000e+01 1.4000000000000000e+01 -4.7437675861183989e-07
COEFF 1.2000000000000000e+01 0.0000000000000000e+00 2.1331377357070194e-06
COEFF 1.2000000000000000e+01 1.0000000000000000e+00 -1.6332552832149846e-06
COEFF 1.2000000000000000e+01 2.0000000000000000e+00 2.1193967757632722e-06
COEFF 1.2000000000000000e+01 3.0000000000000000e+00 -7.7590992351566598e-07
COEFF 1.2000000000000000e+01 4.0000000000000000e+00 -1.8211375390283279e-06
COEFF 1.2000000000000000e+01 5.0000000000000000e+00 1.3559508904740608e-06
COEFF 1.2000000000000000e+01 6.0000000000000000e+00 7.2051684953665271e-07
COEFF 1.2000000000000000e+01 7.0000000000000000e+00 -1.1528169759610184e-06
COEFF 1.2000000000000000e+01 8.0000000000000000e+00 1.4591684224373696e-07
COEFF 1.2000000000000000e+01 9.0000000000000000e+00 7.9369804288628076e-07
COEFF 1.2000000000000000e+01 1.0000000000000000e+01 -5.7108374173698835e-07
COEFF 1.2000000000000000e+01 1.1000000000000000e+01 -4.9761463027931582e-07
COEFF 1.2000000000000000e+01 1.2000000000000000e+01 5.8668442622791811e-07
COEFF 1.2000000000000000e+01 1.3000000000000000e+01 3.3099594905782356e-07
COEFF 1.3000000000000000e+01 0.0000000000000000e+00 1.6162395227410639e-06
COEFF 1.3000000000000000e+01 1.0000000000000000e+00 -2.3372723239827451e-06
COEFF 1.3000000000000000e+01 2.0000000000000000e+00 2.5805684536746411e-06
COEFF 1.3000000000000000e+01 3.0000000000000000e+00 -1.4736454615208830e-07
COEFF 1.3000000000000000e+01 4.0000000000000000e+00 -1.4521563241376130e-06
COEFF 1.3000000000000000e+01 5.0000000000000000e+00 1.0491839118418191e-06
COEFF 1.3000000000000000e+01 6.0000000000000000e+00 2.5710894536446212e-07
COEFF 1.3000000000000000e+01 7.0000000000000000e+00 -9.8039558924987340e-07
COEFF 1.3000000000000000e+01 8.0000000000000000e+00 3.1217296219329739e-07
COEFF 1.3000000000000000e+01 9.0000000000000000e+00 5.3034224693819483e-07
COEFF 1.3000000000000000e+01 1.0000000000000000e+01 -3.7986429009794397e-07
COEFF 1.3000000000000000e+01 1.1000000000000000e+01 -5.5620587318875674e-08
COEFF 1.3000000000000000e+01 1.2000000000000000e+01 1.8573212045476619e-07
COEFF 1.4000000000000000e+01 0.0000000000000000e+00 2.5250538072425102e-06
COEFF 1.4000000000000000e+01 1.0000000000000000e+00 -4.0951051367115551e-06
COEFF 1.4000000000000000e+01 2.0000000000000000e+00 1.6393146400523330e-06
COEFF 1.4000000000000000e+01 3.0000000000000000e+00 3.4767649357224501e-07
COEFF 1.4000000000000000e+01 4.0000000000000000e+00 -8.6759390712168135e-07
COEFF 1.4000000000000000e+01 5.0000000000000000e+00 8.6238453214084305e-07
COEFF 1.4000000000000000e+01 6.0000000000000000e+00 7.2921051158607457e-08
COEFF 1.4000000000000000e+01 7.0000000000000000e+00 -7.6305230104076952e-07
COEFF 1.4000000000000000e+01 8.0000000000000000e+00 2.2742798415601575e-07
COEFF 1.4000000000000000e+01 9.0000000000000000e+00 2.4242951577825336e-07
COEFF 1.4000000000000000e+01 1.0000000000000000e+01 -1.9370140707367949e-07
COEFF 1.4000000000000000e+01 1.1000000000000000e+01 2.2153617233824381e-07
COEFF 1.5000000000000000e+01 0.0000000000000000e+00 3.2916724352569024e-06
COEFF 1.5000000000000000e+01 1.0000000000000000e+00 -4.0084322727851739e-06
COEFF 1.5000000000000000e+01 2.0000000000000000e+00 2.0069542968124234e-06
COEFF 1.5000000000000000e+01 3.0000000000000000e+00 -1.1960932636308373e-07
COEFF 1.5000000000000000e+01 4.0000000000000000e+00 -1.4091208993213371e-06
COEFF 1.5000000000000000e+01 5.0000000000000000e+00 1.1350723629168635e-06
COEFF 1.5000000000000000e+01 6.0000000000000000e+00 2.7422152078558614e-07
COEFF 1.5000000000000000e+01 7.0000000000000000e+00 -8.0712752469311697e-07
COEFF 1.5000000000000000e+01 8.0000000000000000e+00 3.9597098878206558e-07
COEFF 1.5000000000000000e+01 9.0000000000000000e+00 1.9795064334968241e-07
COEFF 1.5000000000000000e+01 1.0000000000000000e+01 -5.0728975536385941e-07
COEFF 1.6000000000000000e+01 0.0000000000000000e+00 1.7150350089920425e-06
COEFF 1.6000000000000000e+01 1.0000000000000000e+00 -3.0225613237648293e-06
COEFF 1.6000000000000000e+01 2.0000000000000000e+00 2.9286043906000198e-06
COEFF 1.6000000000000000e+01 3.0000000000000000e+00 -5.1908033789385067e-08
COEFF 1.6000000000000000e+01 4.0000000000000000e+00 -1.5843843610193489e-06
COEFF 1.6000000000000000e+01 5.0000000000000000e+00 8.4033933643607055e-07
COEFF 1.6000000000000000e+01 6.0000000000000000e+00 9.7510889032408698e-08
COEFF 1.6000000000000000e+01 7.0000000000000000e+00 -6.0905655167829155e-07
COEFF 1.6000000000000000e+01 8.0000000000000000e+00 5.6780390314004108e-07
COEFF 1.6000000000000000e+01 9.0000000000000000e+00 1.9542919590896118e-07
COEFF 1.7000000000000000e+01 0.0000000000000000e+00 9.2569174717176972e-07
COEFF 1.7000000000000000e+01 1.0000000000000000e+00 -2.4548720079745014e-06
COEFF 1.7000000000000000e+01 2.0000000000000000e+00 2.2354598713502632e-06
COEFF 1.7000000000000000e+01 3.0000000000000000e+00 -1.0046877215094904e-07
COEFF 1.7000000000000000e+01 4.0000000000000000e+00 -9.3908312983354293e-07
COEFF 1.7000000000000000e+01 5.0000000000000000e+00 7.5774263357100040e-07
COEFF 1.7000000000000000e+01 6.0000000000000000e+00 -5.2600348843789697e-08
COEFF 1.7000000000000000e+01 7.0000000000000000e+00 -5.3961763931899475e-07
COEFF 1.7000000000000000e+01 8.0000000000000000e+00 2.8565572151830499e-07
COEFF 1.8000000000000000e+01 0.0000000000000000e+00 1.2021301355157554e-06
COEFF 1.8000000000000000e+01 1.0000000000000000e+00 -1.4468737876428573e-06
COEFF 1.8000000000000000e+01 2.0000000000000000e+00 1.4443622752608577e-06
COEFF 1.8000000000000000e+01 3.0000000000000000e+00 -1.0458944031731271e-06
COEFF 1.8000000000000000e+01 4.0000000000000000e+00 -7.8917791660357200e-07
COEFF 1.8000000000000000e+01 5.0000000000000000e+00 1.3347028916937472e-06
COEFF 1.8000000000000000e+01 6.0000000000000000e+00 1.0409155003880255e-07
COEFF 1.8000000000000000e+01 7.0000000000000000e+00 -7.5519497703524036e-07
COEFF 1.9000000000000000e+01 0.0000000000000000e+00 5.6225902468303245e-07
COEFF 1.9000000000000000e+01 1.0000000000000000e+00 -7.6286121377884409e-07
COEFF 1.9000000000000000e+01 2.0000000000000000e+00 1.3840481200739043e-06
COEFF 1.9000000000000000e+01 3.0000000000000000e+00 -9.5978964314321265e-07
COEFF 1.9000000000000000e+01 4.0000000000000000e+00 -6.9458872170161967e-07
COEFF 1.9000000000000000e+01 5.0000000000000000e+00 1.1236726540218755e-06
COEFF 1.9000000000000000e+01 6.0000000000000000e+00 -1.2335669949252708e-07
COEFF 2.0000000000000000e+01 0.0000000000000000e+00 2.1378322726813699e-07
COEFF 2.0000000000000000e+01 1.0000000000000000e+00 -1.1927232800325667e-06
COEFF 2.0000000000000000e+01 2.0000000000000000e+00 7.6889392950766270e-07
COEFF 2.0000000000000000e+01 3.0000000000000000e+00 2.1107648050222759e-07
COEFF 2.0000000000000000e+01 4.0000000000000000e+00 -1.3406582173523332e-07
COEFF 2.0000000000000000e+01 5.0000000000000000e+00 3.2061003107737616e-07
COEFF 2.1000000000000000e+01 0.0000000000000000e+00 5.8189704365229039e-07
COEFF 2.1000000000000000e+01 1.0000000000000000e+00 -1.0390828766683000e-06
COEFF 2.1000000000000000e+01 2.0000000000000000e+00 2.2264736866513874e-07
COEFF 2.1000000000000000e+01 3.0000000000000000e+00 2.9195529117051826e-07
COEFF 2.1000000000000000e+01 4.0000000000000000e+00 -3.0304362651750020e-07
COEFF 2.2000000000000000e+01 0.0000000000000000e+00 1.7381982358306397e-07
COEFF 2.2000000000000000e+01 1.0000000000000000e+00 5.3887199215685960e-08
COEFF 2.2000000000000000e+01 2.0000000000000000e+00 4.7188837517180963e-07
COEFF 2.2000000000000000e+01 3.0000000000000000e+00 -1.1943702630836595e-07
COEFF 2.3000000000000000e+01 0.0000000000000000e+00 -3.0084563620285523e-07
COEFF 2.3000000000000000e+01 1.0000000000000000e+00 3.9929689058829882e-07
COEFF 2.3000000000000000e+01 2.0000000000000000e+00 6.6633551243715320e-08
COEFF 2.4000000000000000e+01 0.0000000000000000e+00 1.8672404263301386e-08
COEFF 2.4000000000000000e+01 1.0000000000000000e+00 2.2789518075312347e-07
COEFF 2.5000000000000000e+01 0.0000000000000000e+00 -1.5211616370073119e-07