0.000000000000000000e+00 0.000000000000000000e+00 7.563597780998783523e-05
0.000000000000000000e+00 1.000000000000000000e+00 1.995073941146576920e-06
0.000000000000000000e+00 2.000000000000000000e+00 3.797408898697921414e-06
0.000000000000000000e+00 3.000000000000000000e+00 -6.997210392481887320e-06
0.000000000000000000e+00 4.000000000000000000e+00 -3.478144926957480873e-06
0.000000000000000000e+00 5.000000000000000000e+00 2.597772147887895729e-06
0.000000000000000000e+00 6.000000000000000000e+00 1.030612207273620706e-06
0.000000000000000000e+00 7.000000000000000000e+00 -8.158786380879444730e-07
0.000000000000000000e+00 8.000000000000000000e+00 -4.695439394109462956e-07
0.000000000000000000e+00 9.000000000000000000e+00 -1.310256634083052375e-07
0.000000000000000000e+00 1.000000000000000000e+01 1.829240345708964957e-07
0.000000000000000000e+00 1.100000000000000000e+01 -5.799566951571284119e-07
0.000000000000000000e+00 1.200000000000000000e+01 -1.038536501599605167e-07
0.000000000000000000e+00 1.300000000000000000e+01 -3.857445269870092896e-07
0.000000000000000000e+00 1.400000000000000000e+01 -8.589271729488679740e-08
0.000000000000000000e+00 1.500000000000000000e+01 -2.152089477999001145e-07
0.000000000000000000e+00 1.600000000000000000e+01 -1.434111317910555159e-07
0.000000000000000000e+00 1.700000000000000000e+01 -1.165339933765906937e-07
0.000000000000000000e+00 1.800000000000000000e+01 -1.971636111261031645e-07
0.000000000000000000e+00 1.900000000000000000e+01 -4.538285782344728262e-08
0.000000000000000000e+00 2.000000000000000000e+01 -2.434638463626435635e-07
0.000000000000000000e+00 2.100000000000000000e+01 7.662930384321107317e-09
0.000000000000000000e+00 2.200000000000000000e+01 -2.335039986360381422e-07
0.000000000000000000e+00 2.300000000000000000e+01 4.928406588382345010e-08
0.000000000000000000e+00 2.400000000000000000e+01 -1.746165183638955778e-07
1.000000000000000000e+00 0.000000000000000000e+00 -4.664321242547203594e-05
1.000000000000000000e+00 1.000000000000000000e+00 -5.511843264619702230e-05
1.000000000000000000e+00 2.000000000000000000e+00 1.404671230603328170e-05
1.000000000000000000e+00 3.000000000000000000e+00 1.183031005274167696e-05
1.000000000000000000e+00 4.000000000000000000e+00 -1.277810665318436010e-06
1.000000000000000000e+00 5.000000000000000000e+00 -1.439264848642976459e-06
1.000000000000000000e+00 6.000000000000000000e+00 -3.949976330886037423e-07
1.000000000000000000e+00 7.000000000000000000e+00 1.904865917027076939e-07
1.000000000000000000e+00 8.000000000000000000e+00 8.851899341120399326e-07
1.000000000000000000e+00 9.000000000000000000e+00 4.240588162883239205e-07
1.000000000000000000e+00 1.000000000000000000e+01 -2.855290916726763249e-07
1.000000000000000000e+00 1.100000000000000000e+01 2.261706624392128268e-07
1.000000000000000000e+00 1.200000000000000000e+01 7.903057619349834911e-08
1.000000000000000000e+00 1.300000000000000000e+01 9.572878519224184074e-08
1.000000000000000000e+00 1.400000000000000000e+01 -1.348104488547687781e-07
1.000000000000000000e+00 1.500000000000000000e+01 2.392485284722499209e-08
1.000000000000000000e+00 1.600000000000000000e+01 -3.008670844016447896e-08
1.000000000000000000e+00 1.700000000000000000e+01 5.482664192932301855e-08
1.000000000000000000e+00 1.800000000000000000e+01 -7.014067246906504225e-08
1.000000000000000000e+00 1.900000000000000000e+01 6.883307569515062156e-08
1.000000000000000000e+00 2.000000000000000000e+01 -1.116850584198132679e-07
1.000000000000000000e+00 2.100000000000000000e+01 3.913156146564230561e-08
1.000000000000000000e+00 2.200000000000000000e+01 -1.525721635693421757e-07
1.000000000000000000e+00 2.300000000000000000e+01 -7.533025227364358178e-10
1.000000000000000000e+00 2.400000000000000000e+01 -1.572053990280620182e-07
2.000000000000000000e+00 0.000000000000000000e+00 5.126100885183844760e-05
2.000000000000000000e+00 1.000000000000000000e+00 7.721087669596452354e-06
2.000000000000000000e+00 2.000000000000000000e+00 5.896729628203000045e-06
2.000000000000000000e+00 3.000000000000000000e+00 -6.929225544972680960e-06
2.000000000000000000e+00 4.000000000000000000e+00 -4.661702544688107223e-06
2.000000000000000000e+00 5.000000000000000000e+00 3.485480970388545579e-06
2.000000000000000000e+00 6.000000000000000000e+00 1.222049765274954209e-06
2.000000000000000000e+00 7.000000000000000000e+00 -1.211390410418399867e-06
2.000000000000000000e+00 8.000000000000000000e+00 -7.030233496335828450e-07
2.000000000000000000e+00 9.000000000000000000e+00 3.823038003154712231e-07
2.000000000000000000e+00 1.000000000000000000e+01 -3.689647269376820501e-08
2.000000000000000000e+00 1.100000000000000000e+01 1.844466428272013538e-08
2.000000000000000000e+00 1.200000000000000000e+01 6.837379894269937698e-09
2.000000000000000000e+00 1.300000000000000000e+01 1.275257905665193578e-07
2.000000000000000000e+00 1.400000000000000000e+01 2.408120261506381006e-08
2.000000000000000000e+00 1.500000000000000000e+01 1.155392466772838178e-07
2.000000000000000000e+00 1.600000000000000000e+01 3.303676850569989046e-08
2.000000000000000000e+00 1.700000000000000000e+01 1.155386800522544853e-07
2.000000000000000000e+00 1.800000000000000000e+01 7.468000383852429152e-08
2.000000000000000000e+00 1.900000000000000000e+01 1.311829976148366589e-07
2.000000000000000000e+00 2.000000000000000000e+01 1.013540568436508375e-07
2.000000000000000000e+00 2.100000000000000000e+01 1.169459591684455551e-07
2.000000000000000000e+00 2.200000000000000000e+01 8.815511382497071406e-08
2.000000000000000000e+00 2.300000000000000000e+01 7.427185611675356432e-08
3.000000000000000000e+00 0.000000000000000000e+00 1.438340396951522950e-05
3.000000000000000000e+00 1.000000000000000000e+00 -3.951348657557656079e-07
3.000000000000000000e+00 2.000000000000000000e+00 -5.193788832444789151e-07
3.000000000000000000e+00 3.000000000000000000e+00 -5.762246089086291772e-07
3.000000000000000000e+00 4.000000000000000000e+00 -6.844840047290409049e-07
3.000000000000000000e+00 5.000000000000000000e+00 5.104472468816303095e-07
3.000000000000000000e+00 6.000000000000000000e+00 -1.760926617612904772e-08
3.000000000000000000e+00 7.000000000000000000e+00 -4.998597994941360616e-08
3.000000000000000000e+00 8.000000000000000000e+00 -2.103153137519426047e-07
3.000000000000000000e+00 9.000000000000000000e+00 2.255194255973203841e-07
3.000000000000000000e+00 1.000000000000000000e+01 -5.075947894226311941e-08
3.000000000000000000e+00 1.100000000000000000e+01 8.763726179501268316e-08
3.000000000000000000e+00 1.200000000000000000e+01 -1.064442983002121330e-07
3.000000000000000000e+00 1.300000000000000000e+01 2.835731135517032507e-08
3.000000000000000000e+00 1.400000000000000000e+01 -1.655084913336311734e-07
3.000000000000000000e+00 1.500000000000000000e+01 4.051147916856223003e-09
3.000000000000000000e+00 1.600000000000000000e+01 -2.667080248266187810e-07
3.000000000000000000e+00 1.700000000000000000e+01 1.009679116081729543e-08
3.000000000000000000e+00 1.800000000000000000e+01 -3.352544283727290759e-07
3.000000000000000000e+00 1.900000000000000000e+01 2.712707317568624564e-08
3.000000000000000000e+00 2.000000000000000000e+01 -3.451637767635732435e-07
3.000000000000000000e+00 2.100000000000000000e+01 3.881969991817814909e-08
3.000000000000000000e+00 2.200000000000000000e+01 -2.949429366120879533e-07
4.000000000000000000e+00 0.000000000000000000e+00 -4.001901722146765763e-05
4.000000000000000000e+00 1.000000000000000000e+00 -9.856051731433818818e-06
4.000000000000000000e+00 2.000000000000000000e+00 -1.569130836158283973e-06
4.000000000000000000e+00 3.000000000000000000e+00 4.980378824673698714e-06
4.000000000000000000e+00 4.000000000000000000e+00 2.268608373390524075e-06
4.000000000000000000e+00 5.000000000000000000e+00 -2.101619186346852640e-06
4.000000000000000000e+00 6.000000000000000000e+00 -1.279740208874770481e-06
4.000000000000000000e+00 7.000000000000000000e+00 7.021122064580458117e-07
4.000000000000000000e+00 8.000000000000000000e+00 -1.014061677494196117e-08
4.000000000000000000e+00 9.000000000000000000e+00 -4.532216061350554663e-07
4.000000000000000000e+00 1.000000000000000000e+01 -2.056189238858497624e-07
4.000000000000000000e+00 1.100000000000000000e+01 -2.210029749765256456e-07
4.000000000000000000e+00 1.200000000000000000e+01 5.256083011901095675e-08
4.000000000000000000e+00 1.300000000000000000e+01 -2.317936865046810931e-07
4.000000000000000000e+00 1.400000000000000000e+01 2.937674236687130022e-08
4.000000000000000000e+00 1.500000000000000000e+01 -1.088164446336182009e-07
4.000000000000000000e+00 1.600000000000000000e+01 2.800085894749125808e-08
4.000000000000000000e+00 1.700000000000000000e+01 2.298123219684129206e-08
4.000000000000000000e+00 1.800000000000000000e+01 2.177755905807306515e-08
4.000000000000000000e+00 1.900000000000000000e+01 8.803010432789755285e-08
4.000000000000000000e+00 2.000000000000000000e+01 4.580288128074501226e-09
4.000000000000000000e+00 2.100000000000000000e+01 7.981768360538278073e-08
5.000000000000000000e+00 0.000000000000000000e+00 4.867384823538263053e-06
5.000000000000000000e+00 1.000000000000000000e+00 1.771635405508755970e-05
5.000000000000000000e+00 2.000000000000000000e+00 -3.161447792783052380e-06
5.000000000000000000e+00 3.000000000000000000e+00 -3.744770818978598701e-06
5.000000000000000000e+00 4.000000000000000000e+00 9.773914563369660979e-07
5.000000000000000000e+00 5.000000000000000000e+00 6.125168814515635311e-07
5.000000000000000000e+00 6.000000000000000000e+00 -1.509153160094176497e-08
5.000000000000000000e+00 7.000000000000000000e+00 4.073874161492071770e-07
5.000000000000000000e+00 8.000000000000000000e+00 -4.152256587347647309e-07
5.000000000000000000e+00 9.000000000000000000e+00 1.319343186921290285e-07
5.000000000000000000e+00 1.000000000000000000e+01 -8.743496119165598031e-08
5.000000000000000000e+00 1.100000000000000000e+01 9.683226909932716257e-09
5.000000000000000000e+00 1.200000000000000000e+01 -3.987405754538079802e-09
5.000000000000000000e+00 1.300000000000000000e+01 -1.318618559449411381e-07
5.000000000000000000e+00 1.400000000000000000e+01 1.784041398451775102e-07
5.000000000000000000e+00 1.500000000000000000e+01 -1.868734881590017478e-07
5.000000000000000000e+00 1.600000000000000000e+01 1.450366108992392854e-07
5.000000000000000000e+00 1.700000000000000000e+01 -1.654489199067531230e-07
5.000000000000000000e+00 1.800000000000000000e+01 4.797209897124208942e-08
5.000000000000000000e+00 1.900000000000000000e+01 -8.351236876370461049e-08
5.000000000000000000e+00 2.000000000000000000e+01 -6.520152794433155099e-08
6.000000000000000000e+00 0.000000000000000000e+00 1.383530432324562518e-05
6.000000000000000000e+00 1.000000000000000000e+00 7.462642649191187559e-06
6.000000000000000000e+00 2.000000000000000000e+00 -1.582008376829041704e-06
6.000000000000000000e+00 3.000000000000000000e+00 -2.266907550307705809e-06
6.000000000000000000e+00 4.000000000000000000e+00 -4.233160594564197390e-07
6.000000000000000000e+00 5.000000000000000000e+00 8.467540481273116479e-07
6.000000000000000000e+00 6.000000000000000000e+00 7.262724894694254017e-08
6.000000000000000000e+00 7.000000000000000000e+00 -1.771430176523653427e-07
6.000000000000000000e+00 8.000000000000000000e+00 -4.716595800866866634e-07
6.000000000000000000e+00 9.000000000000000000e+00 6.907258520349653146e-08
6.000000000000000000e+00 1.000000000000000000e+01 -2.378512781699860190e-07
6.000000000000000000e+00 1.100000000000000000e+01 -5.315980681203729657e-08
6.000000000000000000e+00 1.200000000000000000e+01 -2.618213206533935609e-07
6.000000000000000000e+00 1.300000000000000000e+01 -1.045565948352348875e-07
6.000000000000000000e+00 1.400000000000000000e+01 -1.363407601580742607e-07
6.000000000000000000e+00 1.500000000000000000e+01 -1.339038808787976032e-07
6.000000000000000000e+00 1.600000000000000000e+01 -1.656632647959913943e-08
6.000000000000000000e+00 1.700000000000000000e+01 -1.334303279670230979e-07
6.000000000000000000e+00 1.800000000000000000e+01 1.001909476127593769e-07
6.000000000000000000e+00 1.900000000000000000e+01 -1.209487391157024369e-07
7.000000000000000000e+00 0.000000000000000000e+00 -1.076465937859910753e-05
7.000000000000000000e+00 1.000000000000000000e+00 -1.662336385463636517e-05
7.000000000000000000e+00 2.000000000000000000e+00 2.948167413385222380e-06
7.000000000000000000e+00 3.000000000000000000e+00 3.819235713795807841e-06
7.000000000000000000e+00 4.000000000000000000e+00 -2.999864132296462356e-07
7.000000000000000000e+00 5.000000000000000000e+00 -7.679678858695172959e-07
7.000000000000000000e+00 6.000000000000000000e+00 -8.511872602185995638e-08
7.000000000000000000e+00 7.000000000000000000e+00 2.053094517692731758e-07
7.000000000000000000e+00 8.000000000000000000e+00 1.264133436315535974e-07
7.000000000000000000e+00 9.000000000000000000e+00 3.749131243262040512e-08
7.000000000000000000e+00 1.000000000000000000e+01 -1.721806319357255123e-07
7.000000000000000000e+00 1.100000000000000000e+01 7.827793417962963526e-08
7.000000000000000000e+00 1.200000000000000000e+01 4.902309734080472818e-08
7.000000000000000000e+00 1.300000000000000000e+01 1.743259401182435920e-07
7.000000000000000000e+00 1.400000000000000000e+01 9.257487966070522489e-08
7.000000000000000000e+00 1.500000000000000000e+01 1.957487152961728652e-07
7.000000000000000000e+00 1.600000000000000000e+01 1.730972139167671944e-07
7.000000000000000000e+00 1.700000000000000000e+01 1.697654680403017900e-07
7.000000000000000000e+00 1.800000000000000000e+01 1.837201015431085285e-07
8.000000000000000000e+00 0.000000000000000000e+00 1.589693398627090447e-06
8.000000000000000000e+00 1.000000000000000000e+00 -3.319148802335180163e-06
8.000000000000000000e+00 2.000000000000000000e+00 2.391669028831984768e-06
8.000000000000000000e+00 3.000000000000000000e+00 2.658850155939257678e-07
8.000000000000000000e+00 4.000000000000000000e+00 -9.773812702626428764e-07
8.000000000000000000e+00 5.000000000000000000e+00 2.363564498172745786e-07
8.000000000000000000e+00 6.000000000000000000e+00 -1.659919677069438434e-07
8.000000000000000000e+00 7.000000000000000000e+00 -2.067883665912177899e-07
8.000000000000000000e+00 8.000000000000000000e+00 -1.109268316749537905e-07
8.000000000000000000e+00 9.000000000000000000e+00 -7.412820564125782323e-08
8.000000000000000000e+00 1.000000000000000000e+01 -1.683961298109774473e-08
8.000000000000000000e+00 1.100000000000000000e+01 -1.412166811426098493e-07
8.000000000000000000e+00 1.200000000000000000e+01 2.173467162406496731e-08
8.000000000000000000e+00 1.300000000000000000e+01 -1.240921957681585260e-07
8.000000000000000000e+00 1.400000000000000000e+01 -5.432393892434997308e-08
8.000000000000000000e+00 1.500000000000000000e+01 -1.009430311656920978e-07
8.000000000000000000e+00 1.600000000000000000e+01 -9.444796430097396873e-08
8.000000000000000000e+00 1.700000000000000000e+01 -7.799895466400588378e-08
9.000000000000000000e+00 0.000000000000000000e+00 1.092761568062756281e-05
9.000000000000000000e+00 1.000000000000000000e+00 9.876417720503264533e-06
9.000000000000000000e+00 2.000000000000000000e+00 -1.224196261582915746e-06
9.000000000000000000e+00 3.000000000000000000e+00 -3.243107290152664875e-06
9.000000000000000000e+00 4.000000000000000000e+00 -1.238027424678080687e-07
9.000000000000000000e+00 5.000000000000000000e+00 5.240635206443090639e-07
9.000000000000000000e+00 6.000000000000000000e+00 2.577277874316297638e-07
9.000000000000000000e+00 7.000000000000000000e+00 -1.340497161356251831e-07
9.000000000000000000e+00 8.000000000000000000e+00 -8.721157773411102898e-08
9.000000000000000000e+00 9.000000000000000000e+00 5.351773397068455806e-08
9.000000000000000000e+00 1.000000000000000000e+01 8.378539240724454526e-08
9.000000000000000000e+00 1.100000000000000000e+01 -3.806435847413459433e-09
9.000000000000000000e+00 1.200000000000000000e+01 -1.239786573795695401e-08
9.000000000000000000e+00 1.300000000000000000e+01 -1.037687589470825698e-08
9.000000000000000000e+00 1.400000000000000000e+01 3.590838943582885315e-08
9.000000000000000000e+00 1.500000000000000000e+01 -3.226834604772447010e-09
9.000000000000000000e+00 1.600000000000000000e+01 4.433163106717093134e-08
1.000000000000000000e+01 0.000000000000000000e+00 -9.333298282648533719e-06
1.000000000000000000e+01 1.000000000000000000e+00 3.285687540130855108e-07
1.000000000000000000e+01 2.000000000000000000e+00 -2.216512277828026204e-06
1.000000000000000000e+01 3.000000000000000000e+00 1.078102493607711348e-06
1.000000000000000000e+01 4.000000000000000000e+00 5.747941433870648552e-07
1.000000000000000000e+01 5.000000000000000000e+00 -4.777331747809456926e-07
1.000000000000000000e+01 6.000000000000000000e+00 -5.231061377273012864e-07
1.000000000000000000e+01 7.000000000000000000e+00 3.708630232309388026e-07
1.000000000000000000e+01 8.000000000000000000e+00 -8.530457743228936198e-08
1.000000000000000000e+01 9.000000000000000000e+00 -2.708224023295414872e-08
1.000000000000000000e+01 1.000000000000000000e+01 -2.292771981344450390e-07
1.000000000000000000e+01 1.100000000000000000e+01 -2.327004646045662008e-08
1.000000000000000000e+01 1.200000000000000000e+01 -2.873473659583785112e-07
1.000000000000000000e+01 1.300000000000000000e+01 -7.666462620606805327e-08
1.000000000000000000e+01 1.400000000000000000e+01 -2.152229949608516751e-07
1.000000000000000000e+01 1.500000000000000000e+01 -7.173857815386048672e-08
1.100000000000000000e+01 0.000000000000000000e+00 -7.553897787831772296e-06
1.100000000000000000e+01 1.000000000000000000e+00 -3.085540585623310884e-06
1.100000000000000000e+01 2.000000000000000000e+00 -5.796051768226308917e-08
1.100000000000000000e+01 3.000000000000000000e+00 1.543202941283072352e-06
1.100000000000000000e+01 4.000000000000000000e+00 2.112555813307225167e-07
1.100000000000000000e+01 5.000000000000000000e+00 -4.420861794600519359e-07
1.100000000000000000e+01 6.000000000000000000e+00 -2.683709057789037192e-07
1.100000000000000000e+01 7.000000000000000000e+00 2.210932407779987333e-07
1.100000000000000000e+01 8.000000000000000000e+00 -3.376581034969217814e-09
1.100000000000000000e+01 9.000000000000000000e+00 -1.619168185598284881e-07
1.100000000000000000e+01 1.000000000000000000e+01 -1.438933292121971148e-08
1.100000000000000000e+01 1.100000000000000000e+01 -1.144010502510462876e-07
1.100000000000000000e+01 1.200000000000000000e+01 7.433695688944467943e-08
1.100000000000000000e+01 1.300000000000000000e+01 -7.151601853828025535e-08
1.100000000000000000e+01 1.400000000000000000e+01 3.613238159896690247e-08
1.200000000000000000e+01 0.000000000000000000e+00 9.126224499262620030e-06
1.200000000000000000e+01 1.000000000000000000e+00 1.797951022215966274e-06
1.200000000000000000e+01 2.000000000000000000e+00 9.527623616913850890e-07
1.200000000000000000e+01 3.000000000000000000e+00 -1.323988571643816075e-06
1.200000000000000000e+01 4.000000000000000000e+00 -5.669211865738215282e-07
1.200000000000000000e+01 5.000000000000000000e+00 6.158703339787428238e-07
1.200000000000000000e+01 6.000000000000000000e+00 2.035214418014106920e-07
1.200000000000000000e+01 7.000000000000000000e+00 -1.437184786045049188e-07
1.200000000000000000e+01 8.000000000000000000e+00 -2.425185719582654544e-07
1.200000000000000000e+01 9.000000000000000000e+00 1.382626387867273339e-07
1.200000000000000000e+01 1.000000000000000000e+01 -2.171411229544053230e-07
1.200000000000000000e+01 1.100000000000000000e+01 -9.404137640076371504e-08
1.200000000000000000e+01 1.200000000000000000e+01 -2.039113817349274064e-07
1.200000000000000000e+01 1.300000000000000000e+01 -2.369735551269189556e-07
1.300000000000000000e+01 0.000000000000000000e+00 4.510371573507111164e-06
1.300000000000000000e+01 1.000000000000000000e+00 -3.273811924373480387e-07
1.300000000000000000e+01 2.000000000000000000e+00 8.544876267560588969e-07
1.300000000000000000e+01 3.000000000000000000e+00 -3.227305516767064459e-07
1.300000000000000000e+01 4.000000000000000000e+00 -3.057274018322972415e-07
1.300000000000000000e+01 5.000000000000000000e+00 2.552389713627893737e-07
1.300000000000000000e+01 6.000000000000000000e+00 1.496970540025220185e-07
1.300000000000000000e+01 7.000000000000000000e+00 -3.301709881064651412e-07
1.300000000000000000e+01 8.000000000000000000e+00 2.471101547422775735e-08
1.300000000000000000e+01 9.000000000000000000e+00 -1.353477577926987953e-07
1.300000000000000000e+01 1.000000000000000000e+01 3.796974609793175928e-08
1.300000000000000000e+01 1.100000000000000000e+01 -1.550758964180510713e-07
1.300000000000000000e+01 1.200000000000000000e+01 2.479309330033840689e-08
1.400000000000000000e+01 0.000000000000000000e+00 -7.279498778565406294e-06
1.400000000000000000e+01 1.000000000000000000e+00 -2.495517893219671300e-06
1.400000000000000000e+01 2.000000000000000000e+00 -4.775665829272394465e-07
1.400000000000000000e+01 3.000000000000000000e+00 1.454412919370741833e-06
1.400000000000000000e+01 4.000000000000000000e+00 3.525083546870419589e-07
1.400000000000000000e+01 5.000000000000000000e+00 -3.883842384569202323e-07
1.400000000000000000e+01 6.000000000000000000e+00 -2.318548051408439912e-07
1.400000000000000000e+01 7.000000000000000000e+00 2.960610396827902172e-07
1.400000000000000000e+01 8.000000000000000000e+00 6.676916565021053192e-08
1.400000000000000000e+01 9.000000000000000000e+00 3.878677740033058142e-08
1.400000000000000000e+01 1.000000000000000000e+01 -1.166781966599756377e-07
1.400000000000000000e+01 1.100000000000000000e+01 -6.010236409905418982e-09
1.500000000000000000e+01 0.000000000000000000e+00 -9.506981543212995387e-07
1.500000000000000000e+01 1.000000000000000000e+00 2.431843053080833155e-06
1.500000000000000000e+01 2.000000000000000000e+00 -6.835204543970514333e-07
1.500000000000000000e+01 3.000000000000000000e+00 9.355682696041299177e-08
1.500000000000000000e+01 4.000000000000000000e+00 3.617295404131050849e-07
1.500000000000000000e+01 5.000000000000000000e+00 -1.782976549598042818e-07
1.500000000000000000e+01 6.000000000000000000e+00 -7.529949703712165013e-08
1.500000000000000000e+01 7.000000000000000000e+00 -1.241701901644521420e-07
1.500000000000000000e+01 8.000000000000000000e+00 -3.482599768281636624e-08
1.500000000000000000e+01 9.000000000000000000e+00 -2.582378436489801524e-07
1.500000000000000000e+01 1.000000000000000000e+01 1.716157050207444208e-08
1.600000000000000000e+01 0.000000000000000000e+00 4.162521449119190819e-06
1.600000000000000000e+01 1.000000000000000000e+00 2.697381634016646185e-06
1.600000000000000000e+01 2.000000000000000000e+00 -3.237233902837654655e-07
1.600000000000000000e+01 3.000000000000000000e+00 -9.712097698266411404e-07
1.600000000000000000e+01 4.000000000000000000e+00 -3.342989329063492479e-07
1.600000000000000000e+01 5.000000000000000000e+00 2.914252925300593791e-07
1.600000000000000000e+01 6.000000000000000000e+00 -5.068128157869917222e-08
1.600000000000000000e+01 7.000000000000000000e+00 -1.083402806527431231e-07
1.600000000000000000e+01 8.000000000000000000e+00 -1.261886220141460039e-07
1.600000000000000000e+01 9.000000000000000000e+00 3.792545060912161691e-08
1.700000000000000000e+01 0.000000000000000000e+00 -3.500321576464891167e-07
1.700000000000000000e+01 1.000000000000000000e+00 -2.651620373093207346e-06
1.700000000000000000e+01 2.000000000000000000e+00 8.155186857522122482e-07
1.700000000000000000e+01 3.000000000000000000e+00 2.606186119184609107e-07
1.700000000000000000e+01 4.000000000000000000e+00 -3.035316535490387424e-07
1.700000000000000000e+01 5.000000000000000000e+00 -1.838672883630084372e-07
1.700000000000000000e+01 6.000000000000000000e+00 -9.795825735239115869e-08
1.700000000000000000e+01 7.000000000000000000e+00 -2.947607769327567409e-07
1.700000000000000000e+01 8.000000000000000000e+00 -6.710909464825127417e-08
1.800000000000000000e+01 0.000000000000000000e+00 -2.389009899369514239e-06
1.800000000000000000e+01 1.000000000000000000e+00 -2.037380023102655126e-06
1.800000000000000000e+01 2.000000000000000000e+00 1.757162087995983578e-07
1.800000000000000000e+01 3.000000000000000000e+00 6.971046488802968720e-07
1.800000000000000000e+01 4.000000000000000000e+00 -8.232718792303915583e-08
1.800000000000000000e+01 5.000000000000000000e+00 -2.121649869911048307e-07
1.800000000000000000e+01 6.000000000000000000e+00 -1.940944098630289979e-07
1.800000000000000000e+01 7.000000000000000000e+00 1.261325866206373018e-08
1.900000000000000000e+01 0.000000000000000000e+00 1.652262293979395351e-06
1.900000000000000000e+01 1.000000000000000000e+00 2.710562018373278534e-06
1.900000000000000000e+01 2.000000000000000000e+00 -5.885719819559743760e-07
1.900000000000000000e+01 3.000000000000000000e+00 -6.084050979936566089e-07
1.900000000000000000e+01 4.000000000000000000e+00 5.677062084474964147e-08
1.900000000000000000e+01 5.000000000000000000e+00 -1.503547670847912014e-07
1.900000000000000000e+01 6.000000000000000000e+00 -4.929437265859721738e-08
2.000000000000000000e+01 0.000000000000000000e+00 2.899959481756619756e-07
2.000000000000000000e+01 1.000000000000000000e+00 1.703354515802876203e-06
2.000000000000000000e+01 2.000000000000000000e+00 -6.651517511061224247e-07
2.000000000000000000e+01 3.000000000000000000e+00 -4.585125119467007174e-07
2.000000000000000000e+01 4.000000000000000000e+00 -1.759194208670199983e-09
2.000000000000000000e+01 5.000000000000000000e+00 6.553100004457582978e-08
2.100000000000000000e+01 0.000000000000000000e+00 -1.536622859134757489e-06
2.100000000000000000e+01 1.000000000000000000e+00 -1.630890002129033050e-06
2.100000000000000000e+01 2.000000000000000000e+00 4.282352517389422855e-07
2.100000000000000000e+01 3.000000000000000000e+00 3.959432387937180767e-07
2.100000000000000000e+01 4.000000000000000000e+00 -1.413096390937751104e-08
2.200000000000000000e+01 0.000000000000000000e+00 3.904359761151798663e-07
2.200000000000000000e+01 1.000000000000000000e+00 -9.724537070501802465e-07
2.200000000000000000e+01 2.000000000000000000e+00 2.480925012067954839e-07
2.200000000000000000e+01 3.000000000000000000e+00 1.420442713926766144e-07
2.300000000000000000e+01 0.000000000000000000e+00 1.742138894426108255e-06
2.300000000000000000e+01 1.000000000000000000e+00 1.315944503273448221e-06
2.300000000000000000e+01 2.000000000000000000e+00 -1.639188079687618934e-07
2.400000000000000000e+01 0.000000000000000000e+00 -1.043788109608929048e-06
2.400000000000000000e+01 1.000000000000000000e+00 5.020933767936645070e-07
0.000000000000000000e+00 0.000000000000000000e+00 0.000000000000000000e+00
0.000000000000000000e+00 0.000000000000000000e+00 0.000000000000000000e+00
