0.000000000000000000e+00 0.000000000000000000e+00 4.272143804784872914e-04
0.000000000000000000e+00 1.000000000000000000e+00 5.664065647540962794e-06
0.000000000000000000e+00 2.000000000000000000e+00 2.113604718400173029e-05
0.000000000000000000e+00 3.000000000000000000e+00 -5.820898524757271996e-07
0.000000000000000000e+00 4.000000000000000000e+00 1.274489594838428981e-06
0.000000000000000000e+00 5.000000000000000000e+00 7.059293716183355506e-06
0.000000000000000000e+00 6.000000000000000000e+00 3.929681256655614113e-06
0.000000000000000000e+00 7.000000000000000000e+00 -3.767710509831433618e-07
0.000000000000000000e+00 8.000000000000000000e+00 6.294250338144901800e-07
0.000000000000000000e+00 9.000000000000000000e+00 1.643762124193983328e-06
0.000000000000000000e+00 1.000000000000000000e+01 4.499374647670216624e-07
0.000000000000000000e+00 1.100000000000000000e+01 1.448637512958731084e-06
0.000000000000000000e+00 1.200000000000000000e+01 4.814856098841057385e-07
0.000000000000000000e+00 1.300000000000000000e+01 1.126992940446276864e-06
0.000000000000000000e+00 1.400000000000000000e+01 3.461264911934368277e-07
0.000000000000000000e+00 1.500000000000000000e+01 4.410799139281362246e-07
0.000000000000000000e+00 1.600000000000000000e+01 -4.977092661747096366e-08
0.000000000000000000e+00 1.700000000000000000e+01 -1.381424467790629972e-07
0.000000000000000000e+00 1.800000000000000000e+01 -2.977947352885536243e-07
0.000000000000000000e+00 1.900000000000000000e+01 -3.677474177175834377e-07
0.000000000000000000e+00 2.000000000000000000e+01 -3.378913182899342759e-07
0.000000000000000000e+00 2.100000000000000000e+01 -2.970047109567269021e-07
0.000000000000000000e+00 2.200000000000000000e+01 -2.366876716816732753e-07
0.000000000000000000e+00 2.300000000000000000e+01 -8.990487313853886846e-08
0.000000000000000000e+00 2.400000000000000000e+01 -8.757232232106048171e-08
1.000000000000000000e+00 0.000000000000000000e+00 1.542461647807141659e-04
1.000000000000000000e+00 1.000000000000000000e+00 7.809316264589408012e-05
1.000000000000000000e+00 2.000000000000000000e+00 7.717230159767898278e-06
1.000000000000000000e+00 3.000000000000000000e+00 -3.437622456324763929e-06
1.000000000000000000e+00 4.000000000000000000e+00 -1.319561973678514739e-06
1.000000000000000000e+00 5.000000000000000000e+00 1.553345966026631670e-05
1.000000000000000000e+00 6.000000000000000000e+00 4.242677913997963926e-06
1.000000000000000000e+00 7.000000000000000000e+00 1.324491977892795644e-07
1.000000000000000000e+00 8.000000000000000000e+00 -1.848240299790137226e-06
1.000000000000000000e+00 9.000000000000000000e+00 -2.494685982264637872e-08
1.000000000000000000e+00 1.000000000000000000e+01 -1.491279692209531008e-06
1.000000000000000000e+00 1.100000000000000000e+01 -6.520645100426410997e-07
1.000000000000000000e+00 1.200000000000000000e+01 -2.426736171134905896e-07
1.000000000000000000e+00 1.300000000000000000e+01 -5.547127813206531616e-07
1.000000000000000000e+00 1.400000000000000000e+01 7.479682020700095324e-07
1.000000000000000000e+00 1.500000000000000000e+01 -3.980565166100231430e-07
1.000000000000000000e+00 1.600000000000000000e+01 8.003780708026956010e-07
1.000000000000000000e+00 1.700000000000000000e+01 -2.187046322770885517e-07
1.000000000000000000e+00 1.800000000000000000e+01 4.317824347035884544e-07
1.000000000000000000e+00 1.900000000000000000e+01 -1.161275812994867839e-07
1.000000000000000000e+00 2.000000000000000000e+01 6.026499278973237416e-08
1.000000000000000000e+00 2.100000000000000000e+01 -1.258566488884890230e-07
1.000000000000000000e+00 2.200000000000000000e+01 -1.465433503393978862e-07
1.000000000000000000e+00 2.300000000000000000e+01 -2.049519972749952916e-07
1.000000000000000000e+00 2.400000000000000000e+01 -1.860476297189111178e-07
2.000000000000000000e+00 0.000000000000000000e+00 2.009013205648787256e-04
2.000000000000000000e+00 1.000000000000000000e+00 -9.947242378641261133e-06
2.000000000000000000e+00 2.000000000000000000e+00 5.745962938317134793e-06
2.000000000000000000e+00 3.000000000000000000e+00 2.606728984612685682e-06
2.000000000000000000e+00 4.000000000000000000e+00 -7.668235869540992430e-06
2.000000000000000000e+00 5.000000000000000000e+00 5.472968205867471553e-06
2.000000000000000000e+00 6.000000000000000000e+00 5.751849232544840819e-06
2.000000000000000000e+00 7.000000000000000000e+00 -1.808766604778153213e-06
2.000000000000000000e+00 8.000000000000000000e+00 3.802865691481807797e-06
2.000000000000000000e+00 9.000000000000000000e+00 -9.466181094063632209e-07
2.000000000000000000e+00 1.000000000000000000e+01 2.146225824737565335e-06
2.000000000000000000e+00 1.100000000000000000e+01 2.208745880713502292e-07
2.000000000000000000e+00 1.200000000000000000e+01 6.529983418642498991e-07
2.000000000000000000e+00 1.300000000000000000e+01 2.934042897537197355e-07
2.000000000000000000e+00 1.400000000000000000e+01 1.682046757968004015e-07
2.000000000000000000e+00 1.500000000000000000e+01 -2.629796689687790075e-07
2.000000000000000000e+00 1.600000000000000000e+01 7.220802260056288256e-09
2.000000000000000000e+00 1.700000000000000000e+01 -7.115920579617780441e-07
2.000000000000000000e+00 1.800000000000000000e+01 -3.938445812697510682e-08
2.000000000000000000e+00 1.900000000000000000e+01 -7.986877484466439643e-07
2.000000000000000000e+00 2.000000000000000000e+01 -4.047684230646426439e-08
2.000000000000000000e+00 2.100000000000000000e+01 -6.545634523681577169e-07
2.000000000000000000e+00 2.200000000000000000e+01 -3.765098813646242775e-08
2.000000000000000000e+00 2.300000000000000000e+01 -4.435244830120070097e-07
3.000000000000000000e+00 0.000000000000000000e+00 3.884813679405871740e-05
3.000000000000000000e+00 1.000000000000000000e+00 4.998644513060843850e-08
3.000000000000000000e+00 2.000000000000000000e+00 4.515343026318462157e-06
3.000000000000000000e+00 3.000000000000000000e+00 -1.013289101993062762e-06
3.000000000000000000e+00 4.000000000000000000e+00 -4.099675766107447269e-06
3.000000000000000000e+00 5.000000000000000000e+00 1.864843510675585738e-07
3.000000000000000000e+00 6.000000000000000000e+00 2.187032798432150018e-06
3.000000000000000000e+00 7.000000000000000000e+00 -1.968040823048536265e-06
3.000000000000000000e+00 8.000000000000000000e+00 7.433274219880152167e-07
3.000000000000000000e+00 9.000000000000000000e+00 -5.631634549584338247e-07
3.000000000000000000e+00 1.000000000000000000e+01 -6.978380438730219848e-07
3.000000000000000000e+00 1.100000000000000000e+01 4.796575035249087955e-07
3.000000000000000000e+00 1.200000000000000000e+01 -1.037109458831645952e-06
3.000000000000000000e+00 1.300000000000000000e+01 9.028438755844720873e-07
3.000000000000000000e+00 1.400000000000000000e+01 -5.982431322082271893e-07
3.000000000000000000e+00 1.500000000000000000e+01 7.109600161830384863e-07
3.000000000000000000e+00 1.600000000000000000e+01 -7.820974381577710493e-08
3.000000000000000000e+00 1.700000000000000000e+01 3.725209769638409579e-07
3.000000000000000000e+00 1.800000000000000000e+01 2.027534429373641979e-07
3.000000000000000000e+00 1.900000000000000000e+01 1.099784911912815212e-07
3.000000000000000000e+00 2.000000000000000000e+01 2.619422021158809054e-07
3.000000000000000000e+00 2.100000000000000000e+01 -4.288212290429335283e-08
3.000000000000000000e+00 2.200000000000000000e+01 1.781948344141267910e-07
4.000000000000000000e+00 0.000000000000000000e+00 -5.249211646860271150e-05
4.000000000000000000e+00 1.000000000000000000e+00 -1.586824224868485103e-06
4.000000000000000000e+00 2.000000000000000000e+00 2.140073756173345350e-08
4.000000000000000000e+00 3.000000000000000000e+00 -9.009596603122848744e-08
4.000000000000000000e+00 4.000000000000000000e+00 -2.353591885778535897e-08
4.000000000000000000e+00 5.000000000000000000e+00 -1.777814236568697414e-06
4.000000000000000000e+00 6.000000000000000000e+00 1.415712094528492749e-06
4.000000000000000000e+00 7.000000000000000000e+00 6.351462086428378431e-07
4.000000000000000000e+00 8.000000000000000000e+00 1.712869872620554042e-06
4.000000000000000000e+00 9.000000000000000000e+00 1.011703415853882254e-06
4.000000000000000000e+00 1.000000000000000000e+01 1.508761851354254229e-06
4.000000000000000000e+00 1.100000000000000000e+01 6.589639081423274830e-07
4.000000000000000000e+00 1.200000000000000000e+01 1.113778493282646898e-06
4.000000000000000000e+00 1.300000000000000000e+01 1.448310308278883463e-07
4.000000000000000000e+00 1.400000000000000000e+01 7.270157341228810726e-07
4.000000000000000000e+00 1.500000000000000000e+01 -3.496184512720476291e-07
4.000000000000000000e+00 1.600000000000000000e+01 4.657247350274152152e-07
4.000000000000000000e+00 1.700000000000000000e+01 -6.106905679359270597e-07
4.000000000000000000e+00 1.800000000000000000e+01 2.908111072766365536e-07
4.000000000000000000e+00 1.900000000000000000e+01 -6.240679216242572253e-07
4.000000000000000000e+00 2.000000000000000000e+01 1.352692303692568721e-07
4.000000000000000000e+00 2.100000000000000000e+01 -4.811589371402743311e-07
5.000000000000000000e+00 0.000000000000000000e+00 -4.554705585256737914e-05
5.000000000000000000e+00 1.000000000000000000e+00 -9.079346392827116857e-06
5.000000000000000000e+00 2.000000000000000000e+00 -4.002685286485050886e-06
5.000000000000000000e+00 3.000000000000000000e+00 4.606287393091185382e-06
5.000000000000000000e+00 4.000000000000000000e+00 2.586244713710182280e-06
5.000000000000000000e+00 5.000000000000000000e+00 -1.335558659327054491e-06
5.000000000000000000e+00 6.000000000000000000e+00 -1.426696154230631251e-06
5.000000000000000000e+00 7.000000000000000000e+00 1.459014323061131107e-06
5.000000000000000000e+00 8.000000000000000000e+00 -6.186994129410798484e-07
5.000000000000000000e+00 9.000000000000000000e+00 1.356998161060265535e-07
5.000000000000000000e+00 1.000000000000000000e+01 1.137023676502158844e-07
5.000000000000000000e+00 1.100000000000000000e+01 -3.746537736042607163e-07
5.000000000000000000e+00 1.200000000000000000e+01 2.680953662704308826e-07
5.000000000000000000e+00 1.300000000000000000e+01 -2.794352874343769937e-07
5.000000000000000000e+00 1.400000000000000000e+01 8.995850229547796594e-08
5.000000000000000000e+00 1.500000000000000000e+01 3.034117261250139792e-08
5.000000000000000000e+00 1.600000000000000000e+01 -7.975231262125965556e-08
5.000000000000000000e+00 1.700000000000000000e+01 2.185654520782206311e-07
5.000000000000000000e+00 1.800000000000000000e+01 -1.167470227018937527e-07
5.000000000000000000e+00 1.900000000000000000e+01 2.119306270442385362e-07
5.000000000000000000e+00 2.000000000000000000e+01 -6.108706475204110419e-08
6.000000000000000000e+00 0.000000000000000000e+00 -1.547009173760301748e-05
6.000000000000000000e+00 1.000000000000000000e+00 2.934137137981737793e-06
6.000000000000000000e+00 2.000000000000000000e+00 3.940384182094620363e-06
6.000000000000000000e+00 3.000000000000000000e+00 2.628053818793077647e-06
6.000000000000000000e+00 4.000000000000000000e+00 6.623147774558026401e-07
6.000000000000000000e+00 5.000000000000000000e+00 1.408353291369978494e-06
6.000000000000000000e+00 6.000000000000000000e+00 -2.167925705823058522e-06
6.000000000000000000e+00 7.000000000000000000e+00 1.242882912237396704e-06
6.000000000000000000e+00 8.000000000000000000e+00 -1.107612282759236575e-06
6.000000000000000000e+00 9.000000000000000000e+00 6.313885092234352567e-07
6.000000000000000000e+00 1.000000000000000000e+01 -3.553112119208094331e-07
6.000000000000000000e+00 1.100000000000000000e+01 1.284009433552335920e-07
6.000000000000000000e+00 1.200000000000000000e+01 1.484011082223018395e-07
6.000000000000000000e+00 1.300000000000000000e+01 -1.920642502828515902e-07
6.000000000000000000e+00 1.400000000000000000e+01 3.843231586322452546e-07
6.000000000000000000e+00 1.500000000000000000e+01 -2.559392917497916821e-07
6.000000000000000000e+00 1.600000000000000000e+01 4.860735668155945016e-07
6.000000000000000000e+00 1.700000000000000000e+01 -1.639806266049300042e-07
6.000000000000000000e+00 1.800000000000000000e+01 5.307223196853541819e-07
6.000000000000000000e+00 1.900000000000000000e+01 -2.021225165791580835e-08
7.000000000000000000e+00 0.000000000000000000e+00 2.025612370875023142e-05
7.000000000000000000e+00 1.000000000000000000e+00 4.946896440331070262e-06
7.000000000000000000e+00 2.000000000000000000e+00 3.973789003488572832e-06
7.000000000000000000e+00 3.000000000000000000e+00 -2.414965152847762634e-06
7.000000000000000000e+00 4.000000000000000000e+00 -2.830378041126708934e-07
7.000000000000000000e+00 5.000000000000000000e+00 1.102036185945544221e-06
7.000000000000000000e+00 6.000000000000000000e+00 -1.512642533991544975e-07
7.000000000000000000e+00 7.000000000000000000e+00 -1.026573156691245880e-06
7.000000000000000000e+00 8.000000000000000000e+00 -3.905325492927852751e-07
7.000000000000000000e+00 9.000000000000000000e+00 -4.727879561452354826e-07
7.000000000000000000e+00 1.000000000000000000e+01 -6.104084591041009776e-07
7.000000000000000000e+00 1.100000000000000000e+01 2.214626399744619503e-07
7.000000000000000000e+00 1.200000000000000000e+01 -6.734053901655641824e-07
7.000000000000000000e+00 1.300000000000000000e+01 6.769369573580325135e-07
7.000000000000000000e+00 1.400000000000000000e+01 -5.663274058248598212e-07
7.000000000000000000e+00 1.500000000000000000e+01 7.730730132731194186e-07
7.000000000000000000e+00 1.600000000000000000e+01 -3.604676128558071143e-07
7.000000000000000000e+00 1.700000000000000000e+01 5.716364960791484495e-07
7.000000000000000000e+00 1.800000000000000000e+01 -1.258593291761812297e-07
8.000000000000000000e+00 0.000000000000000000e+00 1.738088737202669873e-05
8.000000000000000000e+00 1.000000000000000000e+00 2.444975441680450842e-06
8.000000000000000000e+00 2.000000000000000000e+00 -2.586282714746742863e-06
8.000000000000000000e+00 3.000000000000000000e+00 -3.159362571301541239e-06
8.000000000000000000e+00 4.000000000000000000e+00 6.565590031506736426e-07
8.000000000000000000e+00 5.000000000000000000e+00 -1.776709598658423860e-07
8.000000000000000000e+00 6.000000000000000000e+00 1.554181679456275698e-06
8.000000000000000000e+00 7.000000000000000000e+00 -2.108777734920638204e-07
8.000000000000000000e+00 8.000000000000000000e+00 5.718658044597903658e-07
8.000000000000000000e+00 9.000000000000000000e+00 4.866986956525743672e-07
8.000000000000000000e+00 1.000000000000000000e+01 3.122628996467963165e-07
8.000000000000000000e+00 1.100000000000000000e+01 5.813917835249044143e-07
8.000000000000000000e+00 1.200000000000000000e+01 2.493555559588264468e-07
8.000000000000000000e+00 1.300000000000000000e+01 2.887375462811070695e-07
8.000000000000000000e+00 1.400000000000000000e+01 3.123326244270136419e-07
8.000000000000000000e+00 1.500000000000000000e+01 -4.119601099167574463e-08
8.000000000000000000e+00 1.600000000000000000e+01 3.490150611130084509e-07
8.000000000000000000e+00 1.700000000000000000e+01 -2.344750237718621523e-07
9.000000000000000000e+00 0.000000000000000000e+00 -2.563510010376093422e-06
9.000000000000000000e+00 1.000000000000000000e+00 -3.273769082708584748e-06
9.000000000000000000e+00 2.000000000000000000e+00 -4.197682029716403936e-06
9.000000000000000000e+00 3.000000000000000000e+00 1.488600805011342708e-06
9.000000000000000000e+00 4.000000000000000000e+00 1.179555890976271304e-06
9.000000000000000000e+00 5.000000000000000000e+00 1.441967329635175912e-07
9.000000000000000000e+00 6.000000000000000000e+00 1.692247432823624746e-06
9.000000000000000000e+00 7.000000000000000000e+00 -3.173549796108230680e-07
9.000000000000000000e+00 8.000000000000000000e+00 8.440858935305704939e-07
9.000000000000000000e+00 9.000000000000000000e+00 -5.265623299335983408e-07
9.000000000000000000e+00 1.000000000000000000e+01 5.097088587644771087e-07
9.000000000000000000e+00 1.100000000000000000e+01 -4.310377906359240711e-07
9.000000000000000000e+00 1.200000000000000000e+01 4.353057615688912299e-07
9.000000000000000000e+00 1.300000000000000000e+01 -3.108200083536565868e-07
9.000000000000000000e+00 1.400000000000000000e+01 3.806749906614475811e-07
9.000000000000000000e+00 1.500000000000000000e+01 -2.500882528651604020e-07
9.000000000000000000e+00 1.600000000000000000e+01 2.161283372826332353e-07
1.000000000000000000e+01 0.000000000000000000e+00 -7.444159837586134643e-06
1.000000000000000000e+01 1.000000000000000000e+00 -6.612871455633330067e-06
1.000000000000000000e+01 2.000000000000000000e+00 2.468149675488134520e-06
1.000000000000000000e+01 3.000000000000000000e+00 3.496739826780618960e-06
1.000000000000000000e+01 4.000000000000000000e+00 1.941177952741403761e-07
1.000000000000000000e+01 5.000000000000000000e+00 1.117757940423853609e-06
1.000000000000000000e+01 6.000000000000000000e+00 -7.749171791391182172e-07
1.000000000000000000e+01 7.000000000000000000e+00 1.230158961864232363e-06
1.000000000000000000e+01 8.000000000000000000e+00 -3.445356120516198332e-07
1.000000000000000000e+01 9.000000000000000000e+00 7.577991765442656242e-07
1.000000000000000000e+01 1.000000000000000000e+01 4.539340350513592089e-08
1.000000000000000000e+01 1.100000000000000000e+01 4.584014142377967933e-07
1.000000000000000000e+01 1.200000000000000000e+01 1.827922267872046932e-07
1.000000000000000000e+01 1.300000000000000000e+01 2.165607558569566139e-07
1.000000000000000000e+01 1.400000000000000000e+01 7.791169027057161570e-08
1.000000000000000000e+01 1.500000000000000000e+01 -5.454520027185948336e-09
1.100000000000000000e+01 0.000000000000000000e+00 -9.136972246768219125e-07
1.100000000000000000e+01 1.000000000000000000e+00 -1.246344463668336595e-06
1.100000000000000000e+01 2.000000000000000000e+00 2.339066381629846600e-06
1.100000000000000000e+01 3.000000000000000000e+00 1.364949428571599002e-06
1.100000000000000000e+01 4.000000000000000000e+00 8.018299482324409788e-07
1.100000000000000000e+01 5.000000000000000000e+00 1.956972578995931295e-07
1.100000000000000000e+01 6.000000000000000000e+00 8.312717854967403492e-08
1.100000000000000000e+01 7.000000000000000000e+00 4.645684218418395499e-07
1.100000000000000000e+01 8.000000000000000000e+00 4.199889083097526962e-07
1.100000000000000000e+01 9.000000000000000000e+00 4.217053789275531677e-07
1.100000000000000000e+01 1.000000000000000000e+01 6.115692916437004502e-07
1.100000000000000000e+01 1.100000000000000000e+01 3.650412318951284942e-07
1.100000000000000000e+01 1.200000000000000000e+01 6.194984841017134782e-07
1.100000000000000000e+01 1.300000000000000000e+01 2.939961863723847415e-07
1.100000000000000000e+01 1.400000000000000000e+01 4.808397719212848872e-07
1.200000000000000000e+01 0.000000000000000000e+00 4.519764300638681055e-07
1.200000000000000000e+01 1.000000000000000000e+00 5.964283524229239051e-06
1.200000000000000000e+01 2.000000000000000000e+00 1.275462289732305093e-06
1.200000000000000000e+01 3.000000000000000000e+00 -1.627869647669838758e-06
1.200000000000000000e+01 4.000000000000000000e+00 -4.093259146180817691e-07
1.200000000000000000e+01 5.000000000000000000e+00 -9.732209869256394631e-07
1.200000000000000000e+01 6.000000000000000000e+00 -6.390003694473605632e-07
1.200000000000000000e+01 7.000000000000000000e+00 -9.063272557452521831e-07
1.200000000000000000e+01 8.000000000000000000e+00 5.843616766499933152e-08
1.200000000000000000e+01 9.000000000000000000e+00 -1.551141370900370504e-07
1.200000000000000000e+01 1.000000000000000000e+01 4.698086572191402298e-07
1.200000000000000000e+01 1.100000000000000000e+01 3.035526345984488025e-07
1.200000000000000000e+01 1.200000000000000000e+01 4.661533664753661226e-07
1.200000000000000000e+01 1.300000000000000000e+01 4.304329613104352635e-07
1.300000000000000000e+01 0.000000000000000000e+00 3.693539260749279827e-06
1.300000000000000000e+01 1.000000000000000000e+00 3.707328436045864593e-06
1.300000000000000000e+01 2.000000000000000000e+00 3.442876742683540676e-07
1.300000000000000000e+01 3.000000000000000000e+00 -4.261009632251169355e-07
1.300000000000000000e+01 4.000000000000000000e+00 3.087787947536543499e-07
1.300000000000000000e+01 5.000000000000000000e+00 1.380544844875100861e-07
1.300000000000000000e+01 6.000000000000000000e+00 6.020532618792566134e-07
1.300000000000000000e+01 7.000000000000000000e+00 -3.946011210055842133e-07
1.300000000000000000e+01 8.000000000000000000e+00 6.902747541775123636e-07
1.300000000000000000e+01 9.000000000000000000e+00 -1.154113995293102453e-07
1.300000000000000000e+01 1.000000000000000000e+01 7.136172993828884353e-07
1.300000000000000000e+01 1.100000000000000000e+01 8.124745868983236061e-08
1.300000000000000000e+01 1.200000000000000000e+01 6.852442974089095859e-07
1.400000000000000000e+01 0.000000000000000000e+00 -6.334871760006013039e-07
1.400000000000000000e+01 1.000000000000000000e+00 -2.318303745192023884e-06
1.400000000000000000e+01 2.000000000000000000e+00 2.642140535672056959e-06
1.400000000000000000e+01 3.000000000000000000e+00 6.098142389110225279e-07
1.400000000000000000e+01 4.000000000000000000e+00 4.524652728668852582e-07
1.400000000000000000e+01 5.000000000000000000e+00 -4.608329223891898178e-07
1.400000000000000000e+01 6.000000000000000000e+00 7.098052780120596033e-08
1.400000000000000000e+01 7.000000000000000000e+00 -1.524110319640234776e-07
1.400000000000000000e+01 8.000000000000000000e+00 3.482678437168505925e-07
1.400000000000000000e+01 9.000000000000000000e+00 1.957827467172852927e-07
1.400000000000000000e+01 1.000000000000000000e+01 6.496291178557699341e-07
1.400000000000000000e+01 1.100000000000000000e+01 3.550928507858438700e-07
1.500000000000000000e+01 0.000000000000000000e+00 -2.829414966712660319e-06
1.500000000000000000e+01 1.000000000000000000e+00 -1.862627125673590666e-06
1.500000000000000000e+01 2.000000000000000000e+00 1.098246105033589498e-06
1.500000000000000000e+01 3.000000000000000000e+00 1.723245338021206745e-06
1.500000000000000000e+01 4.000000000000000000e+00 5.002636817803528921e-07
1.500000000000000000e+01 5.000000000000000000e+00 2.731230809569796260e-07
1.500000000000000000e+01 6.000000000000000000e+00 -6.256132608106989878e-08
1.500000000000000000e+01 7.000000000000000000e+00 2.125949642932791301e-07
1.500000000000000000e+01 8.000000000000000000e+00 -7.290955114788760645e-08
1.500000000000000000e+01 9.000000000000000000e+00 -1.308217727926788714e-08
1.500000000000000000e+01 1.000000000000000000e+01 5.924049933026986231e-08
1.600000000000000000e+01 0.000000000000000000e+00 -3.224083453419373405e-06
1.600000000000000000e+01 1.000000000000000000e+00 4.082053197319791259e-07
1.600000000000000000e+01 2.000000000000000000e+00 1.207131438813324383e-06
1.600000000000000000e+01 3.000000000000000000e+00 -1.241096948648161055e-06
1.600000000000000000e+01 4.000000000000000000e+00 4.106236217402980209e-07
1.600000000000000000e+01 5.000000000000000000e+00 -4.463845888063012215e-07
1.600000000000000000e+01 6.000000000000000000e+00 -2.558835539706396811e-07
1.600000000000000000e+01 7.000000000000000000e+00 -2.143991648420243544e-08
1.600000000000000000e+01 8.000000000000000000e+00 -1.400981880095008330e-07
1.600000000000000000e+01 9.000000000000000000e+00 1.224646105180487848e-07
1.700000000000000000e+01 0.000000000000000000e+00 1.449568297972238544e-06
1.700000000000000000e+01 1.000000000000000000e+00 2.033336835566108516e-06
1.700000000000000000e+01 2.000000000000000000e+00 -4.994077512542707056e-07
1.700000000000000000e+01 3.000000000000000000e+00 -1.839792561017450266e-07
1.700000000000000000e+01 4.000000000000000000e+00 -4.198154133509253201e-07
1.700000000000000000e+01 5.000000000000000000e+00 5.386449406180390566e-07
1.700000000000000000e+01 6.000000000000000000e+00 -2.006501177400073575e-07
1.700000000000000000e+01 7.000000000000000000e+00 7.985146761840683490e-08
1.700000000000000000e+01 8.000000000000000000e+00 8.451455717663624775e-08
1.800000000000000000e+01 0.000000000000000000e+00 1.810258134951787225e-07
1.800000000000000000e+01 1.000000000000000000e+00 -1.414802585378432136e-07
1.800000000000000000e+01 2.000000000000000000e+00 3.290395261304665407e-07
1.800000000000000000e+01 3.000000000000000000e+00 4.625935193105318822e-07
1.800000000000000000e+01 4.000000000000000000e+00 -4.087957947967936203e-07
1.800000000000000000e+01 5.000000000000000000e+00 6.186353854584220933e-07
1.800000000000000000e+01 6.000000000000000000e+00 -5.244744714186720306e-07
1.800000000000000000e+01 7.000000000000000000e+00 4.445300529496643834e-07
1.900000000000000000e+01 0.000000000000000000e+00 -1.510821144595502748e-06
1.900000000000000000e+01 1.000000000000000000e+00 -1.817029284131934443e-07
1.900000000000000000e+01 2.000000000000000000e+00 -4.517363954621687107e-08
1.900000000000000000e+01 3.000000000000000000e+00 1.578503310902110361e-06
1.900000000000000000e+01 4.000000000000000000e+00 3.632339659106732729e-08
1.900000000000000000e+01 5.000000000000000000e+00 9.795843578138061907e-07
1.900000000000000000e+01 6.000000000000000000e+00 1.953671425473823009e-07
2.000000000000000000e+01 0.000000000000000000e+00 -2.422106759924321445e-06
2.000000000000000000e+01 1.000000000000000000e+00 -8.701718846287250489e-07
2.000000000000000000e+01 2.000000000000000000e+00 1.239787763916270636e-06
2.000000000000000000e+01 3.000000000000000000e+00 6.001665227115436646e-07
2.000000000000000000e+01 4.000000000000000000e+00 1.011013628917381446e-07
2.000000000000000000e+01 5.000000000000000000e+00 4.335237885788560792e-07
2.100000000000000000e+01 0.000000000000000000e+00 1.864153201446302763e-06
2.100000000000000000e+01 1.000000000000000000e+00 7.757250400476394944e-07
2.100000000000000000e+01 2.000000000000000000e+00 -7.849816309904854567e-07
2.100000000000000000e+01 3.000000000000000000e+00 7.222139166709464681e-07
2.100000000000000000e+01 4.000000000000000000e+00 1.405597048533923591e-07
2.200000000000000000e+01 0.000000000000000000e+00 1.169758058403975116e-06
2.200000000000000000e+01 1.000000000000000000e+00 -1.721633982638754782e-07
2.200000000000000000e+01 2.000000000000000000e+00 8.875214800631079426e-07
2.200000000000000000e+01 3.000000000000000000e+00 1.470640216067376106e-07
2.300000000000000000e+01 0.000000000000000000e+00 1.168140488398193788e-06
2.300000000000000000e+01 1.000000000000000000e+00 -7.780270610825616502e-09
2.300000000000000000e+01 2.000000000000000000e+00 -3.303843077726192277e-07
2.400000000000000000e+01 0.000000000000000000e+00 -1.469643415153403937e-06
2.400000000000000000e+01 1.000000000000000000e+00 -9.714034783055443122e-07
0.000000000000000000e+00 0.000000000000000000e+00 0.000000000000000000e+00
0.000000000000000000e+00 0.000000000000000000e+00 0.000000000000000000e+00
