0.000000000000000000e+00 0.000000000000000000e+00 2.919221395803496262e-04
0.000000000000000000e+00 1.000000000000000000e+00 -3.962842558204788168e-05
0.000000000000000000e+00 2.000000000000000000e+00 2.311913535809701493e-05
0.000000000000000000e+00 3.000000000000000000e+00 -6.225398638344154644e-06
0.000000000000000000e+00 4.000000000000000000e+00 -1.285952391155409369e-05
0.000000000000000000e+00 5.000000000000000000e+00 3.950627517807936129e-06
0.000000000000000000e+00 6.000000000000000000e+00 3.533087483331336117e-06
0.000000000000000000e+00 7.000000000000000000e+00 -1.593267686375445179e-06
0.000000000000000000e+00 8.000000000000000000e+00 -1.051352345662357355e-06
0.000000000000000000e+00 9.000000000000000000e+00 4.131595631638267912e-07
0.000000000000000000e+00 1.000000000000000000e+01 2.830340355831103846e-07
0.000000000000000000e+00 1.100000000000000000e+01 4.128218361516070950e-07
0.000000000000000000e+00 1.200000000000000000e+01 7.304965433131153537e-07
0.000000000000000000e+00 1.300000000000000000e+01 -7.347828729867128507e-09
0.000000000000000000e+00 1.400000000000000000e+01 2.713107923763436999e-07
0.000000000000000000e+00 1.500000000000000000e+01 -6.671802417372695377e-09
0.000000000000000000e+00 1.600000000000000000e+01 -1.467858844116815483e-07
0.000000000000000000e+00 1.700000000000000000e+01 -5.290142415953354151e-08
0.000000000000000000e+00 1.800000000000000000e+01 -1.993998100444945326e-07
0.000000000000000000e+00 1.900000000000000000e+01 -2.045397398820430259e-07
0.000000000000000000e+00 2.000000000000000000e+01 -2.849132261968869100e-07
0.000000000000000000e+00 2.100000000000000000e+01 -9.641288748974478022e-08
0.000000000000000000e+00 2.200000000000000000e+01 -5.974154167039041586e-08
0.000000000000000000e+00 2.300000000000000000e+01 3.117554949727463943e-08
0.000000000000000000e+00 2.400000000000000000e+01 2.158582704184531221e-07
1.000000000000000000e+00 0.000000000000000000e+00 1.427168007272987538e-05
1.000000000000000000e+00 1.000000000000000000e+00 -2.834740704458996733e-05
1.000000000000000000e+00 2.000000000000000000e+00 5.349213762474208128e-06
1.000000000000000000e+00 3.000000000000000000e+00 1.808935800768308655e-06
1.000000000000000000e+00 4.000000000000000000e+00 1.023659744298191934e-06
1.000000000000000000e+00 5.000000000000000000e+00 2.170626925635213954e-07
1.000000000000000000e+00 6.000000000000000000e+00 2.837234188937725030e-07
1.000000000000000000e+00 7.000000000000000000e+00 -5.356783937605288840e-08
1.000000000000000000e+00 8.000000000000000000e+00 4.983689800112526880e-08
1.000000000000000000e+00 9.000000000000000000e+00 -2.267075408432475238e-07
1.000000000000000000e+00 1.000000000000000000e+01 -5.511787627508880890e-07
1.000000000000000000e+00 1.100000000000000000e+01 -8.226222586832800136e-07
1.000000000000000000e+00 1.200000000000000000e+01 -3.208877576789816897e-07
1.000000000000000000e+00 1.300000000000000000e+01 -3.481782784263376081e-07
1.000000000000000000e+00 1.400000000000000000e+01 -4.430513403174777727e-07
1.000000000000000000e+00 1.500000000000000000e+01 -3.864635443667891145e-07
1.000000000000000000e+00 1.600000000000000000e+01 -3.281828207426920706e-07
1.000000000000000000e+00 1.700000000000000000e+01 -5.208038085507388117e-07
1.000000000000000000e+00 1.800000000000000000e+01 1.851962492804797166e-08
1.000000000000000000e+00 1.900000000000000000e+01 -5.023076582074620631e-07
1.000000000000000000e+00 2.000000000000000000e+01 1.379757880677343555e-07
1.000000000000000000e+00 2.100000000000000000e+01 -5.398150283268005468e-07
1.000000000000000000e+00 2.200000000000000000e+01 1.041330422009031823e-07
1.000000000000000000e+00 2.300000000000000000e+01 -5.879341488954463957e-07
1.000000000000000000e+00 2.400000000000000000e+01 1.490187586477441618e-07
2.000000000000000000e+00 0.000000000000000000e+00 -6.225792021344474757e-05
2.000000000000000000e+00 1.000000000000000000e+00 1.105754391063363724e-05
2.000000000000000000e+00 2.000000000000000000e+00 -5.242719914298100365e-06
2.000000000000000000e+00 3.000000000000000000e+00 2.226526878443874987e-06
2.000000000000000000e+00 4.000000000000000000e+00 2.893731338112468077e-06
2.000000000000000000e+00 5.000000000000000000e+00 -1.054098635252191799e-06
2.000000000000000000e+00 6.000000000000000000e+00 -1.226706803457000163e-06
2.000000000000000000e+00 7.000000000000000000e+00 5.964988114901588579e-07
2.000000000000000000e+00 8.000000000000000000e+00 4.324856898104830611e-07
2.000000000000000000e+00 9.000000000000000000e+00 4.078539800196699322e-07
2.000000000000000000e+00 1.000000000000000000e+01 5.506827633947632213e-07
2.000000000000000000e+00 1.100000000000000000e+01 2.150825702063680066e-07
2.000000000000000000e+00 1.200000000000000000e+01 6.013239665894163211e-07
2.000000000000000000e+00 1.300000000000000000e+01 4.859615987044579446e-07
2.000000000000000000e+00 1.400000000000000000e+01 9.211464355603940845e-07
2.000000000000000000e+00 1.500000000000000000e+01 2.073222714871782115e-07
2.000000000000000000e+00 1.600000000000000000e+01 8.235398902028307205e-07
2.000000000000000000e+00 1.700000000000000000e+01 -1.577555312485262092e-07
2.000000000000000000e+00 1.800000000000000000e+01 4.552970435241179690e-07
2.000000000000000000e+00 1.900000000000000000e+01 -2.387199161998533170e-07
2.000000000000000000e+00 2.000000000000000000e+01 2.657680334425407693e-07
2.000000000000000000e+00 2.100000000000000000e+01 -1.684401538422343640e-07
2.000000000000000000e+00 2.200000000000000000e+01 1.660433548650710568e-07
2.000000000000000000e+00 2.300000000000000000e+01 -8.917577701130585397e-08
3.000000000000000000e+00 0.000000000000000000e+00 -5.982164632850750265e-06
3.000000000000000000e+00 1.000000000000000000e+00 1.104264668159484179e-05
3.000000000000000000e+00 2.000000000000000000e+00 -1.705629694209485815e-06
3.000000000000000000e+00 3.000000000000000000e+00 -1.147789412774218786e-06
3.000000000000000000e+00 4.000000000000000000e+00 4.009442170594832459e-07
3.000000000000000000e+00 5.000000000000000000e+00 -5.565860315755217622e-07
3.000000000000000000e+00 6.000000000000000000e+00 2.571526597936073569e-07
3.000000000000000000e+00 7.000000000000000000e+00 -6.742727455541026367e-08
3.000000000000000000e+00 8.000000000000000000e+00 -3.564712280833823694e-07
3.000000000000000000e+00 9.000000000000000000e+00 -6.545608243376330808e-07
3.000000000000000000e+00 1.000000000000000000e+01 -1.902536407485232754e-07
3.000000000000000000e+00 1.100000000000000000e+01 -6.285205998389126227e-07
3.000000000000000000e+00 1.200000000000000000e+01 -7.025507651939729505e-07
3.000000000000000000e+00 1.300000000000000000e+01 -1.067663674767091995e-06
3.000000000000000000e+00 1.400000000000000000e+01 -3.384437670478624022e-07
3.000000000000000000e+00 1.500000000000000000e+01 -8.976876965871976963e-07
3.000000000000000000e+00 1.600000000000000000e+01 -1.100618221345887171e-07
3.000000000000000000e+00 1.700000000000000000e+01 -7.333604143053130424e-07
3.000000000000000000e+00 1.800000000000000000e+01 -3.414387868024325819e-08
3.000000000000000000e+00 1.900000000000000000e+01 -7.032822187148744007e-07
3.000000000000000000e+00 2.000000000000000000e+01 1.777955744679174006e-08
3.000000000000000000e+00 2.100000000000000000e+01 -6.252122737273799197e-07
3.000000000000000000e+00 2.200000000000000000e+01 1.056890407073343614e-08
4.000000000000000000e+00 0.000000000000000000e+00 1.579871505913939931e-05
4.000000000000000000e+00 1.000000000000000000e+00 -3.975610606023655338e-06
4.000000000000000000e+00 2.000000000000000000e+00 1.288792861875828776e-06
4.000000000000000000e+00 3.000000000000000000e+00 -5.570627774519046787e-07
4.000000000000000000e+00 4.000000000000000000e+00 -9.471980584420129810e-07
4.000000000000000000e+00 5.000000000000000000e+00 2.379928903487798090e-08
4.000000000000000000e+00 6.000000000000000000e+00 -2.318240938875971880e-07
4.000000000000000000e+00 7.000000000000000000e+00 -3.592188752795958932e-08
4.000000000000000000e+00 8.000000000000000000e+00 -3.963272029529602580e-07
4.000000000000000000e+00 9.000000000000000000e+00 6.475536478655349455e-08
4.000000000000000000e+00 1.000000000000000000e+01 5.954876421815620450e-08
4.000000000000000000e+00 1.100000000000000000e+01 3.862434952652551656e-07
4.000000000000000000e+00 1.200000000000000000e+01 3.124231164775537495e-07
4.000000000000000000e+00 1.300000000000000000e+01 1.458154021682634538e-07
4.000000000000000000e+00 1.400000000000000000e+01 3.105594246821473676e-07
4.000000000000000000e+00 1.500000000000000000e+01 6.473947801711033856e-08
4.000000000000000000e+00 1.600000000000000000e+01 1.663748001155332773e-07
4.000000000000000000e+00 1.700000000000000000e+01 5.590375751954088727e-08
4.000000000000000000e+00 1.800000000000000000e+01 2.085058408605616281e-07
4.000000000000000000e+00 1.900000000000000000e+01 -2.122728774545193633e-08
4.000000000000000000e+00 2.000000000000000000e+01 2.121822181003985608e-07
4.000000000000000000e+00 2.100000000000000000e+01 -5.233833236930559258e-08
5.000000000000000000e+00 0.000000000000000000e+00 9.790690829708316268e-07
5.000000000000000000e+00 1.000000000000000000e+00 -4.686805570082226831e-06
5.000000000000000000e+00 2.000000000000000000e+00 1.187377433788910646e-06
5.000000000000000000e+00 3.000000000000000000e+00 4.385839134295573608e-07
5.000000000000000000e+00 4.000000000000000000e+00 -4.597557594913035578e-08
5.000000000000000000e+00 5.000000000000000000e+00 4.267997691670251491e-07
5.000000000000000000e+00 6.000000000000000000e+00 -1.226370550744789743e-07
5.000000000000000000e+00 7.000000000000000000e+00 -1.938119213539525627e-07
5.000000000000000000e+00 8.000000000000000000e+00 -2.056394288952617030e-07
5.000000000000000000e+00 9.000000000000000000e+00 -2.526812595785786902e-07
5.000000000000000000e+00 1.000000000000000000e+01 -3.491492060280603533e-07
5.000000000000000000e+00 1.100000000000000000e+01 -4.584318444943120979e-07
5.000000000000000000e+00 1.200000000000000000e+01 -1.960252939961585115e-07
5.000000000000000000e+00 1.300000000000000000e+01 -3.895512863892991455e-07
5.000000000000000000e+00 1.400000000000000000e+01 -1.489224328156207242e-07
5.000000000000000000e+00 1.500000000000000000e+01 -4.978344502322269475e-07
5.000000000000000000e+00 1.600000000000000000e+01 -2.476375428381298071e-08
5.000000000000000000e+00 1.700000000000000000e+01 -6.638133675510485046e-07
5.000000000000000000e+00 1.800000000000000000e+01 8.362623192128789342e-08
5.000000000000000000e+00 1.900000000000000000e+01 -7.087544135026708663e-07
5.000000000000000000e+00 2.000000000000000000e+01 1.840152523816140561e-07
6.000000000000000000e+00 0.000000000000000000e+00 -5.018534071467723895e-06
6.000000000000000000e+00 1.000000000000000000e+00 5.175486873443057910e-07
6.000000000000000000e+00 2.000000000000000000e+00 -5.401534279361923433e-07
6.000000000000000000e+00 3.000000000000000000e+00 1.047081075044921928e-07
6.000000000000000000e+00 4.000000000000000000e+00 -4.542737377835389811e-08
6.000000000000000000e+00 5.000000000000000000e+00 -4.133537900357215128e-07
6.000000000000000000e+00 6.000000000000000000e+00 -2.697750116814138446e-07
6.000000000000000000e+00 7.000000000000000000e+00 -4.308403253558393614e-09
6.000000000000000000e+00 8.000000000000000000e+00 -4.113779609881204525e-07
6.000000000000000000e+00 9.000000000000000000e+00 -9.446390022005312385e-08
6.000000000000000000e+00 1.000000000000000000e+01 -1.836534304734654853e-07
6.000000000000000000e+00 1.100000000000000000e+01 -1.208473025342781451e-08
6.000000000000000000e+00 1.200000000000000000e+01 -1.696160923260748269e-07
6.000000000000000000e+00 1.300000000000000000e+01 3.629053834458168716e-08
6.000000000000000000e+00 1.400000000000000000e+01 7.007344106173277349e-08
6.000000000000000000e+00 1.500000000000000000e+01 -6.878884916978546754e-08
6.000000000000000000e+00 1.600000000000000000e+01 -1.386478937388071612e-08
6.000000000000000000e+00 1.700000000000000000e+01 1.494712612866584513e-08
6.000000000000000000e+00 1.800000000000000000e+01 2.739546237742370656e-08
6.000000000000000000e+00 1.900000000000000000e+01 5.996910306108316120e-08
7.000000000000000000e+00 0.000000000000000000e+00 -1.596365530151109809e-06
7.000000000000000000e+00 1.000000000000000000e+00 1.930592247798656490e-06
7.000000000000000000e+00 2.000000000000000000e+00 -3.808839819059975528e-07
7.000000000000000000e+00 3.000000000000000000e+00 4.003109096273540966e-08
7.000000000000000000e+00 4.000000000000000000e+00 -1.222706585045309137e-07
7.000000000000000000e+00 5.000000000000000000e+00 1.663131933008245457e-07
7.000000000000000000e+00 6.000000000000000000e+00 -2.327399689368253959e-07
7.000000000000000000e+00 7.000000000000000000e+00 3.171220719267589889e-07
7.000000000000000000e+00 8.000000000000000000e+00 -2.786785921123227950e-07
7.000000000000000000e+00 9.000000000000000000e+00 -1.978645146959920066e-07
7.000000000000000000e+00 1.000000000000000000e+01 -2.950949410566842993e-07
7.000000000000000000e+00 1.100000000000000000e+01 -2.658583434621868604e-07
7.000000000000000000e+00 1.200000000000000000e+01 -1.458760906646065194e-07
7.000000000000000000e+00 1.300000000000000000e+01 -1.524418753130291313e-07
7.000000000000000000e+00 1.400000000000000000e+01 3.488556066346229689e-08
7.000000000000000000e+00 1.500000000000000000e+01 -9.790764639828794665e-08
7.000000000000000000e+00 1.600000000000000000e+01 4.235272452788356560e-08
7.000000000000000000e+00 1.700000000000000000e+01 -3.354392931802226387e-07
7.000000000000000000e+00 1.800000000000000000e+01 1.204705558532780097e-07
8.000000000000000000e+00 0.000000000000000000e+00 1.068981508157424142e-06
8.000000000000000000e+00 1.000000000000000000e+00 -1.245492843630417354e-06
8.000000000000000000e+00 2.000000000000000000e+00 -4.066010520847655839e-08
8.000000000000000000e+00 3.000000000000000000e+00 1.124415163061781110e-07
8.000000000000000000e+00 4.000000000000000000e+00 -2.027622028815663127e-08
8.000000000000000000e+00 5.000000000000000000e+00 -1.577239603243521598e-07
8.000000000000000000e+00 6.000000000000000000e+00 -1.677450261221005795e-07
8.000000000000000000e+00 7.000000000000000000e+00 7.008443953299967595e-08
8.000000000000000000e+00 8.000000000000000000e+00 1.537355362677776396e-07
8.000000000000000000e+00 9.000000000000000000e+00 -9.877047182881725716e-08
8.000000000000000000e+00 1.000000000000000000e+01 -1.402664611951870677e-07
8.000000000000000000e+00 1.100000000000000000e+01 -1.485530644638486231e-07
8.000000000000000000e+00 1.200000000000000000e+01 -2.016507152607909181e-07
8.000000000000000000e+00 1.300000000000000000e+01 -1.418187321257163801e-07
8.000000000000000000e+00 1.400000000000000000e+01 1.238766332205168555e-08
8.000000000000000000e+00 1.500000000000000000e+01 -1.416510729300888411e-07
8.000000000000000000e+00 1.600000000000000000e+01 7.435555045555649051e-08
8.000000000000000000e+00 1.700000000000000000e+01 -5.265986333381184876e-08
9.000000000000000000e+00 0.000000000000000000e+00 -3.362961953065599925e-07
9.000000000000000000e+00 1.000000000000000000e+00 -9.415351877990921100e-07
9.000000000000000000e+00 2.000000000000000000e+00 -1.315718330651629178e-07
9.000000000000000000e+00 3.000000000000000000e+00 3.541993663485744511e-07
9.000000000000000000e+00 4.000000000000000000e+00 -2.662900201102880877e-07
9.000000000000000000e+00 5.000000000000000000e+00 2.388500607782053832e-07
9.000000000000000000e+00 6.000000000000000000e+00 -5.111021747997546540e-07
9.000000000000000000e+00 7.000000000000000000e+00 4.405719657910303066e-08
9.000000000000000000e+00 8.000000000000000000e+00 -2.573839886808070260e-07
9.000000000000000000e+00 9.000000000000000000e+00 1.075106843047311746e-07
9.000000000000000000e+00 1.000000000000000000e+01 -4.024694487990741398e-07
9.000000000000000000e+00 1.100000000000000000e+01 -2.923003315959161862e-07
9.000000000000000000e+00 1.200000000000000000e+01 -2.120179810693591575e-07
9.000000000000000000e+00 1.300000000000000000e+01 -1.187238277540087774e-07
9.000000000000000000e+00 1.400000000000000000e+01 -1.015137642237399769e-07
9.000000000000000000e+00 1.500000000000000000e+01 -2.390670677578966369e-08
9.000000000000000000e+00 1.600000000000000000e+01 -5.723168378531700912e-08
1.000000000000000000e+01 0.000000000000000000e+00 -7.886758143748372795e-07
1.000000000000000000e+01 1.000000000000000000e+00 -3.364771999028172235e-07
1.000000000000000000e+01 2.000000000000000000e+00 -1.429590841992898491e-07
1.000000000000000000e+01 3.000000000000000000e+00 2.504534734810210322e-07
1.000000000000000000e+01 4.000000000000000000e+00 2.795783147207531376e-07
1.000000000000000000e+01 5.000000000000000000e+00 5.587113007409951382e-08
1.000000000000000000e+01 6.000000000000000000e+00 -2.647496090427429992e-08
1.000000000000000000e+01 7.000000000000000000e+00 8.371920297049420811e-08
1.000000000000000000e+01 8.000000000000000000e+00 1.755476762605101915e-07
1.000000000000000000e+01 9.000000000000000000e+00 3.113284920545040207e-08
1.000000000000000000e+01 1.000000000000000000e+01 1.504690706806539031e-07
1.000000000000000000e+01 1.100000000000000000e+01 -1.959055836024164265e-07
1.000000000000000000e+01 1.200000000000000000e+01 -2.057843764579890460e-07
1.000000000000000000e+01 1.300000000000000000e+01 -1.469860485529159025e-07
1.000000000000000000e+01 1.400000000000000000e+01 2.386301239891252284e-08
1.000000000000000000e+01 1.500000000000000000e+01 -1.707228307866897426e-07
1.100000000000000000e+01 0.000000000000000000e+00 -3.326594057505430050e-07
1.100000000000000000e+01 1.000000000000000000e+00 -5.188581022877193036e-08
1.100000000000000000e+01 2.000000000000000000e+00 -3.884384234458931780e-07
1.100000000000000000e+01 3.000000000000000000e+00 4.733546938188027194e-08
1.100000000000000000e+01 4.000000000000000000e+00 -2.221191523992678534e-07
1.100000000000000000e+01 5.000000000000000000e+00 1.275080452535436001e-07
1.100000000000000000e+01 6.000000000000000000e+00 -4.172887626877269698e-07
1.100000000000000000e+01 7.000000000000000000e+00 -8.593929432526151917e-08
1.100000000000000000e+01 8.000000000000000000e+00 -2.448659999543804371e-07
1.100000000000000000e+01 9.000000000000000000e+00 -9.007732002544811489e-08
1.100000000000000000e+01 1.000000000000000000e+01 -2.152465864915209923e-07
1.100000000000000000e+01 1.100000000000000000e+01 -1.845243698420492770e-07
1.100000000000000000e+01 1.200000000000000000e+01 -2.661268647229603761e-07
1.100000000000000000e+01 1.300000000000000000e+01 -3.154934371176556840e-07
1.100000000000000000e+01 1.400000000000000000e+01 -4.952314884000814602e-08
1.200000000000000000e+01 0.000000000000000000e+00 -3.863368314972332178e-07
1.200000000000000000e+01 1.000000000000000000e+00 -2.487956615758427373e-07
1.200000000000000000e+01 2.000000000000000000e+00 -3.098642399407311706e-07
1.200000000000000000e+01 3.000000000000000000e+00 2.164614482471064097e-07
1.200000000000000000e+01 4.000000000000000000e+00 1.879587155987113894e-07
1.200000000000000000e+01 5.000000000000000000e+00 2.005681996134845301e-07
1.200000000000000000e+01 6.000000000000000000e+00 5.228294351175181376e-08
1.200000000000000000e+01 7.000000000000000000e+00 3.488298854746384198e-08
1.200000000000000000e+01 8.000000000000000000e+00 1.452349214654858654e-07
1.200000000000000000e+01 9.000000000000000000e+00 -1.682433059674920515e-08
1.200000000000000000e+01 1.000000000000000000e+01 7.312599981717094511e-08
1.200000000000000000e+01 1.100000000000000000e+01 -9.268193620863776923e-08
1.200000000000000000e+01 1.200000000000000000e+01 1.244846309676437136e-09
1.200000000000000000e+01 1.300000000000000000e+01 -2.538121009012171837e-07
1.300000000000000000e+01 0.000000000000000000e+00 -3.386263304595801159e-08
1.300000000000000000e+01 1.000000000000000000e+00 -3.743401857755549983e-07
1.300000000000000000e+01 2.000000000000000000e+00 -2.089530147085608245e-07
1.300000000000000000e+01 3.000000000000000000e+00 -9.592666783841959398e-08
1.300000000000000000e+01 4.000000000000000000e+00 -1.615210491077410821e-07
1.300000000000000000e+01 5.000000000000000000e+00 -2.758465064356693414e-08
1.300000000000000000e+01 6.000000000000000000e+00 -1.679934282214460223e-07
1.300000000000000000e+01 7.000000000000000000e+00 -6.306902030755697517e-08
1.300000000000000000e+01 8.000000000000000000e+00 -1.125314611527273014e-07
1.300000000000000000e+01 9.000000000000000000e+00 -1.716549335239114302e-07
1.300000000000000000e+01 1.000000000000000000e+01 -9.887186749194442151e-08
1.300000000000000000e+01 1.100000000000000000e+01 -2.515863117932545114e-07
1.300000000000000000e+01 1.200000000000000000e+01 -4.259650882784027540e-08
1.400000000000000000e+01 0.000000000000000000e+00 -6.113284446510008590e-07
1.400000000000000000e+01 1.000000000000000000e+00 1.809074864746760412e-09
1.400000000000000000e+01 2.000000000000000000e+00 -2.960589441638497883e-07
1.400000000000000000e+01 3.000000000000000000e+00 1.470835047480580435e-07
1.400000000000000000e+01 4.000000000000000000e+00 1.002454755313278044e-07
1.400000000000000000e+01 5.000000000000000000e+00 1.598458512848301839e-07
1.400000000000000000e+01 6.000000000000000000e+00 7.025014262469966556e-09
1.400000000000000000e+01 7.000000000000000000e+00 2.337348479407360091e-08
1.400000000000000000e+01 8.000000000000000000e+00 2.143545101419339612e-07
1.400000000000000000e+01 9.000000000000000000e+00 -1.123036223377270738e-07
1.400000000000000000e+01 1.000000000000000000e+01 2.655740855474131114e-08
1.400000000000000000e+01 1.100000000000000000e+01 -1.198903943368661910e-07
1.500000000000000000e+01 0.000000000000000000e+00 -6.255394923987264251e-08
1.500000000000000000e+01 1.000000000000000000e+00 -6.504679633488106788e-08
1.500000000000000000e+01 2.000000000000000000e+00 -1.309296701568016167e-07
1.500000000000000000e+01 3.000000000000000000e+00 -2.315790616635760878e-07
1.500000000000000000e+01 4.000000000000000000e+00 -1.261036812564614955e-07
1.500000000000000000e+01 5.000000000000000000e+00 -1.150095689678082287e-07
1.500000000000000000e+01 6.000000000000000000e+00 4.024387777649012112e-08
1.500000000000000000e+01 7.000000000000000000e+00 -7.557099802318081839e-08
1.500000000000000000e+01 8.000000000000000000e+00 3.085597863364137425e-08
1.500000000000000000e+01 9.000000000000000000e+00 -1.076262948523261701e-07
1.500000000000000000e+01 1.000000000000000000e+01 -5.649433948847791359e-08
1.600000000000000000e+01 0.000000000000000000e+00 -4.135724410407329450e-07
1.600000000000000000e+01 1.000000000000000000e+00 9.509754798617064904e-08
1.600000000000000000e+01 2.000000000000000000e+00 -1.655143319431519352e-07
1.600000000000000000e+01 3.000000000000000000e+00 1.067506957156485612e-07
1.600000000000000000e+01 4.000000000000000000e+00 7.847798587138995690e-08
1.600000000000000000e+01 5.000000000000000000e+00 5.655314041914083562e-08
1.600000000000000000e+01 6.000000000000000000e+00 -1.626147693345887408e-08
1.600000000000000000e+01 7.000000000000000000e+00 2.512372542220130496e-08
1.600000000000000000e+01 8.000000000000000000e+00 2.763121843486943463e-07
1.600000000000000000e+01 9.000000000000000000e+00 -1.306079605212396320e-07
1.700000000000000000e+01 0.000000000000000000e+00 -1.773337326170122886e-08
1.700000000000000000e+01 1.000000000000000000e+00 -2.523427036867914327e-08
1.700000000000000000e+01 2.000000000000000000e+00 -4.525811703190178361e-08
1.700000000000000000e+01 3.000000000000000000e+00 -2.956924095833264707e-07
1.700000000000000000e+01 4.000000000000000000e+00 -1.010144695177949343e-07
1.700000000000000000e+01 5.000000000000000000e+00 -1.401013180560354717e-07
1.700000000000000000e+01 6.000000000000000000e+00 1.350452152807225890e-07
1.700000000000000000e+01 7.000000000000000000e+00 -1.683622401383736112e-07
1.700000000000000000e+01 8.000000000000000000e+00 1.341666873570399671e-07
1.800000000000000000e+01 0.000000000000000000e+00 -3.183569670813079194e-07
1.800000000000000000e+01 1.000000000000000000e+00 1.866252429375275614e-07
1.800000000000000000e+01 2.000000000000000000e+00 -1.137851143402129863e-08
1.800000000000000000e+01 3.000000000000000000e+00 1.095223009748627484e-07
1.800000000000000000e+01 4.000000000000000000e+00 6.575436263862649653e-08
1.800000000000000000e+01 5.000000000000000000e+00 -4.250314442476749470e-08
1.800000000000000000e+01 6.000000000000000000e+00 2.718897934907806619e-08
1.800000000000000000e+01 7.000000000000000000e+00 5.082498821079736030e-08
1.900000000000000000e+01 0.000000000000000000e+00 7.234588158529518386e-08
1.900000000000000000e+01 1.000000000000000000e+00 -1.751153289174322531e-08
1.900000000000000000e+01 2.000000000000000000e+00 4.655180211885787699e-09
1.900000000000000000e+01 3.000000000000000000e+00 -3.097386106946118630e-07
1.900000000000000000e+01 4.000000000000000000e+00 -6.895035626394654363e-08
1.900000000000000000e+01 5.000000000000000000e+00 -1.286553085285065666e-07
1.900000000000000000e+01 6.000000000000000000e+00 1.505219185405655973e-07
2.000000000000000000e+01 0.000000000000000000e+00 -2.978304149315952444e-07
2.000000000000000000e+01 1.000000000000000000e+00 2.449170860598786810e-07
2.000000000000000000e+01 2.000000000000000000e+00 3.893450958027432327e-08
2.000000000000000000e+01 3.000000000000000000e+00 1.203295417659401789e-07
2.000000000000000000e+01 4.000000000000000000e+00 3.761270333357642616e-08
2.000000000000000000e+01 5.000000000000000000e+00 -9.572858010660721757e-08
2.100000000000000000e+01 0.000000000000000000e+00 1.994025591928295028e-07
2.100000000000000000e+01 1.000000000000000000e+00 -8.598540954053661641e-08
2.100000000000000000e+01 2.000000000000000000e+00 9.859287208320669045e-09
2.100000000000000000e+01 3.000000000000000000e+00 -2.657596547207944202e-07
2.100000000000000000e+01 4.000000000000000000e+00 -3.497076736835857264e-08
2.200000000000000000e+01 0.000000000000000000e+00 -3.341221921779087760e-07
2.200000000000000000e+01 1.000000000000000000e+00 2.560648711696370541e-07
2.200000000000000000e+01 2.000000000000000000e+00 9.746971391530689955e-09
2.200000000000000000e+01 3.000000000000000000e+00 1.023393650689399732e-07
2.300000000000000000e+01 0.000000000000000000e+00 2.637830172590616214e-07
2.300000000000000000e+01 1.000000000000000000e+00 -1.676612238959623314e-07
2.300000000000000000e+01 2.000000000000000000e+00 -3.207480983668085105e-08
2.400000000000000000e+01 0.000000000000000000e+00 -3.440908005476217257e-07
2.400000000000000000e+01 1.000000000000000000e+00 2.130047278911386505e-07
0.000000000000000000e+00 0.000000000000000000e+00 0.000000000000000000e+00
0.000000000000000000e+00 0.000000000000000000e+00 0.000000000000000000e+00
