0.000000000000000000e+00 0.000000000000000000e+00 1.617713999517850915e-02
0.000000000000000000e+00 1.000000000000000000e+00 -3.271980512481148084e-03
0.000000000000000000e+00 2.000000000000000000e+00 2.519379134614321142e-02
0.000000000000000000e+00 3.000000000000000000e+00 4.517952041942462950e-03
0.000000000000000000e+00 4.000000000000000000e+00 2.212750352372865395e-02
0.000000000000000000e+00 5.000000000000000000e+00 7.368835823053514894e-03
0.000000000000000000e+00 6.000000000000000000e+00 1.074372492073726731e-02
0.000000000000000000e+00 7.000000000000000000e+00 3.627751502467821930e-03
0.000000000000000000e+00 8.000000000000000000e+00 3.114473871232356097e-04
0.000000000000000000e+00 9.000000000000000000e+00 1.213551588056337562e-03
0.000000000000000000e+00 1.000000000000000000e+01 -1.785378743429675901e-03
0.000000000000000000e+00 1.100000000000000000e+01 -1.657895762469724235e-03
0.000000000000000000e+00 1.200000000000000000e+01 -6.703324773736044507e-04
0.000000000000000000e+00 1.300000000000000000e+01 -3.157905915894402334e-04
0.000000000000000000e+00 1.400000000000000000e+01 -1.499376490873745857e-04
0.000000000000000000e+00 1.500000000000000000e+01 4.791483285257518913e-04
0.000000000000000000e+00 1.600000000000000000e+01 4.248683095094991512e-04
0.000000000000000000e+00 1.700000000000000000e+01 1.726085890155243751e-05
0.000000000000000000e+00 1.800000000000000000e+01 -2.844018213740339362e-04
0.000000000000000000e+00 1.900000000000000000e+01 -1.666955930449557158e-04
0.000000000000000000e+00 2.000000000000000000e+01 -1.732483330448664031e-04
0.000000000000000000e+00 2.100000000000000000e+01 4.970236425849560314e-04
0.000000000000000000e+00 2.200000000000000000e+01 6.832926319558385196e-04
0.000000000000000000e+00 2.300000000000000000e+01 1.104479246506983290e-04
0.000000000000000000e+00 2.400000000000000000e+01 -6.656113441788896875e-04
1.000000000000000000e+00 0.000000000000000000e+00 8.672548547055807531e-04
1.000000000000000000e+00 1.000000000000000000e+00 3.921331709072436306e-03
1.000000000000000000e+00 2.000000000000000000e+00 3.804152874810382001e-03
1.000000000000000000e+00 3.000000000000000000e+00 6.593255386753970118e-03
1.000000000000000000e+00 4.000000000000000000e+00 5.812367996858434915e-03
1.000000000000000000e+00 5.000000000000000000e+00 7.651396424394074983e-03
1.000000000000000000e+00 6.000000000000000000e+00 3.897672290556679006e-03
1.000000000000000000e+00 7.000000000000000000e+00 4.860079880436520353e-03
1.000000000000000000e+00 8.000000000000000000e+00 2.189380585304745528e-03
1.000000000000000000e+00 9.000000000000000000e+00 1.589943424563607368e-05
1.000000000000000000e+00 1.000000000000000000e+01 1.131395048871826960e-04
1.000000000000000000e+00 1.100000000000000000e+01 -1.509340788140725283e-03
1.000000000000000000e+00 1.200000000000000000e+01 -1.132826655336488606e-03
1.000000000000000000e+00 1.300000000000000000e+01 -6.035110591105117758e-04
1.000000000000000000e+00 1.400000000000000000e+01 -1.560995692049893600e-04
1.000000000000000000e+00 1.500000000000000000e+01 1.679479531834446868e-04
1.000000000000000000e+00 1.600000000000000000e+01 8.237315096261720916e-05
1.000000000000000000e+00 1.700000000000000000e+01 1.831724451826218598e-04
1.000000000000000000e+00 1.800000000000000000e+01 -1.191371934161488007e-04
1.000000000000000000e+00 1.900000000000000000e+01 -6.423018971229074985e-04
1.000000000000000000e+00 2.000000000000000000e+01 -2.584798920924076928e-04
1.000000000000000000e+00 2.100000000000000000e+01 3.901314088961965200e-04
1.000000000000000000e+00 2.200000000000000000e+01 1.805938658625566725e-04
1.000000000000000000e+00 2.300000000000000000e+01 8.265488434945267499e-05
1.000000000000000000e+00 2.400000000000000000e+01 -2.312781946142457702e-04
2.000000000000000000e+00 0.000000000000000000e+00 8.108282131325970574e-03
2.000000000000000000e+00 1.000000000000000000e+00 -6.130059309469016154e-04
2.000000000000000000e+00 2.000000000000000000e+00 1.127140749059297488e-02
2.000000000000000000e+00 3.000000000000000000e+00 9.840524711334820707e-04
2.000000000000000000e+00 4.000000000000000000e+00 9.535654271946216592e-03
2.000000000000000000e+00 5.000000000000000000e+00 4.516898003615731072e-03
2.000000000000000000e+00 6.000000000000000000e+00 4.932581300968417841e-03
2.000000000000000000e+00 7.000000000000000000e+00 4.215714572305561195e-03
2.000000000000000000e+00 8.000000000000000000e+00 9.923168253740510380e-04
2.000000000000000000e+00 9.000000000000000000e+00 4.081728160760760677e-04
2.000000000000000000e+00 1.000000000000000000e+01 -1.085369578845115377e-03
2.000000000000000000e+00 1.100000000000000000e+01 -1.337153663553441139e-03
2.000000000000000000e+00 1.200000000000000000e+01 -9.369259115174924726e-04
2.000000000000000000e+00 1.300000000000000000e+01 1.225376695824722411e-04
2.000000000000000000e+00 1.400000000000000000e+01 4.207361667418064565e-04
2.000000000000000000e+00 1.500000000000000000e+01 4.830203626526200856e-04
2.000000000000000000e+00 1.600000000000000000e+01 9.719764690122453474e-05
2.000000000000000000e+00 1.700000000000000000e+01 -1.223202590676879644e-04
2.000000000000000000e+00 1.800000000000000000e+01 -1.106757683261289359e-04
2.000000000000000000e+00 1.900000000000000000e+01 -1.424881123012848843e-04
2.000000000000000000e+00 2.000000000000000000e+01 -2.470176239082821920e-05
2.000000000000000000e+00 2.100000000000000000e+01 2.499864362402361021e-04
2.000000000000000000e+00 2.200000000000000000e+01 3.262872218059234292e-04
2.000000000000000000e+00 2.300000000000000000e+01 4.032229487268529475e-05
3.000000000000000000e+00 0.000000000000000000e+00 1.291202828072204748e-03
3.000000000000000000e+00 1.000000000000000000e+00 6.145387636532190223e-03
3.000000000000000000e+00 2.000000000000000000e+00 4.935115114521742251e-03
3.000000000000000000e+00 3.000000000000000000e+00 6.982157772347443933e-03
3.000000000000000000e+00 4.000000000000000000e+00 4.312731522230515979e-03
3.000000000000000000e+00 5.000000000000000000e+00 5.634080801638885992e-03
3.000000000000000000e+00 6.000000000000000000e+00 3.717801960080955887e-03
3.000000000000000000e+00 7.000000000000000000e+00 3.615926499146145633e-03
3.000000000000000000e+00 8.000000000000000000e+00 2.232189712326364869e-03
3.000000000000000000e+00 9.000000000000000000e+00 -2.427229334828205946e-04
3.000000000000000000e+00 1.000000000000000000e+01 -6.568667883962227456e-04
3.000000000000000000e+00 1.100000000000000000e+01 -1.330127717113703447e-03
3.000000000000000000e+00 1.200000000000000000e+01 -9.085012510706771960e-04
3.000000000000000000e+00 1.300000000000000000e+01 -1.558850056282038449e-05
3.000000000000000000e+00 1.400000000000000000e+01 -6.085401700986439777e-07
3.000000000000000000e+00 1.500000000000000000e+01 2.132234816643676127e-04
3.000000000000000000e+00 1.600000000000000000e+01 8.694681019129871138e-05
3.000000000000000000e+00 1.700000000000000000e+01 3.175798757300918394e-05
3.000000000000000000e+00 1.800000000000000000e+01 -3.180330330650031102e-04
3.000000000000000000e+00 1.900000000000000000e+01 -5.858182625284458623e-05
3.000000000000000000e+00 2.000000000000000000e+01 -8.952004267026281408e-05
3.000000000000000000e+00 2.100000000000000000e+01 4.915906177531895188e-05
3.000000000000000000e+00 2.200000000000000000e+01 1.415887296361563984e-04
4.000000000000000000e+00 0.000000000000000000e+00 4.429896591167921047e-03
4.000000000000000000e+00 1.000000000000000000e+00 2.497270910409533570e-03
4.000000000000000000e+00 2.000000000000000000e+00 8.111262032527578880e-03
4.000000000000000000e+00 3.000000000000000000e+00 2.737053944424098963e-03
4.000000000000000000e+00 4.000000000000000000e+00 5.646381529008238920e-03
4.000000000000000000e+00 5.000000000000000000e+00 2.718025865543950963e-03
4.000000000000000000e+00 6.000000000000000000e+00 2.951963572853319191e-03
4.000000000000000000e+00 7.000000000000000000e+00 3.372757330589755756e-03
4.000000000000000000e+00 8.000000000000000000e+00 7.166775234570641352e-04
4.000000000000000000e+00 9.000000000000000000e+00 -6.862589008213512709e-05
4.000000000000000000e+00 1.000000000000000000e+01 -9.124443438929825522e-04
4.000000000000000000e+00 1.100000000000000000e+01 -1.035298871534316321e-03
4.000000000000000000e+00 1.200000000000000000e+01 -5.219535343163392424e-04
4.000000000000000000e+00 1.300000000000000000e+01 -1.904318839441629494e-04
4.000000000000000000e+00 1.400000000000000000e+01 4.896659640359263049e-04
4.000000000000000000e+00 1.500000000000000000e+01 2.677902455189133690e-04
4.000000000000000000e+00 1.600000000000000000e+01 8.657935866278082971e-05
4.000000000000000000e+00 1.700000000000000000e+01 1.810111819885042484e-05
4.000000000000000000e+00 1.800000000000000000e+01 -3.257181231482060297e-05
4.000000000000000000e+00 1.900000000000000000e+01 -1.766414687455579379e-05
4.000000000000000000e+00 2.000000000000000000e+01 2.128648451081962872e-04
4.000000000000000000e+00 2.100000000000000000e+01 3.592330554531204833e-04
5.000000000000000000e+00 0.000000000000000000e+00 2.038867274179481399e-03
5.000000000000000000e+00 1.000000000000000000e+00 6.204402935585326580e-03
5.000000000000000000e+00 2.000000000000000000e+00 5.391788223725840594e-03
5.000000000000000000e+00 3.000000000000000000e+00 4.653399544786651458e-03
5.000000000000000000e+00 4.000000000000000000e+00 4.281847378334960666e-03
5.000000000000000000e+00 5.000000000000000000e+00 2.821256309283597715e-03
5.000000000000000000e+00 6.000000000000000000e+00 3.332680069943686884e-03
5.000000000000000000e+00 7.000000000000000000e+00 2.244368998485058147e-03
5.000000000000000000e+00 8.000000000000000000e+00 1.384243867390819605e-03
5.000000000000000000e+00 9.000000000000000000e+00 1.602176879074576285e-04
5.000000000000000000e+00 1.000000000000000000e+01 -8.758486247024861726e-04
5.000000000000000000e+00 1.100000000000000000e+01 -1.011014952855843673e-03
5.000000000000000000e+00 1.200000000000000000e+01 -3.848003789779878012e-04
5.000000000000000000e+00 1.300000000000000000e+01 -3.339194131069225433e-05
5.000000000000000000e+00 1.400000000000000000e+01 2.288867882808234865e-04
5.000000000000000000e+00 1.500000000000000000e+01 -1.358759881892835850e-04
5.000000000000000000e+00 1.600000000000000000e+01 -1.636610244767367492e-05
5.000000000000000000e+00 1.700000000000000000e+01 -4.779565254397620289e-05
5.000000000000000000e+00 1.800000000000000000e+01 -1.987345194377478043e-04
5.000000000000000000e+00 1.900000000000000000e+01 1.164676327128082205e-04
5.000000000000000000e+00 2.000000000000000000e+01 1.066495801021449515e-04
6.000000000000000000e+00 0.000000000000000000e+00 3.915483525626801617e-03
6.000000000000000000e+00 1.000000000000000000e+00 3.944050941280984740e-03
6.000000000000000000e+00 2.000000000000000000e+00 6.126896340236162759e-03
6.000000000000000000e+00 3.000000000000000000e+00 4.061492660627804945e-03
6.000000000000000000e+00 4.000000000000000000e+00 3.398835957211205055e-03
6.000000000000000000e+00 5.000000000000000000e+00 2.757302295091721561e-03
6.000000000000000000e+00 6.000000000000000000e+00 1.630633979902387353e-03
6.000000000000000000e+00 7.000000000000000000e+00 1.916896941269542092e-03
6.000000000000000000e+00 8.000000000000000000e+00 4.154633465361735390e-04
6.000000000000000000e+00 9.000000000000000000e+00 -2.220815704286937858e-04
6.000000000000000000e+00 1.000000000000000000e+01 -7.351797015874695198e-04
6.000000000000000000e+00 1.100000000000000000e+01 -9.725066416056005062e-04
6.000000000000000000e+00 1.200000000000000000e+01 -8.017592403896633404e-04
6.000000000000000000e+00 1.300000000000000000e+01 1.397600266789345643e-04
6.000000000000000000e+00 1.400000000000000000e+01 2.971751992808943036e-04
6.000000000000000000e+00 1.500000000000000000e+01 1.947102831110757181e-04
6.000000000000000000e+00 1.600000000000000000e+01 2.882001039721183619e-04
6.000000000000000000e+00 1.700000000000000000e+01 -1.813584706042423774e-04
6.000000000000000000e+00 1.800000000000000000e+01 -1.408805588526607555e-04
6.000000000000000000e+00 1.900000000000000000e+01 -7.505779772653007947e-05
7.000000000000000000e+00 0.000000000000000000e+00 2.205964180358975079e-03
7.000000000000000000e+00 1.000000000000000000e+00 5.524451260869963319e-03
7.000000000000000000e+00 2.000000000000000000e+00 4.204297508766085753e-03
7.000000000000000000e+00 3.000000000000000000e+00 4.006138324503112982e-03
7.000000000000000000e+00 4.000000000000000000e+00 3.248363065782614804e-03
7.000000000000000000e+00 5.000000000000000000e+00 2.136311643570228472e-03
7.000000000000000000e+00 6.000000000000000000e+00 2.156653739499963997e-03
7.000000000000000000e+00 7.000000000000000000e+00 1.353245465192841812e-03
7.000000000000000000e+00 8.000000000000000000e+00 3.603013143394538718e-04
7.000000000000000000e+00 9.000000000000000000e+00 2.371012158287889014e-04
7.000000000000000000e+00 1.000000000000000000e+01 -4.345313964815335759e-04
7.000000000000000000e+00 1.100000000000000000e+01 -9.308408529547300110e-04
7.000000000000000000e+00 1.200000000000000000e+01 -4.049516800661525544e-04
7.000000000000000000e+00 1.300000000000000000e+01 -2.868391302033573690e-05
7.000000000000000000e+00 1.400000000000000000e+01 3.445066843851413163e-05
7.000000000000000000e+00 1.500000000000000000e+01 1.115134051388782708e-04
7.000000000000000000e+00 1.600000000000000000e+01 -3.629229445010954909e-05
7.000000000000000000e+00 1.700000000000000000e+01 -2.649744329444498367e-04
7.000000000000000000e+00 1.800000000000000000e+01 -4.242382765968340458e-04
8.000000000000000000e+00 0.000000000000000000e+00 2.808083717816558644e-03
8.000000000000000000e+00 1.000000000000000000e+00 3.598591070362042524e-03
8.000000000000000000e+00 2.000000000000000000e+00 4.982648880335972634e-03
8.000000000000000000e+00 3.000000000000000000e+00 4.240046347773837425e-03
8.000000000000000000e+00 4.000000000000000000e+00 3.247772138277359947e-03
8.000000000000000000e+00 5.000000000000000000e+00 2.701440783193665134e-03
8.000000000000000000e+00 6.000000000000000000e+00 1.450823458995562218e-03
8.000000000000000000e+00 7.000000000000000000e+00 4.986911424235813918e-04
8.000000000000000000e+00 8.000000000000000000e+00 -1.495987051098520706e-04
8.000000000000000000e+00 9.000000000000000000e+00 -7.548726303498213500e-04
8.000000000000000000e+00 1.000000000000000000e+01 -9.198846316041386093e-04
8.000000000000000000e+00 1.100000000000000000e+01 -8.912455601603598381e-05
8.000000000000000000e+00 1.200000000000000000e+01 -3.466866581258863287e-04
8.000000000000000000e+00 1.300000000000000000e+01 -3.309698099472005038e-05
8.000000000000000000e+00 1.400000000000000000e+01 2.998108876799111485e-04
8.000000000000000000e+00 1.500000000000000000e+01 9.904545154479983985e-05
8.000000000000000000e+00 1.600000000000000000e+01 1.019231735151519195e-04
8.000000000000000000e+00 1.700000000000000000e+01 -1.235341668898190081e-04
9.000000000000000000e+00 0.000000000000000000e+00 1.906236879741432869e-03
9.000000000000000000e+00 1.000000000000000000e+00 4.045004585298223564e-03
9.000000000000000000e+00 2.000000000000000000e+00 3.881522681419988675e-03
9.000000000000000000e+00 3.000000000000000000e+00 4.311520218780963941e-03
9.000000000000000000e+00 4.000000000000000000e+00 3.363783141055713515e-03
9.000000000000000000e+00 5.000000000000000000e+00 2.515920823577061632e-03
9.000000000000000000e+00 6.000000000000000000e+00 1.552734107339011436e-03
9.000000000000000000e+00 7.000000000000000000e+00 3.538276309411606175e-04
9.000000000000000000e+00 8.000000000000000000e+00 -2.392516902615551117e-04
9.000000000000000000e+00 9.000000000000000000e+00 -4.866948573176665374e-04
9.000000000000000000e+00 1.000000000000000000e+01 -2.190457201389853779e-04
9.000000000000000000e+00 1.100000000000000000e+01 -4.079902264591776925e-04
9.000000000000000000e+00 1.200000000000000000e+01 -4.787763966712017837e-05
9.000000000000000000e+00 1.300000000000000000e+01 1.128906974957125255e-04
9.000000000000000000e+00 1.400000000000000000e+01 -1.298571906112288275e-04
9.000000000000000000e+00 1.500000000000000000e+01 -1.627865108758282640e-04
9.000000000000000000e+00 1.600000000000000000e+01 -8.890344465346313731e-05
1.000000000000000000e+01 0.000000000000000000e+00 1.653311579978402734e-03
1.000000000000000000e+01 1.000000000000000000e+00 2.877145940458476509e-03
1.000000000000000000e+01 2.000000000000000000e+00 3.881879033427116082e-03
1.000000000000000000e+01 3.000000000000000000e+00 3.492253983865132010e-03
1.000000000000000000e+01 4.000000000000000000e+00 3.180544575518500037e-03
1.000000000000000000e+01 5.000000000000000000e+00 2.228461344296339425e-03
1.000000000000000000e+01 6.000000000000000000e+00 1.095960330217752654e-03
1.000000000000000000e+01 7.000000000000000000e+00 1.403556433929076025e-04
1.000000000000000000e+01 8.000000000000000000e+00 -6.260561273001729503e-04
1.000000000000000000e+01 9.000000000000000000e+00 -5.260622931798770692e-04
1.000000000000000000e+01 1.000000000000000000e+01 -7.216912770903582530e-04
1.000000000000000000e+01 1.100000000000000000e+01 -3.727951422620791083e-04
1.000000000000000000e+01 1.200000000000000000e+01 -1.857868550227896164e-04
1.000000000000000000e+01 1.300000000000000000e+01 9.250598502662493971e-06
1.000000000000000000e+01 1.400000000000000000e+01 1.844443740146740202e-04
1.000000000000000000e+01 1.500000000000000000e+01 -1.960111965015593860e-04
1.100000000000000000e+01 0.000000000000000000e+00 1.470474778594626749e-03
1.100000000000000000e+01 1.000000000000000000e+00 2.571426373269852447e-03
1.100000000000000000e+01 2.000000000000000000e+00 3.284616610923784836e-03
1.100000000000000000e+01 3.000000000000000000e+00 3.289556390142503277e-03
1.100000000000000000e+01 4.000000000000000000e+00 2.608309266811597183e-03
1.100000000000000000e+01 5.000000000000000000e+00 1.881468800125773218e-03
1.100000000000000000e+01 6.000000000000000000e+00 7.452107676175255893e-04
1.100000000000000000e+01 7.000000000000000000e+00 -1.510971702028551263e-05
1.100000000000000000e+01 8.000000000000000000e+00 -1.630487008261747640e-04
1.100000000000000000e+01 9.000000000000000000e+00 -2.687487401608516313e-04
1.100000000000000000e+01 1.000000000000000000e+01 -2.686823421557364287e-04
1.100000000000000000e+01 1.100000000000000000e+01 -8.854144979909620830e-05
1.100000000000000000e+01 1.200000000000000000e+01 -1.008151377408493283e-04
1.100000000000000000e+01 1.300000000000000000e+01 -4.881047769655918409e-05
1.100000000000000000e+01 1.400000000000000000e+01 -5.175549697501128922e-05
1.200000000000000000e+01 0.000000000000000000e+00 1.114950239050702596e-03
1.200000000000000000e+01 1.000000000000000000e+00 2.208821206611056090e-03
1.200000000000000000e+01 2.000000000000000000e+00 3.166976225691497341e-03
1.200000000000000000e+01 3.000000000000000000e+00 3.144692263977262939e-03
1.200000000000000000e+01 4.000000000000000000e+00 2.524653086648022491e-03
1.200000000000000000e+01 5.000000000000000000e+00 1.714190999067812622e-03
1.200000000000000000e+01 6.000000000000000000e+00 4.543109507990654894e-04
1.200000000000000000e+01 7.000000000000000000e+00 -3.483355272107683870e-04
1.200000000000000000e+01 8.000000000000000000e+00 -5.546562251635089825e-04
1.200000000000000000e+01 9.000000000000000000e+00 -3.510801801239998420e-04
1.200000000000000000e+01 1.000000000000000000e+01 -3.031208805962050975e-04
1.200000000000000000e+01 1.100000000000000000e+01 7.887329153615992049e-05
1.200000000000000000e+01 1.200000000000000000e+01 -8.364811368959339363e-05
1.200000000000000000e+01 1.300000000000000000e+01 6.761014920019833678e-05
1.300000000000000000e+01 0.000000000000000000e+00 1.197838279098909680e-03
1.300000000000000000e+01 1.000000000000000000e+00 1.568705843880745547e-03
1.300000000000000000e+01 2.000000000000000000e+00 2.396299793925229116e-03
1.300000000000000000e+01 3.000000000000000000e+00 2.798539149124333169e-03
1.300000000000000000e+01 4.000000000000000000e+00 1.960239692137734184e-03
1.300000000000000000e+01 5.000000000000000000e+00 1.270107526124216596e-03
1.300000000000000000e+01 6.000000000000000000e+00 2.657545884931741039e-04
1.300000000000000000e+01 7.000000000000000000e+00 -1.038459947974974221e-04
1.300000000000000000e+01 8.000000000000000000e+00 -2.636835314486865611e-04
1.300000000000000000e+01 9.000000000000000000e+00 -6.996741201783903883e-05
1.300000000000000000e+01 1.000000000000000000e+01 2.662447000136190182e-04
1.300000000000000000e+01 1.100000000000000000e+01 2.641259754381112342e-04
1.300000000000000000e+01 1.200000000000000000e+01 -3.423967776065941257e-05
1.400000000000000000e+01 0.000000000000000000e+00 9.746978823344647506e-05
1.400000000000000000e+01 1.000000000000000000e+00 1.525066426149416805e-03
1.400000000000000000e+01 2.000000000000000000e+00 1.892091664429146943e-03
1.400000000000000000e+01 3.000000000000000000e+00 2.069380967286187350e-03
1.400000000000000000e+01 4.000000000000000000e+00 1.542822153923018112e-03
1.400000000000000000e+01 5.000000000000000000e+00 9.280358029456947568e-04
1.400000000000000000e+01 6.000000000000000000e+00 -4.981900905014331017e-05
1.400000000000000000e+01 7.000000000000000000e+00 -4.032079013507136752e-04
1.400000000000000000e+01 8.000000000000000000e+00 -6.920115014796259173e-04
1.400000000000000000e+01 9.000000000000000000e+00 -2.827427021340869805e-04
1.400000000000000000e+01 1.000000000000000000e+01 -7.040139086390372178e-05
1.400000000000000000e+01 1.100000000000000000e+01 1.866491988494726356e-04
1.500000000000000000e+01 0.000000000000000000e+00 6.185438105714263215e-04
1.500000000000000000e+01 1.000000000000000000e+00 7.261330678085091417e-04
1.500000000000000000e+01 2.000000000000000000e+00 1.228822240304722809e-03
1.500000000000000000e+01 3.000000000000000000e+00 1.791598891738274517e-03
1.500000000000000000e+01 4.000000000000000000e+00 1.085761284460528458e-03
1.500000000000000000e+01 5.000000000000000000e+00 7.537476012989831851e-04
1.500000000000000000e+01 6.000000000000000000e+00 -3.628128359938122299e-05
1.500000000000000000e+01 7.000000000000000000e+00 -4.474048574768976880e-04
1.500000000000000000e+01 8.000000000000000000e+00 -3.583195598850754857e-04
1.500000000000000000e+01 9.000000000000000000e+00 -1.358445540200506026e-04
1.500000000000000000e+01 1.000000000000000000e+01 1.523063960911351801e-04
1.600000000000000000e+01 0.000000000000000000e+00 5.931391785510929925e-05
1.600000000000000000e+01 1.000000000000000000e+00 7.489009993374528933e-04
1.600000000000000000e+01 2.000000000000000000e+00 1.388186506120858569e-03
1.600000000000000000e+01 3.000000000000000000e+00 1.134555863444657118e-03
1.600000000000000000e+01 4.000000000000000000e+00 9.674355619876460859e-04
1.600000000000000000e+01 5.000000000000000000e+00 4.883824236101891227e-04
1.600000000000000000e+01 6.000000000000000000e+00 -1.093239450136138677e-04
1.600000000000000000e+01 7.000000000000000000e+00 -2.085405150462947359e-04
1.600000000000000000e+01 8.000000000000000000e+00 -7.019685093037720874e-04
1.600000000000000000e+01 9.000000000000000000e+00 -2.258845047177960479e-04
1.700000000000000000e+01 0.000000000000000000e+00 4.969982600082892190e-04
1.700000000000000000e+01 1.000000000000000000e+00 3.759190629171581407e-04
1.700000000000000000e+01 2.000000000000000000e+00 6.354089785896047072e-04
1.700000000000000000e+01 3.000000000000000000e+00 8.696341554175103386e-04
1.700000000000000000e+01 4.000000000000000000e+00 5.850579183033240540e-04
1.700000000000000000e+01 5.000000000000000000e+00 3.617643028045132219e-04
1.700000000000000000e+01 6.000000000000000000e+00 1.192320944625522818e-04
1.700000000000000000e+01 7.000000000000000000e+00 -3.124941328658286028e-04
1.700000000000000000e+01 8.000000000000000000e+00 -2.733015162670168123e-04
1.800000000000000000e+01 0.000000000000000000e+00 2.945402792571447478e-05
1.800000000000000000e+01 1.000000000000000000e+00 1.509209909285435917e-04
1.800000000000000000e+01 2.000000000000000000e+00 6.500815267803094219e-04
1.800000000000000000e+01 3.000000000000000000e+00 4.762366214383270116e-04
1.800000000000000000e+01 4.000000000000000000e+00 5.310286857647594436e-04
1.800000000000000000e+01 5.000000000000000000e+00 1.924338594552293621e-04
1.800000000000000000e+01 6.000000000000000000e+00 -5.438729110534946081e-05
1.800000000000000000e+01 7.000000000000000000e+00 -2.261436732073727684e-05
1.900000000000000000e+01 0.000000000000000000e+00 1.537566777515618867e-04
1.900000000000000000e+01 1.000000000000000000e+00 3.398610401345441434e-05
1.900000000000000000e+01 2.000000000000000000e+00 -7.599696602107123677e-05
1.900000000000000000e+01 3.000000000000000000e+00 3.710922254962667369e-04
1.900000000000000000e+01 4.000000000000000000e+00 2.824400164528579151e-04
1.900000000000000000e+01 5.000000000000000000e+00 4.085163972579417013e-04
1.900000000000000000e+01 6.000000000000000000e+00 3.431593247030252625e-04
2.000000000000000000e+01 0.000000000000000000e+00 -3.738836137758633162e-05
2.000000000000000000e+01 1.000000000000000000e+00 1.158751675748583791e-04
2.000000000000000000e+01 2.000000000000000000e+00 1.205990466285432322e-04
2.000000000000000000e+01 3.000000000000000000e+00 2.159957418812623092e-04
2.000000000000000000e+01 4.000000000000000000e+00 2.312161855394050916e-04
2.000000000000000000e+01 5.000000000000000000e+00 3.266344997536192014e-04
2.100000000000000000e+01 0.000000000000000000e+00 1.299956545623079656e-04
2.100000000000000000e+01 1.000000000000000000e+00 -2.524705255687224132e-04
2.100000000000000000e+01 2.000000000000000000e+00 -3.537968886359903935e-04
2.100000000000000000e+01 3.000000000000000000e+00 1.295705865326228392e-04
2.100000000000000000e+01 4.000000000000000000e+00 1.567150258280379028e-04
2.200000000000000000e+01 0.000000000000000000e+00 -1.596855998099895591e-04
2.200000000000000000e+01 1.000000000000000000e+00 8.207207607982067578e-05
2.200000000000000000e+01 2.000000000000000000e+00 1.347694795800499685e-05
2.200000000000000000e+01 3.000000000000000000e+00 4.269297269180606484e-05
2.300000000000000000e+01 0.000000000000000000e+00 1.298564929360860991e-04
2.300000000000000000e+01 1.000000000000000000e+00 -2.999940370438265442e-04
2.300000000000000000e+01 2.000000000000000000e+00 -3.593128148287932835e-04
2.400000000000000000e+01 0.000000000000000000e+00 -9.172164223096205367e-05
2.400000000000000000e+01 1.000000000000000000e+00 -2.249026545923204617e-05
0.000000000000000000e+00 0.000000000000000000e+00 0.000000000000000000e+00
0.000000000000000000e+00 0.000000000000000000e+00 0.000000000000000000e+00
