0.000000000000000000e+00 0.000000000000000000e+00 1.156738876493193166e-03
0.000000000000000000e+00 1.000000000000000000e+00 3.619528984879478539e-04
0.000000000000000000e+00 2.000000000000000000e+00 3.446068696555200150e-05
0.000000000000000000e+00 3.000000000000000000e+00 -1.859755375797699862e-05
0.000000000000000000e+00 4.000000000000000000e+00 -2.535998220655023547e-06
0.000000000000000000e+00 5.000000000000000000e+00 3.582081191357824023e-06
0.000000000000000000e+00 6.000000000000000000e+00 1.739814986341416529e-06
0.000000000000000000e+00 7.000000000000000000e+00 -1.439515075297910478e-06
0.000000000000000000e+00 8.000000000000000000e+00 -1.441756339440372239e-06
0.000000000000000000e+00 9.000000000000000000e+00 -2.838117728888887303e-06
0.000000000000000000e+00 1.000000000000000000e+01 -1.505627655193164891e-06
0.000000000000000000e+00 1.100000000000000000e+01 -2.609104704716186951e-06
0.000000000000000000e+00 1.200000000000000000e+01 -1.311455031335107932e-06
0.000000000000000000e+00 1.300000000000000000e+01 -2.197270703029511730e-06
0.000000000000000000e+00 1.400000000000000000e+01 -9.607765087128484129e-07
0.000000000000000000e+00 1.500000000000000000e+01 -1.706403155555238557e-06
0.000000000000000000e+00 1.600000000000000000e+01 -6.355916408684955535e-07
0.000000000000000000e+00 1.700000000000000000e+01 -1.343100516832497937e-06
0.000000000000000000e+00 1.800000000000000000e+01 -4.584741311311589807e-07
0.000000000000000000e+00 1.900000000000000000e+01 -1.136196182807699851e-06
0.000000000000000000e+00 2.000000000000000000e+01 -4.356337739597112708e-07
0.000000000000000000e+00 2.100000000000000000e+01 -1.038623847352144522e-06
0.000000000000000000e+00 2.200000000000000000e+01 -5.294950314723408797e-07
0.000000000000000000e+00 2.300000000000000000e+01 -9.994825065706765750e-07
0.000000000000000000e+00 2.400000000000000000e+01 -6.967703405123949269e-07
1.000000000000000000e+00 0.000000000000000000e+00 3.331283418176185073e-04
1.000000000000000000e+00 1.000000000000000000e+00 -1.409119391305955755e-04
1.000000000000000000e+00 2.000000000000000000e+00 -1.014864239134417948e-04
1.000000000000000000e+00 3.000000000000000000e+00 -1.006478078054777528e-05
1.000000000000000000e+00 4.000000000000000000e+00 1.159462954008049770e-05
1.000000000000000000e+00 5.000000000000000000e+00 -3.042154277037286725e-06
1.000000000000000000e+00 6.000000000000000000e+00 -5.363039597844361094e-06
1.000000000000000000e+00 7.000000000000000000e+00 -3.269487387523587362e-06
1.000000000000000000e+00 8.000000000000000000e+00 -1.155519636285795974e-06
1.000000000000000000e+00 9.000000000000000000e+00 -9.885686672989625014e-07
1.000000000000000000e+00 1.000000000000000000e+01 -5.731719068087970549e-07
1.000000000000000000e+00 1.100000000000000000e+01 -5.510502792625403574e-07
1.000000000000000000e+00 1.200000000000000000e+01 -9.896156698078646111e-08
1.000000000000000000e+00 1.300000000000000000e+01 -3.271800391596212725e-07
1.000000000000000000e+00 1.400000000000000000e+01 1.209675741603884065e-07
1.000000000000000000e+00 1.500000000000000000e+01 -2.975682179901661375e-07
1.000000000000000000e+00 1.600000000000000000e+01 9.954585412023060601e-08
1.000000000000000000e+00 1.700000000000000000e+01 -2.959614851609384816e-07
1.000000000000000000e+00 1.800000000000000000e+01 -6.621342386510747682e-08
1.000000000000000000e+00 1.900000000000000000e+01 -3.018466335818434834e-07
1.000000000000000000e+00 2.000000000000000000e+01 -3.031818587892892379e-07
1.000000000000000000e+00 2.100000000000000000e+01 -3.435176156903582414e-07
1.000000000000000000e+00 2.200000000000000000e+01 -5.424742332310393693e-07
1.000000000000000000e+00 2.300000000000000000e+01 -4.315497557176278405e-07
1.000000000000000000e+00 2.400000000000000000e+01 -7.155681625970563697e-07
2.000000000000000000e+00 0.000000000000000000e+00 5.543231001161737047e-05
2.000000000000000000e+00 1.000000000000000000e+00 -7.338995336589097752e-05
2.000000000000000000e+00 2.000000000000000000e+00 -2.783667610005210601e-05
2.000000000000000000e+00 3.000000000000000000e+00 2.980183369427114233e-06
2.000000000000000000e+00 4.000000000000000000e+00 6.810101837626796779e-06
2.000000000000000000e+00 5.000000000000000000e+00 -1.606610226879159038e-06
2.000000000000000000e+00 6.000000000000000000e+00 -8.600872667958031534e-08
2.000000000000000000e+00 7.000000000000000000e+00 5.421254524661863579e-07
2.000000000000000000e+00 8.000000000000000000e+00 1.138945745197749835e-06
2.000000000000000000e+00 9.000000000000000000e+00 3.610811103237057684e-07
2.000000000000000000e+00 1.000000000000000000e+01 3.384088028491061326e-07
2.000000000000000000e+00 1.100000000000000000e+01 -2.244262570946280392e-07
2.000000000000000000e+00 1.200000000000000000e+01 -4.043324148420119081e-09
2.000000000000000000e+00 1.300000000000000000e+01 -5.592327166447353979e-07
2.000000000000000000e+00 1.400000000000000000e+01 -1.847065968295298364e-07
2.000000000000000000e+00 1.500000000000000000e+01 -6.920218055105673285e-07
2.000000000000000000e+00 1.600000000000000000e+01 -3.534033968181525238e-07
2.000000000000000000e+00 1.700000000000000000e+01 -6.937609591567158896e-07
2.000000000000000000e+00 1.800000000000000000e+01 -5.348762168316967480e-07
2.000000000000000000e+00 1.900000000000000000e+01 -6.358717202229109422e-07
2.000000000000000000e+00 2.000000000000000000e+01 -6.836345099693117211e-07
2.000000000000000000e+00 2.100000000000000000e+01 -5.520805681011589215e-07
2.000000000000000000e+00 2.200000000000000000e+01 -7.524637936515142882e-07
2.000000000000000000e+00 2.300000000000000000e+01 -4.643054914268855557e-07
3.000000000000000000e+00 0.000000000000000000e+00 -1.869327190145310657e-05
3.000000000000000000e+00 1.000000000000000000e+00 7.301302364546357151e-05
3.000000000000000000e+00 2.000000000000000000e+00 4.029712730839022674e-05
3.000000000000000000e+00 3.000000000000000000e+00 -1.339810899068458801e-06
3.000000000000000000e+00 4.000000000000000000e+00 -4.740968389838594389e-06
3.000000000000000000e+00 5.000000000000000000e+00 -2.705913025791016888e-06
3.000000000000000000e+00 6.000000000000000000e+00 2.120442846362654881e-06
3.000000000000000000e+00 7.000000000000000000e+00 -8.397966411141722928e-07
3.000000000000000000e+00 8.000000000000000000e+00 -1.323539417503786194e-07
3.000000000000000000e+00 9.000000000000000000e+00 -3.463804883420194422e-07
3.000000000000000000e+00 1.000000000000000000e+01 -1.809591098844194704e-07
3.000000000000000000e+00 1.100000000000000000e+01 5.429814856208880634e-07
3.000000000000000000e+00 1.200000000000000000e+01 -6.051888055025800255e-08
3.000000000000000000e+00 1.300000000000000000e+01 7.071878599694865788e-07
3.000000000000000000e+00 1.400000000000000000e+01 4.504285874748229933e-08
3.000000000000000000e+00 1.500000000000000000e+01 5.129417040605257714e-07
3.000000000000000000e+00 1.600000000000000000e+01 1.302993713626263093e-07
3.000000000000000000e+00 1.700000000000000000e+01 1.926511350833064935e-07
3.000000000000000000e+00 1.800000000000000000e+01 2.050645883149191781e-07
3.000000000000000000e+00 1.900000000000000000e+01 -1.088674869157942820e-07
3.000000000000000000e+00 2.000000000000000000e+01 2.692820394137544963e-07
3.000000000000000000e+00 2.100000000000000000e+01 -3.306153477374563060e-07
3.000000000000000000e+00 2.200000000000000000e+01 3.050868808228004983e-07
4.000000000000000000e+00 0.000000000000000000e+00 -1.713041520752230996e-04
4.000000000000000000e+00 1.000000000000000000e+00 9.741016089410772669e-06
4.000000000000000000e+00 2.000000000000000000e+00 1.857774117523978231e-05
4.000000000000000000e+00 3.000000000000000000e+00 2.863710834701741723e-07
4.000000000000000000e+00 4.000000000000000000e+00 -8.909382709641651435e-07
4.000000000000000000e+00 5.000000000000000000e+00 8.720908243200781275e-07
4.000000000000000000e+00 6.000000000000000000e+00 1.762138930688702172e-06
4.000000000000000000e+00 7.000000000000000000e+00 1.100432241008983887e-06
4.000000000000000000e+00 8.000000000000000000e+00 5.169408301403204990e-07
4.000000000000000000e+00 9.000000000000000000e+00 1.280750670665613180e-06
4.000000000000000000e+00 1.000000000000000000e+01 2.661949797249090991e-07
4.000000000000000000e+00 1.100000000000000000e+01 7.660687777593990119e-07
4.000000000000000000e+00 1.200000000000000000e+01 -2.185610853374255385e-08
4.000000000000000000e+00 1.300000000000000000e+01 9.054345656737994278e-08
4.000000000000000000e+00 1.400000000000000000e+01 -1.468958669639548186e-07
4.000000000000000000e+00 1.500000000000000000e+01 -3.187766197957100735e-07
4.000000000000000000e+00 1.600000000000000000e+01 -1.571767428779594129e-07
4.000000000000000000e+00 1.700000000000000000e+01 -4.317635343473739336e-07
4.000000000000000000e+00 1.800000000000000000e+01 -1.234691491985896702e-07
4.000000000000000000e+00 1.900000000000000000e+01 -3.675308846540223422e-07
4.000000000000000000e+00 2.000000000000000000e+01 -9.578543777353557161e-08
4.000000000000000000e+00 2.100000000000000000e+01 -2.515181283201150362e-07
5.000000000000000000e+00 0.000000000000000000e+00 -7.833957741973672289e-05
5.000000000000000000e+00 1.000000000000000000e+00 -3.767874666329910189e-05
5.000000000000000000e+00 2.000000000000000000e+00 -1.281321775497159699e-05
5.000000000000000000e+00 3.000000000000000000e+00 -1.967238028289314134e-06
5.000000000000000000e+00 4.000000000000000000e+00 1.179626646283945129e-06
5.000000000000000000e+00 5.000000000000000000e+00 -1.132426447238155872e-06
5.000000000000000000e+00 6.000000000000000000e+00 -1.449484200677264220e-07
5.000000000000000000e+00 7.000000000000000000e+00 -1.174995665120455097e-06
5.000000000000000000e+00 8.000000000000000000e+00 4.856641750932423662e-07
5.000000000000000000e+00 9.000000000000000000e+00 -6.620710685551216319e-07
5.000000000000000000e+00 1.000000000000000000e+01 3.749207238673031872e-07
5.000000000000000000e+00 1.100000000000000000e+01 -6.223523439977608588e-07
5.000000000000000000e+00 1.200000000000000000e+01 4.722131781208569424e-07
5.000000000000000000e+00 1.300000000000000000e+01 -5.526551416535378292e-07
5.000000000000000000e+00 1.400000000000000000e+01 6.562399557660625805e-07
5.000000000000000000e+00 1.500000000000000000e+01 -5.421390877022998778e-07
5.000000000000000000e+00 1.600000000000000000e+01 7.900415316654432123e-07
5.000000000000000000e+00 1.700000000000000000e+01 -5.548266741748789031e-07
5.000000000000000000e+00 1.800000000000000000e+01 8.471204789024720657e-07
5.000000000000000000e+00 1.900000000000000000e+01 -5.509957950859720345e-07
5.000000000000000000e+00 2.000000000000000000e+01 8.388776052326414098e-07
6.000000000000000000e+00 0.000000000000000000e+00 1.206865955416497029e-04
6.000000000000000000e+00 1.000000000000000000e+00 8.932787337799452950e-06
6.000000000000000000e+00 2.000000000000000000e+00 -4.209134729111464613e-06
6.000000000000000000e+00 3.000000000000000000e+00 -1.935824723753904811e-07
6.000000000000000000e+00 4.000000000000000000e+00 3.545061198662398095e-07
6.000000000000000000e+00 5.000000000000000000e+00 1.241878268521097704e-06
6.000000000000000000e+00 6.000000000000000000e+00 -1.621054043663677289e-06
6.000000000000000000e+00 7.000000000000000000e+00 9.170035111081957501e-07
6.000000000000000000e+00 8.000000000000000000e+00 -1.605821622150780358e-06
6.000000000000000000e+00 9.000000000000000000e+00 3.922878822501893598e-07
6.000000000000000000e+00 1.000000000000000000e+01 -1.651531239303048391e-06
6.000000000000000000e+00 1.100000000000000000e+01 1.415100065958084509e-07
6.000000000000000000e+00 1.200000000000000000e+01 -1.476525113558613048e-06
6.000000000000000000e+00 1.300000000000000000e+01 1.069027727168102421e-07
6.000000000000000000e+00 1.400000000000000000e+01 -1.264391771284054855e-06
6.000000000000000000e+00 1.500000000000000000e+01 1.469248590055199203e-07
6.000000000000000000e+00 1.600000000000000000e+01 -1.064830014533683257e-06
6.000000000000000000e+00 1.700000000000000000e+01 1.916441655472812304e-07
6.000000000000000000e+00 1.800000000000000000e+01 -9.045383098663302956e-07
6.000000000000000000e+00 1.900000000000000000e+01 2.126379645560969058e-07
7.000000000000000000e+00 0.000000000000000000e+00 8.694265072583021690e-05
7.000000000000000000e+00 1.000000000000000000e+00 1.178924322238349926e-05
7.000000000000000000e+00 2.000000000000000000e+00 -1.013958831648563178e-06
7.000000000000000000e+00 3.000000000000000000e+00 -3.262858935008188410e-07
7.000000000000000000e+00 4.000000000000000000e+00 -3.874912960227660491e-07
7.000000000000000000e+00 5.000000000000000000e+00 6.152344973055908972e-07
7.000000000000000000e+00 6.000000000000000000e+00 -3.906133920377030224e-07
7.000000000000000000e+00 7.000000000000000000e+00 5.567144824815704371e-07
7.000000000000000000e+00 8.000000000000000000e+00 -2.958393088792029528e-07
7.000000000000000000e+00 9.000000000000000000e+00 1.984307188883651851e-07
7.000000000000000000e+00 1.000000000000000000e+01 5.604973584040826339e-08
7.000000000000000000e+00 1.100000000000000000e+01 7.495239388165631030e-08
7.000000000000000000e+00 1.200000000000000000e+01 1.298462639891255676e-07
7.000000000000000000e+00 1.300000000000000000e+01 -4.583027142806159068e-08
7.000000000000000000e+00 1.400000000000000000e+01 5.385557502978483113e-08
7.000000000000000000e+00 1.500000000000000000e+01 -8.550805581466932854e-08
7.000000000000000000e+00 1.600000000000000000e+01 -2.930059832440259052e-08
7.000000000000000000e+00 1.700000000000000000e+01 -5.676427683577258381e-08
7.000000000000000000e+00 1.800000000000000000e+01 -8.252059679631111071e-08
8.000000000000000000e+00 0.000000000000000000e+00 -5.894909056215888107e-05
8.000000000000000000e+00 1.000000000000000000e+00 -1.471087462630130329e-05
8.000000000000000000e+00 2.000000000000000000e+00 -2.998145878904511669e-07
8.000000000000000000e+00 3.000000000000000000e+00 1.504859822416688468e-06
8.000000000000000000e+00 4.000000000000000000e+00 -7.949206016399369750e-07
8.000000000000000000e+00 5.000000000000000000e+00 7.189638213046087883e-07
8.000000000000000000e+00 6.000000000000000000e+00 -8.791244023817486241e-07
8.000000000000000000e+00 7.000000000000000000e+00 8.512707143886398603e-07
8.000000000000000000e+00 8.000000000000000000e+00 -7.421288763990202687e-07
8.000000000000000000e+00 9.000000000000000000e+00 5.646077488372840297e-07
8.000000000000000000e+00 1.000000000000000000e+01 -5.899285182626672065e-07
8.000000000000000000e+00 1.100000000000000000e+01 2.974412850888466072e-07
8.000000000000000000e+00 1.200000000000000000e+01 -5.362548793700159315e-07
8.000000000000000000e+00 1.300000000000000000e+01 1.679992238113197711e-07
8.000000000000000000e+00 1.400000000000000000e+01 -4.850806033172012030e-07
8.000000000000000000e+00 1.500000000000000000e+01 1.298454136436980544e-07
8.000000000000000000e+00 1.600000000000000000e+01 -3.957129945254965365e-07
8.000000000000000000e+00 1.700000000000000000e+01 1.226306933993902550e-07
9.000000000000000000e+00 0.000000000000000000e+00 -6.189929851420009196e-05
9.000000000000000000e+00 1.000000000000000000e+00 -7.598132704265184190e-06
9.000000000000000000e+00 2.000000000000000000e+00 2.664155707429424310e-06
9.000000000000000000e+00 3.000000000000000000e+00 2.266817916351752642e-07
9.000000000000000000e+00 4.000000000000000000e+00 -6.670570784258495007e-07
9.000000000000000000e+00 5.000000000000000000e+00 -3.822773359820616723e-07
9.000000000000000000e+00 6.000000000000000000e+00 -6.931107640740868577e-07
9.000000000000000000e+00 7.000000000000000000e+00 -4.492259578036664004e-07
9.000000000000000000e+00 8.000000000000000000e+00 -1.001072998394547443e-06
9.000000000000000000e+00 9.000000000000000000e+00 -5.621681709185577226e-07
9.000000000000000000e+00 1.000000000000000000e+01 -1.160882761075890989e-06
9.000000000000000000e+00 1.100000000000000000e+01 -7.352369649538440233e-07
9.000000000000000000e+00 1.200000000000000000e+01 -1.080172003208540177e-06
9.000000000000000000e+00 1.300000000000000000e+01 -7.865116667334271693e-07
9.000000000000000000e+00 1.400000000000000000e+01 -8.017624397870720216e-07
9.000000000000000000e+00 1.500000000000000000e+01 -7.541181553043881815e-07
9.000000000000000000e+00 1.600000000000000000e+01 -4.258315293458440650e-07
1.000000000000000000e+01 0.000000000000000000e+00 2.579726209318820726e-05
1.000000000000000000e+01 1.000000000000000000e+00 9.297865760060605890e-06
1.000000000000000000e+01 2.000000000000000000e+00 1.900749024435955394e-06
1.000000000000000000e+01 3.000000000000000000e+00 -6.655466465760154750e-07
1.000000000000000000e+01 4.000000000000000000e+00 -7.722360086929325970e-08
1.000000000000000000e+01 5.000000000000000000e+00 6.394753578236597597e-07
1.000000000000000000e+01 6.000000000000000000e+00 3.224778226925688134e-07
1.000000000000000000e+01 7.000000000000000000e+00 5.162953253308176308e-07
1.000000000000000000e+01 8.000000000000000000e+00 -5.801935277130479839e-08
1.000000000000000000e+01 9.000000000000000000e+00 7.759611802122350769e-07
1.000000000000000000e+01 1.000000000000000000e+01 -2.443787064912993717e-07
1.000000000000000000e+01 1.100000000000000000e+01 9.977845699025041116e-07
1.000000000000000000e+01 1.200000000000000000e+01 -3.425452585181604517e-07
1.000000000000000000e+01 1.300000000000000000e+01 1.012467892030261988e-06
1.000000000000000000e+01 1.400000000000000000e+01 -4.004298780898732931e-07
1.000000000000000000e+01 1.500000000000000000e+01 8.384711303882469608e-07
1.100000000000000000e+01 0.000000000000000000e+00 3.880235232116036352e-05
1.100000000000000000e+01 1.000000000000000000e+00 9.311870337739841372e-07
1.100000000000000000e+01 2.000000000000000000e+00 -2.975779329309706834e-06
1.100000000000000000e+01 3.000000000000000000e+00 -1.163618164788025876e-06
1.100000000000000000e+01 4.000000000000000000e+00 -7.126882678657725699e-07
1.100000000000000000e+01 5.000000000000000000e+00 -5.093634591164120298e-07
1.100000000000000000e+01 6.000000000000000000e+00 -1.091383182878379332e-06
1.100000000000000000e+01 7.000000000000000000e+00 -5.055845198045830832e-07
1.100000000000000000e+01 8.000000000000000000e+00 -9.950518112844967789e-07
1.100000000000000000e+01 9.000000000000000000e+00 -3.949894736512119655e-07
1.100000000000000000e+01 1.000000000000000000e+01 -9.782470032591956246e-07
1.100000000000000000e+01 1.100000000000000000e+01 -3.195847631881141855e-07
1.100000000000000000e+01 1.200000000000000000e+01 -9.084322089171912087e-07
1.100000000000000000e+01 1.300000000000000000e+01 -2.799953751957532025e-07
1.100000000000000000e+01 1.400000000000000000e+01 -7.108271132654642841e-07
1.200000000000000000e+01 0.000000000000000000e+00 -6.052601404820284373e-06
1.200000000000000000e+01 1.000000000000000000e+00 -8.768061397042513011e-06
1.200000000000000000e+01 2.000000000000000000e+00 -2.129524799439975559e-06
1.200000000000000000e+01 3.000000000000000000e+00 1.516097086631790011e-06
1.200000000000000000e+01 4.000000000000000000e+00 5.324409376941183336e-07
1.200000000000000000e+01 5.000000000000000000e+00 9.395537072327213158e-07
1.200000000000000000e+01 6.000000000000000000e+00 -2.022170272799745204e-07
1.200000000000000000e+01 7.000000000000000000e+00 1.039598013291063030e-06
1.200000000000000000e+01 8.000000000000000000e+00 -2.489259572534407724e-07
1.200000000000000000e+01 9.000000000000000000e+00 1.123490079007944354e-06
1.200000000000000000e+01 1.000000000000000000e+01 -3.236373369827214607e-07
1.200000000000000000e+01 1.100000000000000000e+01 1.224437404395774058e-06
1.200000000000000000e+01 1.200000000000000000e+01 -3.208266552639384151e-07
1.200000000000000000e+01 1.300000000000000000e+01 1.252979904497027349e-06
1.300000000000000000e+01 0.000000000000000000e+00 -2.193988189701429249e-05
1.300000000000000000e+01 1.000000000000000000e+00 -1.417908854936982706e-06
1.300000000000000000e+01 2.000000000000000000e+00 2.551827026165516021e-06
1.300000000000000000e+01 3.000000000000000000e+00 -4.679078350846012740e-07
1.300000000000000000e+01 4.000000000000000000e+00 -1.608012441878312628e-06
1.300000000000000000e+01 5.000000000000000000e+00 -8.048101507410915518e-07
1.300000000000000000e+01 6.000000000000000000e+00 -1.751994154003695698e-06
1.300000000000000000e+01 7.000000000000000000e+00 -5.505438640459478773e-07
1.300000000000000000e+01 8.000000000000000000e+00 -1.709299468988845813e-06
1.300000000000000000e+01 9.000000000000000000e+00 -3.892564445358652802e-07
1.300000000000000000e+01 1.000000000000000000e+01 -1.559284597461186964e-06
1.300000000000000000e+01 1.100000000000000000e+01 -2.697230212536152262e-07
1.300000000000000000e+01 1.200000000000000000e+01 -1.362259849285257197e-06
1.400000000000000000e+01 0.000000000000000000e+00 -3.219693646298622622e-06
1.400000000000000000e+01 1.000000000000000000e+00 4.739287815553653812e-06
1.400000000000000000e+01 2.000000000000000000e+00 2.094187251969056323e-06
1.400000000000000000e+01 3.000000000000000000e+00 -6.301382430254690455e-07
1.400000000000000000e+01 4.000000000000000000e+00 -8.777102438511906852e-07
1.400000000000000000e+01 5.000000000000000000e+00 7.162862682867825706e-07
1.400000000000000000e+01 6.000000000000000000e+00 -6.815163009688106913e-08
1.400000000000000000e+01 7.000000000000000000e+00 7.927927197874337076e-07
1.400000000000000000e+01 8.000000000000000000e+00 -1.387991255701438932e-08
1.400000000000000000e+01 9.000000000000000000e+00 8.440695890812860512e-07
1.400000000000000000e+01 1.000000000000000000e+01 4.449387285857766236e-08
1.400000000000000000e+01 1.100000000000000000e+01 8.545083995639798504e-07
1.500000000000000000e+01 0.000000000000000000e+00 9.423135370513366994e-06
1.500000000000000000e+01 1.000000000000000000e+00 -3.012572469724718576e-06
1.500000000000000000e+01 2.000000000000000000e+00 -7.571655928057915955e-07
1.500000000000000000e+01 3.000000000000000000e+00 -1.805638721639105715e-06
1.500000000000000000e+01 4.000000000000000000e+00 -2.516407208241147370e-07
1.500000000000000000e+01 5.000000000000000000e+00 -8.485245322625943544e-07
1.500000000000000000e+01 6.000000000000000000e+00 -1.035991052056440828e-06
1.500000000000000000e+01 7.000000000000000000e+00 -7.839930569409351679e-07
1.500000000000000000e+01 8.000000000000000000e+00 -1.358071208704785330e-06
1.500000000000000000e+01 9.000000000000000000e+00 -6.499441688767688201e-07
1.500000000000000000e+01 1.000000000000000000e+01 -1.427680442286009673e-06
1.600000000000000000e+01 0.000000000000000000e+00 4.427157418195112401e-06
1.600000000000000000e+01 1.000000000000000000e+00 -4.123432233016864127e-06
1.600000000000000000e+01 2.000000000000000000e+00 -1.625187086083617267e-06
1.600000000000000000e+01 3.000000000000000000e+00 9.137906102168101212e-07
1.600000000000000000e+01 4.000000000000000000e+00 5.861644199477523561e-07
1.600000000000000000e+01 5.000000000000000000e+00 6.720656640777641391e-07
1.600000000000000000e+01 6.000000000000000000e+00 5.512865425499633632e-07
1.600000000000000000e+01 7.000000000000000000e+00 7.432754526158804505e-07
1.600000000000000000e+01 8.000000000000000000e+00 7.442415548909641770e-07
1.600000000000000000e+01 9.000000000000000000e+00 9.058709382914274154e-07
1.700000000000000000e+01 0.000000000000000000e+00 -2.900521576989279354e-06
1.700000000000000000e+01 1.000000000000000000e+00 -1.984696872730223623e-06
1.700000000000000000e+01 2.000000000000000000e+00 1.790317281178149389e-06
1.700000000000000000e+01 3.000000000000000000e+00 -3.126076448212400742e-07
1.700000000000000000e+01 4.000000000000000000e+00 1.973229197536890133e-07
1.700000000000000000e+01 5.000000000000000000e+00 -4.862742335087185934e-07
1.700000000000000000e+01 6.000000000000000000e+00 -3.710982656949147111e-07
1.700000000000000000e+01 7.000000000000000000e+00 -4.934280710331340057e-07
1.700000000000000000e+01 8.000000000000000000e+00 -6.468138877070479128e-07
1.800000000000000000e+01 0.000000000000000000e+00 -5.228115437525272193e-06
1.800000000000000000e+01 1.000000000000000000e+00 2.002236173426435245e-06
1.800000000000000000e+01 2.000000000000000000e+00 2.931613805846657516e-07
1.800000000000000000e+01 3.000000000000000000e+00 -2.979320479189774929e-08
1.800000000000000000e+01 4.000000000000000000e+00 -5.607439814169149823e-07
1.800000000000000000e+01 5.000000000000000000e+00 5.363266410514373763e-07
1.800000000000000000e+01 6.000000000000000000e+00 3.245831968023442947e-07
1.800000000000000000e+01 7.000000000000000000e+00 7.540534478608550585e-07
1.900000000000000000e+01 0.000000000000000000e+00 7.625449113609972875e-08
1.900000000000000000e+01 1.000000000000000000e+00 -3.786786830270609429e-07
1.900000000000000000e+01 2.000000000000000000e+00 1.114210062571125447e-06
1.900000000000000000e+01 3.000000000000000000e+00 3.766159922578471653e-07
1.900000000000000000e+01 4.000000000000000000e+00 4.697725922468118313e-07
1.900000000000000000e+01 5.000000000000000000e+00 7.227933824137724863e-08
1.900000000000000000e+01 6.000000000000000000e+00 -1.640316797340774207e-07
2.000000000000000000e+01 0.000000000000000000e+00 8.374494953942907590e-07
2.000000000000000000e+01 1.000000000000000000e+00 -5.740558569978537239e-07
2.000000000000000000e+01 2.000000000000000000e+00 -1.374287642597542121e-06
2.000000000000000000e+01 3.000000000000000000e+00 -3.576998264396515886e-07
2.000000000000000000e+01 4.000000000000000000e+00 9.960717773187436454e-08
2.000000000000000000e+01 5.000000000000000000e+00 2.180955856485393585e-09
2.100000000000000000e+01 0.000000000000000000e+00 2.914999564792600648e-07
2.100000000000000000e+01 1.000000000000000000e+00 3.742294237236427011e-07
2.100000000000000000e+01 2.000000000000000000e+00 2.030160810281393334e-07
2.100000000000000000e+01 3.000000000000000000e+00 6.361237965555091548e-07
2.100000000000000000e+01 4.000000000000000000e+00 4.643122981873868006e-07
2.200000000000000000e+01 0.000000000000000000e+00 -3.668223595553674546e-06
2.200000000000000000e+01 1.000000000000000000e+00 1.181120205562657656e-06
2.200000000000000000e+01 2.000000000000000000e+00 5.243882036872061868e-07
2.200000000000000000e+01 3.000000000000000000e+00 -3.464420177115405859e-07
2.300000000000000000e+01 0.000000000000000000e+00 -2.749944050859800745e-06
2.300000000000000000e+01 1.000000000000000000e+00 2.062107073312656011e-07
2.300000000000000000e+01 2.000000000000000000e+00 -6.215570186494759300e-08
2.400000000000000000e+01 0.000000000000000000e+00 8.185641355194402122e-07
2.400000000000000000e+01 1.000000000000000000e+00 2.245454072220802571e-07
0.000000000000000000e+00 0.000000000000000000e+00 0.000000000000000000e+00
0.000000000000000000e+00 0.000000000000000000e+00 0.000000000000000000e+00
