0.000000000000000000e+00 0.000000000000000000e+00 3.072447777443411156e-06
0.000000000000000000e+00 1.000000000000000000e+00 1.059261432156968364e-06
0.000000000000000000e+00 2.000000000000000000e+00 4.546067702545641074e-07
0.000000000000000000e+00 3.000000000000000000e+00 1.386886264350298205e-07
0.000000000000000000e+00 4.000000000000000000e+00 -1.572946283029013184e-07
0.000000000000000000e+00 5.000000000000000000e+00 -1.862073472622656029e-07
0.000000000000000000e+00 6.000000000000000000e+00 -4.364629464031168479e-08
0.000000000000000000e+00 7.000000000000000000e+00 4.131119607545038762e-08
0.000000000000000000e+00 8.000000000000000000e+00 7.112399845476941007e-08
0.000000000000000000e+00 9.000000000000000000e+00 4.861969045485292244e-08
0.000000000000000000e+00 1.000000000000000000e+01 -5.022775838708925309e-08
0.000000000000000000e+00 1.100000000000000000e+01 -7.223313208098894746e-08
0.000000000000000000e+00 1.200000000000000000e+01 2.932371862442022592e-08
0.000000000000000000e+00 1.300000000000000000e+01 6.137510999566628231e-08
0.000000000000000000e+00 1.400000000000000000e+01 -1.692321824995004787e-08
0.000000000000000000e+00 1.500000000000000000e+01 -4.119468089604578400e-08
0.000000000000000000e+00 1.600000000000000000e+01 1.127009089795012421e-08
0.000000000000000000e+00 1.700000000000000000e+01 2.375874598018010695e-08
0.000000000000000000e+00 1.800000000000000000e+01 -9.383170850431286425e-09
0.000000000000000000e+00 1.900000000000000000e+01 -1.202528551818771660e-08
0.000000000000000000e+00 2.000000000000000000e+01 8.881640104425465060e-09
0.000000000000000000e+00 2.100000000000000000e+01 4.802362673023039136e-09
0.000000000000000000e+00 2.200000000000000000e+01 -8.360212949259874492e-09
0.000000000000000000e+00 2.300000000000000000e+01 -1.595779930794638079e-10
0.000000000000000000e+00 2.400000000000000000e+01 7.383798309461711595e-09
1.000000000000000000e+00 0.000000000000000000e+00 -2.804271974914771301e-07
1.000000000000000000e+00 1.000000000000000000e+00 -1.351535080449504170e-06
1.000000000000000000e+00 2.000000000000000000e+00 -9.181128484328314686e-07
1.000000000000000000e+00 3.000000000000000000e+00 -1.571935875574303794e-07
1.000000000000000000e+00 4.000000000000000000e+00 2.525703333346065301e-07
1.000000000000000000e+00 5.000000000000000000e+00 1.880121659421534429e-07
1.000000000000000000e+00 6.000000000000000000e+00 1.471805299341575832e-08
1.000000000000000000e+00 7.000000000000000000e+00 4.824288035844587935e-09
1.000000000000000000e+00 8.000000000000000000e+00 -1.447803024083145851e-08
1.000000000000000000e+00 9.000000000000000000e+00 -8.470542736880521623e-08
1.000000000000000000e+00 1.000000000000000000e+01 -3.948906106881675507e-08
1.000000000000000000e+00 1.100000000000000000e+01 6.802140962848552839e-08
1.000000000000000000e+00 1.200000000000000000e+01 6.778139592880951164e-08
1.000000000000000000e+00 1.300000000000000000e+01 -2.506226278093228656e-08
1.000000000000000000e+00 1.400000000000000000e+01 -6.766964197455059879e-08
1.000000000000000000e+00 1.500000000000000000e+01 -4.427365914707199038e-09
1.000000000000000000e+00 1.600000000000000000e+01 5.594407705592293094e-08
1.000000000000000000e+00 1.700000000000000000e+01 1.277762145535046189e-08
1.000000000000000000e+00 1.800000000000000000e+01 -4.470473737555052761e-08
1.000000000000000000e+00 1.900000000000000000e+01 -7.562533054511518006e-09
1.000000000000000000e+00 2.000000000000000000e+01 3.764383619321009805e-08
1.000000000000000000e+00 2.100000000000000000e+01 -1.489947701987965751e-09
1.000000000000000000e+00 2.200000000000000000e+01 -3.357158111466393523e-08
1.000000000000000000e+00 2.300000000000000000e+01 8.225933610139739446e-09
1.000000000000000000e+00 2.400000000000000000e+01 3.023667867991052571e-08
2.000000000000000000e+00 0.000000000000000000e+00 2.898526042869370997e-06
2.000000000000000000e+00 1.000000000000000000e+00 8.860184216068104645e-07
2.000000000000000000e+00 2.000000000000000000e+00 3.434217864519002376e-07
2.000000000000000000e+00 3.000000000000000000e+00 1.483993880928923916e-07
2.000000000000000000e+00 4.000000000000000000e+00 3.262589475051557091e-08
2.000000000000000000e+00 5.000000000000000000e+00 -9.722409330736508637e-08
2.000000000000000000e+00 6.000000000000000000e+00 -1.635496504028410674e-07
2.000000000000000000e+00 7.000000000000000000e+00 -4.686174646385968488e-08
2.000000000000000000e+00 8.000000000000000000e+00 8.450408857247485570e-08
2.000000000000000000e+00 9.000000000000000000e+00 7.585812266737092879e-08
2.000000000000000000e+00 1.000000000000000000e+01 1.786607432396777770e-09
2.000000000000000000e+00 1.100000000000000000e+01 -3.401691709387911941e-08
2.000000000000000000e+00 1.200000000000000000e+01 -3.223490516787051832e-08
2.000000000000000000e+00 1.300000000000000000e+01 -1.312371283242449900e-08
2.000000000000000000e+00 1.400000000000000000e+01 2.020069135023958467e-08
2.000000000000000000e+00 1.500000000000000000e+01 3.507502063136075764e-08
2.000000000000000000e+00 1.600000000000000000e+01 5.166710864274532270e-09
2.000000000000000000e+00 1.700000000000000000e+01 -3.174282738356993284e-08
2.000000000000000000e+00 1.800000000000000000e+01 -2.410933063311406538e-08
2.000000000000000000e+00 1.900000000000000000e+01 1.607981228453355933e-08
2.000000000000000000e+00 2.000000000000000000e+01 3.016183632945962206e-08
2.000000000000000000e+00 2.100000000000000000e+01 -8.247662242018003557e-10
2.000000000000000000e+00 2.200000000000000000e+01 -2.575448937266456665e-08
2.000000000000000000e+00 2.300000000000000000e+01 -7.283239100809530946e-09
3.000000000000000000e+00 0.000000000000000000e+00 -1.921874302970259173e-07
3.000000000000000000e+00 1.000000000000000000e+00 -1.262306198083800786e-06
3.000000000000000000e+00 2.000000000000000000e+00 -6.317282783646807246e-07
3.000000000000000000e+00 3.000000000000000000e+00 -1.296611798447248880e-07
3.000000000000000000e+00 4.000000000000000000e+00 7.684308813558554014e-08
3.000000000000000000e+00 5.000000000000000000e+00 1.529571567431055991e-07
3.000000000000000000e+00 6.000000000000000000e+00 6.485143587471212366e-08
3.000000000000000000e+00 7.000000000000000000e+00 2.446293635566598617e-08
3.000000000000000000e+00 8.000000000000000000e+00 6.420812085895736475e-09
3.000000000000000000e+00 9.000000000000000000e+00 -9.525549663346225937e-08
3.000000000000000000e+00 1.000000000000000000e+01 -8.126927122681900046e-08
3.000000000000000000e+00 1.100000000000000000e+01 7.490843437256450125e-08
3.000000000000000000e+00 1.200000000000000000e+01 9.835342608967076324e-08
3.000000000000000000e+00 1.300000000000000000e+01 -3.064698351967555241e-08
3.000000000000000000e+00 1.400000000000000000e+01 -7.448048552573278497e-08
3.000000000000000000e+00 1.500000000000000000e+01 1.765548639990023901e-09
3.000000000000000000e+00 1.600000000000000000e+01 4.178528025347733241e-08
3.000000000000000000e+00 1.700000000000000000e+01 4.431839129706230861e-09
3.000000000000000000e+00 1.800000000000000000e+01 -2.017099839012161250e-08
3.000000000000000000e+00 1.900000000000000000e+01 3.061963595231501001e-09
3.000000000000000000e+00 2.000000000000000000e+01 1.376994341488007797e-08
3.000000000000000000e+00 2.100000000000000000e+01 -1.288854685030531810e-08
3.000000000000000000e+00 2.200000000000000000e+01 -1.732512626622441914e-08
4.000000000000000000e+00 0.000000000000000000e+00 2.697161488685867397e-06
4.000000000000000000e+00 1.000000000000000000e+00 7.209463522866859861e-07
4.000000000000000000e+00 2.000000000000000000e+00 3.205554480505005920e-07
4.000000000000000000e+00 3.000000000000000000e+00 9.334900343641251909e-08
4.000000000000000000e+00 4.000000000000000000e+00 -9.554468898457683669e-08
4.000000000000000000e+00 5.000000000000000000e+00 -5.283198296210842190e-08
4.000000000000000000e+00 6.000000000000000000e+00 -2.349753200648773247e-08
4.000000000000000000e+00 7.000000000000000000e+00 -4.818897239619775518e-08
4.000000000000000000e+00 8.000000000000000000e+00 1.277707680168948549e-08
4.000000000000000000e+00 9.000000000000000000e+00 6.969056723654283388e-08
4.000000000000000000e+00 1.000000000000000000e+01 1.988190367770275403e-08
4.000000000000000000e+00 1.100000000000000000e+01 -4.168661075742298530e-08
4.000000000000000000e+00 1.200000000000000000e+01 -3.544544182644325288e-08
4.000000000000000000e+00 1.300000000000000000e+01 7.471270472393759998e-09
4.000000000000000000e+00 1.400000000000000000e+01 3.113680560256114347e-08
4.000000000000000000e+00 1.500000000000000000e+01 1.063279068351535524e-08
4.000000000000000000e+00 1.600000000000000000e+01 -1.661964384131957895e-08
4.000000000000000000e+00 1.700000000000000000e+01 -1.080177834253666634e-08
4.000000000000000000e+00 1.800000000000000000e+01 2.496314637551655016e-09
4.000000000000000000e+00 1.900000000000000000e+01 1.840602162903152424e-09
4.000000000000000000e+00 2.000000000000000000e+01 5.111134792494250998e-09
4.000000000000000000e+00 2.100000000000000000e+01 6.518334096413051870e-09
5.000000000000000000e+00 0.000000000000000000e+00 1.219695803395276096e-07
5.000000000000000000e+00 1.000000000000000000e+00 -1.207445431643996210e-06
5.000000000000000000e+00 2.000000000000000000e+00 -4.096374828926758789e-07
5.000000000000000000e+00 3.000000000000000000e+00 3.176088352906748894e-09
5.000000000000000000e+00 4.000000000000000000e+00 4.709959951437276072e-08
5.000000000000000000e+00 5.000000000000000000e+00 1.539347518139132758e-07
5.000000000000000000e+00 6.000000000000000000e+00 6.791536375574319339e-08
5.000000000000000000e+00 7.000000000000000000e+00 -7.202762880567651269e-08
5.000000000000000000e+00 8.000000000000000000e+00 -4.469300082176606883e-08
5.000000000000000000e+00 9.000000000000000000e+00 2.717234366276307880e-09
5.000000000000000000e+00 1.000000000000000000e+01 -3.075784270428518950e-09
5.000000000000000000e+00 1.100000000000000000e+01 1.505198937569395413e-08
5.000000000000000000e+00 1.200000000000000000e+01 2.964217813057794617e-08
5.000000000000000000e+00 1.300000000000000000e+01 -1.154521154170285667e-09
5.000000000000000000e+00 1.400000000000000000e+01 -3.143823672718912996e-08
5.000000000000000000e+00 1.500000000000000000e+01 -1.901702950860002341e-08
5.000000000000000000e+00 1.600000000000000000e+01 2.027150401020778118e-08
5.000000000000000000e+00 1.700000000000000000e+01 3.071199244239233957e-08
5.000000000000000000e+00 1.800000000000000000e+01 -7.638724593678627528e-09
5.000000000000000000e+00 1.900000000000000000e+01 -3.072084217793240970e-08
5.000000000000000000e+00 2.000000000000000000e+01 -8.102692110102827604e-10
6.000000000000000000e+00 0.000000000000000000e+00 2.510058678779587671e-06
6.000000000000000000e+00 1.000000000000000000e+00 5.963427148457750536e-07
6.000000000000000000e+00 2.000000000000000000e+00 2.993816912980957934e-07
6.000000000000000000e+00 3.000000000000000000e+00 -1.742239978584194007e-07
6.000000000000000000e+00 4.000000000000000000e+00 -2.578389020507267108e-07
6.000000000000000000e+00 5.000000000000000000e+00 1.039309433978863264e-07
6.000000000000000000e+00 6.000000000000000000e+00 1.319086309735371869e-07
6.000000000000000000e+00 7.000000000000000000e+00 -8.751494889146695542e-08
6.000000000000000000e+00 8.000000000000000000e+00 -8.709081372087644779e-08
6.000000000000000000e+00 9.000000000000000000e+00 6.632235290656747481e-08
6.000000000000000000e+00 1.000000000000000000e+01 8.477564386145719664e-08
6.000000000000000000e+00 1.100000000000000000e+01 -3.614723083875231334e-08
6.000000000000000000e+00 1.200000000000000000e+01 -8.814045974949465941e-08
6.000000000000000000e+00 1.300000000000000000e+01 4.973157126097931853e-09
6.000000000000000000e+00 1.400000000000000000e+01 7.853308387197202169e-08
6.000000000000000000e+00 1.500000000000000000e+01 1.822045323176326493e-08
6.000000000000000000e+00 1.600000000000000000e+01 -5.436765735170947460e-08
6.000000000000000000e+00 1.700000000000000000e+01 -2.926545787247980331e-08
6.000000000000000000e+00 1.800000000000000000e+01 2.402930254115193946e-08
6.000000000000000000e+00 1.900000000000000000e+01 2.970310268515421500e-08
7.000000000000000000e+00 0.000000000000000000e+00 3.687997033182915309e-07
7.000000000000000000e+00 1.000000000000000000e+00 -1.176281917191168786e-06
7.000000000000000000e+00 2.000000000000000000e+00 -2.415837188682692385e-07
7.000000000000000000e+00 3.000000000000000000e+00 1.420622745975054913e-07
7.000000000000000000e+00 4.000000000000000000e+00 1.597149113767638210e-07
7.000000000000000000e+00 5.000000000000000000e+00 1.207375180928866959e-07
7.000000000000000000e+00 6.000000000000000000e+00 -1.161678814113661468e-07
7.000000000000000000e+00 7.000000000000000000e+00 -1.209137348697847100e-07
7.000000000000000000e+00 8.000000000000000000e+00 1.008487295799654855e-07
7.000000000000000000e+00 9.000000000000000000e+00 8.666711542694499634e-08
7.000000000000000000e+00 1.000000000000000000e+01 -8.962809492164315335e-08
7.000000000000000000e+00 1.100000000000000000e+01 -7.634214626425660750e-08
7.000000000000000000e+00 1.200000000000000000e+01 6.998896408898750202e-08
7.000000000000000000e+00 1.300000000000000000e+01 8.473701290382819071e-08
7.000000000000000000e+00 1.400000000000000000e+01 -4.263690863321249989e-08
7.000000000000000000e+00 1.500000000000000000e+01 -9.416375555037796793e-08
7.000000000000000000e+00 1.600000000000000000e+01 1.392296278201816027e-08
7.000000000000000000e+00 1.700000000000000000e+01 9.315416691511545198e-08
7.000000000000000000e+00 1.800000000000000000e+01 1.035347465406860040e-08
8.000000000000000000e+00 0.000000000000000000e+00 2.495049557934378481e-06
8.000000000000000000e+00 1.000000000000000000e+00 7.249472655465361192e-07
8.000000000000000000e+00 2.000000000000000000e+00 2.066239348556613112e-07
8.000000000000000000e+00 3.000000000000000000e+00 -5.472314761646290767e-07
8.000000000000000000e+00 4.000000000000000000e+00 -3.995120963018153506e-07
8.000000000000000000e+00 5.000000000000000000e+00 2.854103492218045850e-07
8.000000000000000000e+00 6.000000000000000000e+00 3.236915034986880087e-07
8.000000000000000000e+00 7.000000000000000000e+00 -7.848986933059836022e-08
8.000000000000000000e+00 8.000000000000000000e+00 -2.425031944176088423e-07
8.000000000000000000e+00 9.000000000000000000e+00 -5.900894987037248630e-08
8.000000000000000000e+00 1.000000000000000000e+01 1.736008990388197828e-07
8.000000000000000000e+00 1.100000000000000000e+01 1.344557888725413924e-07
8.000000000000000000e+00 1.200000000000000000e+01 -1.114795198067082946e-07
8.000000000000000000e+00 1.300000000000000000e+01 -1.616977562422960358e-07
8.000000000000000000e+00 1.400000000000000000e+01 5.436988345337582322e-08
8.000000000000000000e+00 1.500000000000000000e+01 1.571578121728768733e-07
8.000000000000000000e+00 1.600000000000000000e+01 -3.801104804940871306e-09
8.000000000000000000e+00 1.700000000000000000e+01 -1.357178173829872401e-07
9.000000000000000000e+00 0.000000000000000000e+00 1.841058345899686661e-07
9.000000000000000000e+00 1.000000000000000000e+00 -1.532802517166878076e-06
9.000000000000000000e+00 2.000000000000000000e+00 -2.848336612097036352e-07
9.000000000000000000e+00 3.000000000000000000e+00 5.392165996034337144e-07
9.000000000000000000e+00 4.000000000000000000e+00 4.958202741636427852e-07
9.000000000000000000e+00 5.000000000000000000e+00 -4.964424378713057779e-08
9.000000000000000000e+00 6.000000000000000000e+00 -5.105680521901811044e-07
9.000000000000000000e+00 7.000000000000000000e+00 -1.577674138702054411e-07
9.000000000000000000e+00 8.000000000000000000e+00 4.137110197384310487e-07
9.000000000000000000e+00 9.000000000000000000e+00 2.455331241564949541e-07
9.000000000000000000e+00 1.000000000000000000e+01 -2.749968967372940889e-07
9.000000000000000000e+00 1.100000000000000000e+01 -2.772970337713347894e-07
9.000000000000000000e+00 1.200000000000000000e+01 1.404590656854069889e-07
9.000000000000000000e+00 1.300000000000000000e+01 2.761738382745076187e-07
9.000000000000000000e+00 1.400000000000000000e+01 -3.386002039152663313e-08
9.000000000000000000e+00 1.500000000000000000e+01 -2.534966458462563697e-07
9.000000000000000000e+00 1.600000000000000000e+01 -3.965266051765598861e-08
1.000000000000000000e+01 0.000000000000000000e+00 2.865746460467261403e-06
1.000000000000000000e+01 1.000000000000000000e+00 1.160105747468889813e-06
1.000000000000000000e+01 2.000000000000000000e+00 2.946415260793030627e-07
1.000000000000000000e+01 3.000000000000000000e+00 -9.573849075778665493e-07
1.000000000000000000e+01 4.000000000000000000e+00 -7.676931475866658137e-07
1.000000000000000000e+01 5.000000000000000000e+00 4.622625396065185872e-07
1.000000000000000000e+01 6.000000000000000000e+00 7.592256611198909356e-07
1.000000000000000000e+01 7.000000000000000000e+00 -3.745786308964853411e-08
1.000000000000000000e+01 8.000000000000000000e+00 -6.027596830933833116e-07
1.000000000000000000e+01 9.000000000000000000e+00 -2.327644087590328977e-07
1.000000000000000000e+01 1.000000000000000000e+01 4.113773424704772126e-07
1.000000000000000000e+01 1.100000000000000000e+01 3.637307640076598850e-07
1.000000000000000000e+01 1.200000000000000000e+01 -2.367921470549470778e-07
1.000000000000000000e+01 1.300000000000000000e+01 -3.969493834125476115e-07
1.000000000000000000e+01 1.400000000000000000e+01 9.542587632632858542e-08
1.000000000000000000e+01 1.500000000000000000e+01 3.718425874522035610e-07
1.100000000000000000e+01 0.000000000000000000e+00 -2.165083637833644606e-07
1.100000000000000000e+01 1.000000000000000000e+00 -2.307754976054666977e-06
1.100000000000000000e+01 2.000000000000000000e+00 -4.168737037444888482e-07
1.100000000000000000e+01 3.000000000000000000e+00 1.087549822082933271e-06
1.100000000000000000e+01 4.000000000000000000e+00 8.315828600637765889e-07
1.100000000000000000e+01 5.000000000000000000e+00 -2.921537183397906214e-07
1.100000000000000000e+01 6.000000000000000000e+00 -8.899267846156229201e-07
1.100000000000000000e+01 7.000000000000000000e+00 -1.612860791845285639e-07
1.100000000000000000e+01 8.000000000000000000e+00 7.393309305850250389e-07
1.100000000000000000e+01 9.000000000000000000e+00 3.955675646122989340e-07
1.100000000000000000e+01 1.000000000000000000e+01 -5.081705408954164522e-07
1.100000000000000000e+01 1.100000000000000000e+01 -4.940955500240161517e-07
1.100000000000000000e+01 1.200000000000000000e+01 2.758514698320148482e-07
1.100000000000000000e+01 1.300000000000000000e+01 5.093853389904438971e-07
1.100000000000000000e+01 1.400000000000000000e+01 -8.124990867717169972e-08
1.200000000000000000e+01 0.000000000000000000e+00 3.305281350185738485e-06
1.200000000000000000e+01 1.000000000000000000e+00 1.433847673586765525e-06
1.200000000000000000e+01 2.000000000000000000e+00 4.767454733033795874e-07
1.200000000000000000e+01 3.000000000000000000e+00 -1.145058311143456807e-06
1.200000000000000000e+01 4.000000000000000000e+00 -1.129511190484715964e-06
1.200000000000000000e+01 5.000000000000000000e+00 5.574071132419277729e-07
1.200000000000000000e+01 6.000000000000000000e+00 1.134922712935235274e-06
1.200000000000000000e+01 7.000000000000000000e+00 -3.106109587062154082e-08
1.200000000000000000e+01 8.000000000000000000e+00 -9.038196497696015892e-07
1.200000000000000000e+01 9.000000000000000000e+00 -3.176893762115407553e-07
1.200000000000000000e+01 1.000000000000000000e+01 6.145755180621647361e-07
1.200000000000000000e+01 1.100000000000000000e+01 4.987525412302813604e-07
1.200000000000000000e+01 1.200000000000000000e+01 -3.495234848161042352e-07
1.200000000000000000e+01 1.300000000000000000e+01 -5.565100994020313639e-07
1.300000000000000000e+01 0.000000000000000000e+00 -2.564178189317363364e-07
1.300000000000000000e+01 1.000000000000000000e+00 -2.707366368317682760e-06
1.300000000000000000e+01 2.000000000000000000e+00 -4.683001733812011661e-07
1.300000000000000000e+01 3.000000000000000000e+00 1.334208671347442834e-06
1.300000000000000000e+01 4.000000000000000000e+00 8.596578747063727240e-07
1.300000000000000000e+01 5.000000000000000000e+00 -3.888853906030443555e-07
1.300000000000000000e+01 6.000000000000000000e+00 -9.477270520260102942e-07
1.300000000000000000e+01 7.000000000000000000e+00 -1.842596003910355279e-07
1.300000000000000000e+01 8.000000000000000000e+00 8.194120944465984150e-07
1.300000000000000000e+01 9.000000000000000000e+00 4.848697161887679119e-07
1.300000000000000000e+01 1.000000000000000000e+01 -5.892320692248886014e-07
1.300000000000000000e+01 1.100000000000000000e+01 -6.052159549768588548e-07
1.300000000000000000e+01 1.200000000000000000e+01 3.423699232131791344e-07
1.400000000000000000e+01 0.000000000000000000e+00 3.035721670681114490e-06
1.400000000000000000e+01 1.000000000000000000e+00 8.396250107266712190e-07
1.400000000000000000e+01 2.000000000000000000e+00 4.629987498611563399e-07
1.400000000000000000e+01 3.000000000000000000e+00 -7.379468736026690767e-07
1.400000000000000000e+01 4.000000000000000000e+00 -1.089419799529541317e-06
1.400000000000000000e+01 5.000000000000000000e+00 3.973609562347206975e-07
1.400000000000000000e+01 6.000000000000000000e+00 1.080473719429411112e-06
1.400000000000000000e+01 7.000000000000000000e+00 -4.301377479862826149e-08
1.400000000000000000e+01 8.000000000000000000e+00 -8.434124176083577894e-07
1.400000000000000000e+01 9.000000000000000000e+00 -2.199836817755413289e-07
1.400000000000000000e+01 1.000000000000000000e+01 5.563286313833233472e-07
1.400000000000000000e+01 1.100000000000000000e+01 3.736614675303120287e-07
1.500000000000000000e+01 0.000000000000000000e+00 5.616678999587585797e-07
1.500000000000000000e+01 1.000000000000000000e+00 -2.096428230630785089e-06
1.500000000000000000e+01 2.000000000000000000e+00 -2.010432929916715351e-07
1.500000000000000000e+01 3.000000000000000000e+00 1.019139662872387817e-06
1.500000000000000000e+01 4.000000000000000000e+00 2.962318402881611948e-07
1.500000000000000000e+01 5.000000000000000000e+00 -2.632575864524029649e-07
1.500000000000000000e+01 6.000000000000000000e+00 -3.722508826646954317e-07
1.500000000000000000e+01 7.000000000000000000e+00 -1.692957239754487905e-07
1.500000000000000000e+01 8.000000000000000000e+00 3.719699072926397140e-07
1.500000000000000000e+01 9.000000000000000000e+00 3.758950088617331192e-07
1.500000000000000000e+01 1.000000000000000000e+01 -3.074810849936219639e-07
1.600000000000000000e+01 0.000000000000000000e+00 1.915243549754958559e-06
1.600000000000000000e+01 1.000000000000000000e+00 -7.245794863724548216e-07
1.600000000000000000e+01 2.000000000000000000e+00 2.120003939414358697e-07
1.600000000000000000e+01 3.000000000000000000e+00 2.064848261547738470e-07
1.600000000000000000e+01 4.000000000000000000e+00 -5.452788660108475131e-07
1.600000000000000000e+01 5.000000000000000000e+00 3.997984244297770468e-08
1.600000000000000000e+01 6.000000000000000000e+00 4.993351608902084290e-07
1.600000000000000000e+01 7.000000000000000000e+00 -1.103325049868026878e-07
1.600000000000000000e+01 8.000000000000000000e+00 -3.419173435417737383e-07
1.600000000000000000e+01 9.000000000000000000e+00 9.318510089151083500e-08
1.700000000000000000e+01 0.000000000000000000e+00 1.812875495850396073e-06
1.700000000000000000e+01 1.000000000000000000e+00 -9.339370771524200800e-07
1.700000000000000000e+01 2.000000000000000000e+00 2.107879089923195639e-07
1.700000000000000000e+01 3.000000000000000000e+00 3.671395383543596835e-07
1.700000000000000000e+01 4.000000000000000000e+00 -5.365376590048022437e-07
1.700000000000000000e+01 5.000000000000000000e+00 -1.383178586365759210e-08
1.700000000000000000e+01 6.000000000000000000e+00 4.673746830080652652e-07
1.700000000000000000e+01 7.000000000000000000e+00 -1.339226222367610144e-07
1.700000000000000000e+01 8.000000000000000000e+00 -2.959950865126848683e-07
1.800000000000000000e+01 0.000000000000000000e+00 9.103461204126948895e-07
1.800000000000000000e+01 1.000000000000000000e+00 -1.951227197964140261e-06
1.800000000000000000e+01 2.000000000000000000e+00 4.535728738647918635e-08
1.800000000000000000e+01 3.000000000000000000e+00 9.397850560225384736e-07
1.800000000000000000e+01 4.000000000000000000e+00 -1.009695648853234325e-07
1.800000000000000000e+01 5.000000000000000000e+00 -2.235418804461420660e-07
1.800000000000000000e+01 6.000000000000000000e+00 1.279182086176352703e-08
1.800000000000000000e+01 7.000000000000000000e+00 -1.853360882270992088e-07
1.900000000000000000e+01 0.000000000000000000e+00 2.063842135682953453e-06
1.900000000000000000e+01 1.000000000000000000e+00 -5.433107426914269110e-07
1.900000000000000000e+01 2.000000000000000000e+00 4.392819878912891564e-07
1.900000000000000000e+01 3.000000000000000000e+00 1.384883213098800576e-07
1.900000000000000000e+01 4.000000000000000000e+00 -8.838545142714022533e-07
1.900000000000000000e+01 5.000000000000000000e+00 9.046600960103792041e-08
1.900000000000000000e+01 6.000000000000000000e+00 7.947497267279993590e-07
2.000000000000000000e+01 0.000000000000000000e+00 8.603582429549605998e-07
2.000000000000000000e+01 1.000000000000000000e+00 -1.708084042899772531e-06
2.000000000000000000e+01 2.000000000000000000e+00 2.071548096164983191e-07
2.000000000000000000e+01 3.000000000000000000e+00 8.123945520145529582e-07
2.000000000000000000e+01 4.000000000000000000e+00 -2.866982296396647508e-07
2.000000000000000000e+01 5.000000000000000000e+00 -1.581592781877436711e-07
2.100000000000000000e+01 0.000000000000000000e+00 1.155816935951576859e-06
2.100000000000000000e+01 1.000000000000000000e+00 -1.083614944238811504e-06
2.100000000000000000e+01 2.000000000000000000e+00 3.467910495328848820e-07
2.100000000000000000e+01 3.000000000000000000e+00 4.354944850429299666e-07
2.100000000000000000e+01 4.000000000000000000e+00 -5.519870025999226642e-07
2.200000000000000000e+01 0.000000000000000000e+00 1.161548308299086194e-06
2.200000000000000000e+01 1.000000000000000000e+00 -7.033434460516985006e-07
2.200000000000000000e+01 2.000000000000000000e+00 3.973322172298157289e-07
2.200000000000000000e+01 3.000000000000000000e+00 2.404051931476801411e-07
2.300000000000000000e+01 0.000000000000000000e+00 3.374333461652286383e-07
2.300000000000000000e+01 1.000000000000000000e+00 -1.188002865349552088e-06
2.300000000000000000e+01 2.000000000000000000e+00 2.089277343940649439e-07
2.400000000000000000e+01 0.000000000000000000e+00 7.152719263466327459e-07
2.400000000000000000e+01 1.000000000000000000e+00 -2.779577945447267564e-07
0.000000000000000000e+00 0.000000000000000000e+00 0.000000000000000000e+00
0.000000000000000000e+00 0.000000000000000000e+00 0.000000000000000000e+00
