0.000000000000000000e+00 0.000000000000000000e+00 7.763284895387777447e-04
0.000000000000000000e+00 1.000000000000000000e+00 -1.508320575419550013e-04
0.000000000000000000e+00 2.000000000000000000e+00 3.541295394671543624e-05
0.000000000000000000e+00 3.000000000000000000e+00 -5.849508375521619044e-06
0.000000000000000000e+00 4.000000000000000000e+00 -1.563932936457598974e-06
0.000000000000000000e+00 5.000000000000000000e+00 1.490231293774729635e-06
0.000000000000000000e+00 6.000000000000000000e+00 -3.112128978583478759e-06
0.000000000000000000e+00 7.000000000000000000e+00 1.524258594725432368e-06
0.000000000000000000e+00 8.000000000000000000e+00 -1.459447975100653582e-06
0.000000000000000000e+00 9.000000000000000000e+00 3.068092732809236011e-07
0.000000000000000000e+00 1.000000000000000000e+01 7.671153498932787419e-07
0.000000000000000000e+00 1.100000000000000000e+01 -5.021856584437942285e-07
0.000000000000000000e+00 1.200000000000000000e+01 8.273035104016388074e-07
0.000000000000000000e+00 1.300000000000000000e+01 -1.994889366556734872e-07
0.000000000000000000e+00 1.400000000000000000e+01 -7.407448824287009791e-07
0.000000000000000000e+00 1.500000000000000000e+01 3.210783613786210779e-07
0.000000000000000000e+00 1.600000000000000000e+01 -1.109098653015916711e-07
0.000000000000000000e+00 1.700000000000000000e+01 6.800786015568927893e-08
0.000000000000000000e+00 1.800000000000000000e+01 5.117201940881661718e-07
0.000000000000000000e+00 1.900000000000000000e+01 -3.381439535612689937e-07
0.000000000000000000e+00 2.000000000000000000e+01 -2.855288716419750295e-07
0.000000000000000000e+00 2.100000000000000000e+01 2.455274575299408056e-07
0.000000000000000000e+00 2.200000000000000000e+01 -1.088890642381037114e-07
0.000000000000000000e+00 2.300000000000000000e+01 8.139681613658827984e-09
0.000000000000000000e+00 2.400000000000000000e+01 2.717839956057063805e-07
1.000000000000000000e+00 0.000000000000000000e+00 1.471313329497992122e-04
1.000000000000000000e+00 1.000000000000000000e+00 -6.121323022312335973e-05
1.000000000000000000e+00 2.000000000000000000e+00 1.169042023360603422e-05
1.000000000000000000e+00 3.000000000000000000e+00 -7.866348515973446142e-06
1.000000000000000000e+00 4.000000000000000000e+00 1.733318360807997744e-06
1.000000000000000000e+00 5.000000000000000000e+00 -1.026840347368866957e-06
1.000000000000000000e+00 6.000000000000000000e+00 7.502968701711483175e-07
1.000000000000000000e+00 7.000000000000000000e+00 5.773982507272052874e-07
1.000000000000000000e+00 8.000000000000000000e+00 -6.033666251193858745e-07
1.000000000000000000e+00 9.000000000000000000e+00 1.166123424857535304e-06
1.000000000000000000e+00 1.000000000000000000e+01 -7.132755337437518781e-07
1.000000000000000000e+00 1.100000000000000000e+01 -4.280070830039976107e-07
1.000000000000000000e+00 1.200000000000000000e+01 4.507957593815538871e-07
1.000000000000000000e+00 1.300000000000000000e+01 -4.453216502708820065e-07
1.000000000000000000e+00 1.400000000000000000e+01 4.210971710644499299e-07
1.000000000000000000e+00 1.500000000000000000e+01 2.446424373209306175e-07
1.000000000000000000e+00 1.600000000000000000e+01 -5.769319239901624631e-07
1.000000000000000000e+00 1.700000000000000000e+01 3.772231617244981079e-07
1.000000000000000000e+00 1.800000000000000000e+01 1.466506480581749683e-08
1.000000000000000000e+00 1.900000000000000000e+01 -5.975109053406958772e-07
1.000000000000000000e+00 2.000000000000000000e+01 5.424830664465029120e-07
1.000000000000000000e+00 2.100000000000000000e+01 3.003653556565006354e-07
1.000000000000000000e+00 2.200000000000000000e+01 -6.043039804877935850e-07
1.000000000000000000e+00 2.300000000000000000e+01 1.295890967132471512e-07
1.000000000000000000e+00 2.400000000000000000e+01 2.324863808379062832e-07
2.000000000000000000e+00 0.000000000000000000e+00 -3.000852998497986746e-05
2.000000000000000000e+00 1.000000000000000000e+00 -6.992758989767906076e-06
2.000000000000000000e+00 2.000000000000000000e+00 -4.643084163942761120e-06
2.000000000000000000e+00 3.000000000000000000e+00 -4.074700989043623275e-06
2.000000000000000000e+00 4.000000000000000000e+00 1.133934689782089878e-06
2.000000000000000000e+00 5.000000000000000000e+00 -1.106184411634434648e-06
2.000000000000000000e+00 6.000000000000000000e+00 9.349496704689451915e-07
2.000000000000000000e+00 7.000000000000000000e+00 4.471058485501550574e-07
2.000000000000000000e+00 8.000000000000000000e+00 -6.535584844855860325e-08
2.000000000000000000e+00 9.000000000000000000e+00 4.289091756881986183e-07
2.000000000000000000e+00 1.000000000000000000e+01 -2.773629348903827094e-07
2.000000000000000000e+00 1.100000000000000000e+01 -9.909837847485158014e-08
2.000000000000000000e+00 1.200000000000000000e+01 -1.496909118474309815e-07
2.000000000000000000e+00 1.300000000000000000e+01 -2.986109469458322886e-07
2.000000000000000000e+00 1.400000000000000000e+01 4.034769551582976226e-07
2.000000000000000000e+00 1.500000000000000000e+01 2.246405078946433900e-07
2.000000000000000000e+00 1.600000000000000000e+01 -1.820024335446895658e-07
2.000000000000000000e+00 1.700000000000000000e+01 6.298236705883089400e-08
2.000000000000000000e+00 1.800000000000000000e+01 -1.755300032879738860e-07
2.000000000000000000e+00 1.900000000000000000e+01 -2.284441810540548092e-07
2.000000000000000000e+00 2.000000000000000000e+01 3.051420853492285980e-07
2.000000000000000000e+00 2.100000000000000000e+01 2.087563307061214454e-07
2.000000000000000000e+00 2.200000000000000000e+01 -1.518881395588075319e-07
2.000000000000000000e+00 2.300000000000000000e+01 -1.300166515925078814e-07
3.000000000000000000e+00 0.000000000000000000e+00 -1.479409181283893351e-05
3.000000000000000000e+00 1.000000000000000000e+00 -6.141109515649571202e-06
3.000000000000000000e+00 2.000000000000000000e+00 2.874162376843269943e-07
3.000000000000000000e+00 3.000000000000000000e+00 2.448400853699480818e-06
3.000000000000000000e+00 4.000000000000000000e+00 1.233180392455620426e-06
3.000000000000000000e+00 5.000000000000000000e+00 2.413017688396332984e-07
3.000000000000000000e+00 6.000000000000000000e+00 1.355868237384807797e-07
3.000000000000000000e+00 7.000000000000000000e+00 -2.339169652316212867e-07
3.000000000000000000e+00 8.000000000000000000e+00 -5.609627708273759112e-07
3.000000000000000000e+00 9.000000000000000000e+00 -5.633998554816762101e-08
3.000000000000000000e+00 1.000000000000000000e+01 5.526176539534759555e-08
3.000000000000000000e+00 1.100000000000000000e+01 5.873090848241235072e-08
3.000000000000000000e+00 1.200000000000000000e+01 4.096930657932330264e-07
3.000000000000000000e+00 1.300000000000000000e+01 -8.764961667819433711e-09
3.000000000000000000e+00 1.400000000000000000e+01 -4.090239963995198540e-07
3.000000000000000000e+00 1.500000000000000000e+01 4.209178708179175686e-08
3.000000000000000000e+00 1.600000000000000000e+01 1.138594915946745767e-07
3.000000000000000000e+00 1.700000000000000000e+01 -1.086726857009079106e-07
3.000000000000000000e+00 1.800000000000000000e+01 1.533571829722829546e-07
3.000000000000000000e+00 1.900000000000000000e+01 1.325115809564411498e-07
3.000000000000000000e+00 2.000000000000000000e+01 -2.265686744295338527e-07
3.000000000000000000e+00 2.100000000000000000e+01 -9.770114587761104087e-08
3.000000000000000000e+00 2.200000000000000000e+01 1.375321270822228657e-07
4.000000000000000000e+00 0.000000000000000000e+00 -1.690869464535359258e-05
4.000000000000000000e+00 1.000000000000000000e+00 1.703499448065591462e-06
4.000000000000000000e+00 2.000000000000000000e+00 8.738175368828721628e-07
4.000000000000000000e+00 3.000000000000000000e+00 1.534883457891315549e-06
4.000000000000000000e+00 4.000000000000000000e+00 3.503888792055741150e-07
4.000000000000000000e+00 5.000000000000000000e+00 8.235623922983282786e-07
4.000000000000000000e+00 6.000000000000000000e+00 4.621070323269675623e-07
4.000000000000000000e+00 7.000000000000000000e+00 -3.825552797248348190e-07
4.000000000000000000e+00 8.000000000000000000e+00 -5.895584148495038057e-07
4.000000000000000000e+00 9.000000000000000000e+00 -2.619017383068604896e-07
4.000000000000000000e+00 1.000000000000000000e+01 1.647651123065127580e-07
4.000000000000000000e+00 1.100000000000000000e+01 2.522726083835933286e-07
4.000000000000000000e+00 1.200000000000000000e+01 1.300700992778555143e-07
4.000000000000000000e+00 1.300000000000000000e+01 -3.829306444079659896e-08
4.000000000000000000e+00 1.400000000000000000e+01 -7.449638636264992164e-08
4.000000000000000000e+00 1.500000000000000000e+01 -3.615877884765664319e-08
4.000000000000000000e+00 1.600000000000000000e+01 -1.342744252096351570e-07
4.000000000000000000e+00 1.700000000000000000e+01 -7.468779313697971682e-09
4.000000000000000000e+00 1.800000000000000000e+01 2.489276923634880809e-07
4.000000000000000000e+00 1.900000000000000000e+01 3.052623116799536211e-08
4.000000000000000000e+00 2.000000000000000000e+01 -1.897879621657029640e-07
4.000000000000000000e+00 2.100000000000000000e+01 2.985620309971898659e-08
5.000000000000000000e+00 0.000000000000000000e+00 -6.735645279312308638e-06
5.000000000000000000e+00 1.000000000000000000e+00 4.962517147612414956e-06
5.000000000000000000e+00 2.000000000000000000e+00 2.511178066037134391e-07
5.000000000000000000e+00 3.000000000000000000e+00 1.117113252200984474e-06
5.000000000000000000e+00 4.000000000000000000e+00 -8.495110142266036676e-07
5.000000000000000000e+00 5.000000000000000000e+00 -6.564359434819699204e-07
5.000000000000000000e+00 6.000000000000000000e+00 -5.366670844620658009e-07
5.000000000000000000e+00 7.000000000000000000e+00 1.102236215940175122e-08
5.000000000000000000e+00 8.000000000000000000e+00 4.927421810396188816e-07
5.000000000000000000e+00 9.000000000000000000e+00 2.268620421367616256e-07
5.000000000000000000e+00 1.000000000000000000e+01 1.145861786066807327e-07
5.000000000000000000e+00 1.100000000000000000e+01 -2.504188081231766485e-07
5.000000000000000000e+00 1.200000000000000000e+01 -2.930347386258607919e-07
5.000000000000000000e+00 1.300000000000000000e+01 1.655760650509641699e-07
5.000000000000000000e+00 1.400000000000000000e+01 6.503906475108159578e-08
5.000000000000000000e+00 1.500000000000000000e+01 -5.028713776099801043e-08
5.000000000000000000e+00 1.600000000000000000e+01 1.603858501637368713e-07
5.000000000000000000e+00 1.700000000000000000e+01 -2.214976987407962806e-08
5.000000000000000000e+00 1.800000000000000000e+01 -1.593315390948236532e-07
5.000000000000000000e+00 1.900000000000000000e+01 1.983344403918760764e-08
5.000000000000000000e+00 2.000000000000000000e+01 -1.209592889522536304e-08
6.000000000000000000e+00 0.000000000000000000e+00 1.889761123578000248e-06
6.000000000000000000e+00 1.000000000000000000e+00 2.228565779901197519e-06
6.000000000000000000e+00 2.000000000000000000e+00 7.532688979402334552e-07
6.000000000000000000e+00 3.000000000000000000e+00 5.837066917456222893e-07
6.000000000000000000e+00 4.000000000000000000e+00 -1.022664282271415186e-06
6.000000000000000000e+00 5.000000000000000000e+00 -4.286101634074446920e-07
6.000000000000000000e+00 6.000000000000000000e+00 -3.952047153137714929e-07
6.000000000000000000e+00 7.000000000000000000e+00 -7.776970374513792328e-08
6.000000000000000000e+00 8.000000000000000000e+00 2.759771951871703025e-07
6.000000000000000000e+00 9.000000000000000000e+00 3.792744818490166817e-07
6.000000000000000000e+00 1.000000000000000000e+01 1.905842576736717863e-07
6.000000000000000000e+00 1.100000000000000000e+01 -3.517180019687428768e-07
6.000000000000000000e+00 1.200000000000000000e+01 -1.990173893712185911e-07
6.000000000000000000e+00 1.300000000000000000e+01 1.475619477703628082e-07
6.000000000000000000e+00 1.400000000000000000e+01 -6.220804967252012819e-08
6.000000000000000000e+00 1.500000000000000000e+01 1.955550762849346547e-08
6.000000000000000000e+00 1.600000000000000000e+01 2.107048777291698316e-07
6.000000000000000000e+00 1.700000000000000000e+01 -5.675752289763276744e-08
6.000000000000000000e+00 1.800000000000000000e+01 -1.299326355557358838e-07
6.000000000000000000e+00 1.900000000000000000e+01 6.419056518734710380e-09
7.000000000000000000e+00 0.000000000000000000e+00 1.980643982331017748e-06
7.000000000000000000e+00 1.000000000000000000e+00 1.996746626064156207e-06
7.000000000000000000e+00 2.000000000000000000e+00 -7.853527215912397425e-07
7.000000000000000000e+00 3.000000000000000000e+00 -1.022819725557623658e-06
7.000000000000000000e+00 4.000000000000000000e+00 -4.837320814397029914e-07
7.000000000000000000e+00 5.000000000000000000e+00 4.963840369694005460e-07
7.000000000000000000e+00 6.000000000000000000e+00 5.461156004577369186e-07
7.000000000000000000e+00 7.000000000000000000e+00 1.517588379604958893e-07
7.000000000000000000e+00 8.000000000000000000e+00 -9.780407895568390013e-08
7.000000000000000000e+00 9.000000000000000000e+00 -2.686932109536452290e-07
7.000000000000000000e+00 1.000000000000000000e+01 -2.053479819551347106e-07
7.000000000000000000e+00 1.100000000000000000e+01 1.056579999116103175e-07
7.000000000000000000e+00 1.200000000000000000e+01 1.455824675121108917e-07
7.000000000000000000e+00 1.300000000000000000e+01 1.245064830953601985e-08
7.000000000000000000e+00 1.400000000000000000e+01 1.014108212137542764e-07
7.000000000000000000e+00 1.500000000000000000e+01 -2.256434024947013078e-08
7.000000000000000000e+00 1.600000000000000000e+01 -2.707005961551938531e-07
7.000000000000000000e+00 1.700000000000000000e+01 -3.807267687037810054e-09
7.000000000000000000e+00 1.800000000000000000e+01 2.421419813263405220e-07
8.000000000000000000e+00 0.000000000000000000e+00 3.192383297534167350e-06
8.000000000000000000e+00 1.000000000000000000e+00 -6.228888426410394803e-07
8.000000000000000000e+00 2.000000000000000000e+00 -8.225693122008742130e-07
8.000000000000000000e+00 3.000000000000000000e+00 -8.074297514517360326e-07
8.000000000000000000e+00 4.000000000000000000e+00 3.722240080530359763e-07
8.000000000000000000e+00 5.000000000000000000e+00 1.914155785226153872e-07
8.000000000000000000e+00 6.000000000000000000e+00 2.436592026263811985e-07
8.000000000000000000e+00 7.000000000000000000e+00 2.383563583156615404e-07
8.000000000000000000e+00 8.000000000000000000e+00 5.681236190582386833e-08
8.000000000000000000e+00 9.000000000000000000e+00 -3.214296162257034402e-07
8.000000000000000000e+00 1.000000000000000000e+01 -3.155338249585225159e-07
8.000000000000000000e+00 1.100000000000000000e+01 1.756916076279447120e-07
8.000000000000000000e+00 1.200000000000000000e+01 1.794079286246935131e-07
8.000000000000000000e+00 1.300000000000000000e+01 7.191252661763464505e-09
8.000000000000000000e+00 1.400000000000000000e+01 7.550020847368276215e-08
8.000000000000000000e+00 1.500000000000000000e+01 -8.195540456111477038e-08
8.000000000000000000e+00 1.600000000000000000e+01 -1.704298140343862406e-07
8.000000000000000000e+00 1.700000000000000000e+01 2.853990010367450408e-08
9.000000000000000000e+00 0.000000000000000000e+00 1.505585526700263360e-06
9.000000000000000000e+00 1.000000000000000000e+00 -2.570374185244923224e-06
9.000000000000000000e+00 2.000000000000000000e+00 1.713505748504937387e-07
9.000000000000000000e+00 3.000000000000000000e+00 -1.583666204800155325e-07
9.000000000000000000e+00 4.000000000000000000e+00 9.245332876362720320e-07
9.000000000000000000e+00 5.000000000000000000e+00 2.458221502989469486e-08
9.000000000000000000e+00 6.000000000000000000e+00 -1.585421365546503904e-07
9.000000000000000000e+00 7.000000000000000000e+00 -2.863753609774532082e-07
9.000000000000000000e+00 8.000000000000000000e+00 -2.622736521966283141e-07
9.000000000000000000e+00 9.000000000000000000e+00 1.363375294117586224e-07
9.000000000000000000e+00 1.000000000000000000e+01 2.584308659311533574e-07
9.000000000000000000e+00 1.100000000000000000e+01 1.512690475683076119e-07
9.000000000000000000e+00 1.200000000000000000e+01 -8.028799383771365099e-08
9.000000000000000000e+00 1.300000000000000000e+01 -2.043597287094895709e-07
9.000000000000000000e+00 1.400000000000000000e+01 -1.219426584398930341e-07
9.000000000000000000e+00 1.500000000000000000e+01 5.785645022207893283e-08
9.000000000000000000e+00 1.600000000000000000e+01 2.473826522132288653e-07
1.000000000000000000e+01 0.000000000000000000e+00 -1.409519481023199658e-06
1.000000000000000000e+01 1.000000000000000000e+00 -7.953433132015002715e-07
1.000000000000000000e+01 2.000000000000000000e+00 -7.242924558294226700e-09
1.000000000000000000e+01 3.000000000000000000e+00 2.524120870251695528e-07
1.000000000000000000e+01 4.000000000000000000e+00 4.609462220684565824e-07
1.000000000000000000e+01 5.000000000000000000e+00 -9.141674392562240920e-08
1.000000000000000000e+01 6.000000000000000000e+00 -2.067474570543966760e-07
1.000000000000000000e+01 7.000000000000000000e+00 -1.874083155847572262e-07
1.000000000000000000e+01 8.000000000000000000e+00 -1.061932873682250999e-07
1.000000000000000000e+01 9.000000000000000000e+00 1.286367026637436135e-07
1.000000000000000000e+01 1.000000000000000000e+01 1.850568090782994437e-07
1.000000000000000000e+01 1.100000000000000000e+01 9.910589138331874089e-08
1.000000000000000000e+01 1.200000000000000000e+01 -8.409018273715708307e-08
1.000000000000000000e+01 1.300000000000000000e+01 -2.051443804809582007e-07
1.000000000000000000e+01 1.400000000000000000e+01 -4.225546839711617106e-08
1.000000000000000000e+01 1.500000000000000000e+01 1.208283518432226534e-07
1.100000000000000000e+01 0.000000000000000000e+00 -1.291144049876580662e-06
1.100000000000000000e+01 1.000000000000000000e+00 2.588757040293318838e-07
1.100000000000000000e+01 2.000000000000000000e+00 4.304579274400505060e-07
1.100000000000000000e+01 3.000000000000000000e+00 7.818080315661492931e-07
1.100000000000000000e+01 4.000000000000000000e+00 -4.714127067923138575e-07
1.100000000000000000e+01 5.000000000000000000e+00 -3.927920141881559935e-07
1.100000000000000000e+01 6.000000000000000000e+00 -2.907242882458759189e-07
1.100000000000000000e+01 7.000000000000000000e+00 3.157477116286042333e-07
1.100000000000000000e+01 8.000000000000000000e+00 4.174215172641677507e-07
1.100000000000000000e+01 9.000000000000000000e+00 1.309486621081867157e-08
1.100000000000000000e+01 1.000000000000000000e+01 -2.209337022165840640e-07
1.100000000000000000e+01 1.100000000000000000e+01 -2.817213045343105300e-07
1.100000000000000000e+01 1.200000000000000000e+01 2.061828362853945909e-08
1.100000000000000000e+01 1.300000000000000000e+01 2.439576520627261528e-07
1.100000000000000000e+01 1.400000000000000000e+01 1.058202553691165659e-07
1.200000000000000000e+01 0.000000000000000000e+00 -5.635977332415325298e-07
1.200000000000000000e+01 1.000000000000000000e+00 7.346409457951189392e-07
1.200000000000000000e+01 2.000000000000000000e+00 7.055676068737297140e-07
1.200000000000000000e+01 3.000000000000000000e+00 1.568921664250529049e-07
1.200000000000000000e+01 4.000000000000000000e+00 -6.894289982686852747e-07
1.200000000000000000e+01 5.000000000000000000e+00 3.803379437493371655e-08
1.200000000000000000e+01 6.000000000000000000e+00 1.322299122592364041e-07
1.200000000000000000e+01 7.000000000000000000e+00 1.146046482949471225e-07
1.200000000000000000e+01 8.000000000000000000e+00 7.436441124128947344e-09
1.200000000000000000e+01 9.000000000000000000e+00 2.563205610015092126e-08
1.200000000000000000e+01 1.000000000000000000e+01 1.980942451499441568e-08
1.200000000000000000e+01 1.100000000000000000e+01 -2.622215103817327616e-07
1.200000000000000000e+01 1.200000000000000000e+01 -2.042860665614404117e-08
1.200000000000000000e+01 1.300000000000000000e+01 2.881758292889509310e-07
1.300000000000000000e+01 0.000000000000000000e+00 5.531465103479414206e-08
1.300000000000000000e+01 1.000000000000000000e+00 1.355340806255691477e-06
1.300000000000000000e+01 2.000000000000000000e+00 -5.061998302300664687e-07
1.300000000000000000e+01 3.000000000000000000e+00 -6.329768056178310709e-07
1.300000000000000000e+01 4.000000000000000000e+00 -1.655453897157372546e-07
1.300000000000000000e+01 5.000000000000000000e+00 4.140691712451748630e-07
1.300000000000000000e+01 6.000000000000000000e+00 4.896298785153201330e-07
1.300000000000000000e+01 7.000000000000000000e+00 -2.125871935981302064e-07
1.300000000000000000e+01 8.000000000000000000e+00 -3.359655845044842789e-07
1.300000000000000000e+01 9.000000000000000000e+00 -1.069284125855967594e-07
1.300000000000000000e+01 1.000000000000000000e+01 8.877541560409893072e-08
1.300000000000000000e+01 1.100000000000000000e+01 2.508402989214254263e-07
1.300000000000000000e+01 1.200000000000000000e+01 6.194789339879347668e-08
1.400000000000000000e+01 0.000000000000000000e+00 9.112963394795568304e-07
1.400000000000000000e+01 1.000000000000000000e+00 -8.910257151918232628e-08
1.400000000000000000e+01 2.000000000000000000e+00 -7.858939810287678264e-07
1.400000000000000000e+01 3.000000000000000000e+00 -1.902633941276665405e-07
1.400000000000000000e+01 4.000000000000000000e+00 3.230997161647120716e-07
1.400000000000000000e+01 5.000000000000000000e+00 1.061173133755747202e-08
1.400000000000000000e+01 6.000000000000000000e+00 1.408589025707210485e-08
1.400000000000000000e+01 7.000000000000000000e+00 -8.213548441885921786e-08
1.400000000000000000e+01 8.000000000000000000e+00 7.927199232534820797e-08
1.400000000000000000e+01 9.000000000000000000e+00 -7.135121810018233030e-08
1.400000000000000000e+01 1.000000000000000000e+01 -1.543341937855425866e-07
1.400000000000000000e+01 1.100000000000000000e+01 2.487391111945188337e-07
1.500000000000000000e+01 0.000000000000000000e+00 5.643822543358816500e-07
1.500000000000000000e+01 1.000000000000000000e+00 -1.405433231983742450e-06
1.500000000000000000e+01 2.000000000000000000e+00 2.195679222747876850e-07
1.500000000000000000e+01 3.000000000000000000e+00 1.419442118779524174e-07
1.500000000000000000e+01 4.000000000000000000e+00 4.711192538698517926e-07
1.500000000000000000e+01 5.000000000000000000e+00 -1.914414949995270602e-07
1.500000000000000000e+01 6.000000000000000000e+00 -3.728943447581747252e-07
1.500000000000000000e+01 7.000000000000000000e+00 4.284515934529746616e-08
1.500000000000000000e+01 8.000000000000000000e+00 1.008378347665499010e-07
1.500000000000000000e+01 9.000000000000000000e+00 1.359999208924864569e-07
1.500000000000000000e+01 1.000000000000000000e+01 8.414186779831345900e-08
1.600000000000000000e+01 0.000000000000000000e+00 -3.155267635003878147e-07
1.600000000000000000e+01 1.000000000000000000e+00 -3.097114939444781070e-07
1.600000000000000000e+01 2.000000000000000000e+00 3.688478194628551193e-07
1.600000000000000000e+01 3.000000000000000000e+00 1.940232912874263500e-08
1.600000000000000000e+01 4.000000000000000000e+00 2.197195251240419489e-07
1.600000000000000000e+01 5.000000000000000000e+00 -4.857175080943308804e-08
1.600000000000000000e+01 6.000000000000000000e+00 -1.451053850977744640e-07
1.600000000000000000e+01 7.000000000000000000e+00 6.173987197510876674e-08
1.600000000000000000e+01 8.000000000000000000e+00 -9.944727747821934632e-08
1.600000000000000000e+01 9.000000000000000000e+00 4.172864785342912393e-08
1.700000000000000000e+01 0.000000000000000000e+00 -4.160671204466590296e-07
1.700000000000000000e+01 1.000000000000000000e+00 5.694315560022188199e-07
1.700000000000000000e+01 2.000000000000000000e+00 1.025499391242775265e-07
1.700000000000000000e+01 3.000000000000000000e+00 2.613086515104801076e-07
1.700000000000000000e+01 4.000000000000000000e+00 -3.634561513351735982e-07
1.700000000000000000e+01 5.000000000000000000e+00 -7.140766209529510229e-08
1.700000000000000000e+01 6.000000000000000000e+00 8.202038192286680937e-08
1.700000000000000000e+01 7.000000000000000000e+00 9.104348585913854606e-08
1.700000000000000000e+01 8.000000000000000000e+00 1.548302943847819201e-07
1.800000000000000000e+01 0.000000000000000000e+00 -2.852537628834511600e-07
1.800000000000000000e+01 1.000000000000000000e+00 2.728104617068416330e-07
1.800000000000000000e+01 2.000000000000000000e+00 1.712972509041491818e-07
1.800000000000000000e+01 3.000000000000000000e+00 1.293902160580413034e-07
1.800000000000000000e+01 4.000000000000000000e+00 -5.559513799371061908e-07
1.800000000000000000e+01 5.000000000000000000e+00 5.822187606695508615e-08
1.800000000000000000e+01 6.000000000000000000e+00 1.760573499583964401e-07
1.800000000000000000e+01 7.000000000000000000e+00 -1.776566713596139241e-08
1.900000000000000000e+01 0.000000000000000000e+00 -3.570162484793632469e-08
1.900000000000000000e+01 1.000000000000000000e+00 2.754459568733914904e-07
1.900000000000000000e+01 2.000000000000000000e+00 -2.675607348668579758e-07
1.900000000000000000e+01 3.000000000000000000e+00 -3.893586819860242977e-07
1.900000000000000000e+01 4.000000000000000000e+00 3.993390571137339940e-08
1.900000000000000000e+01 5.000000000000000000e+00 2.214322552107864178e-07
1.900000000000000000e+01 6.000000000000000000e+00 1.844064920654916098e-07
2.000000000000000000e+01 0.000000000000000000e+00 4.801691276720580697e-07
2.000000000000000000e+01 1.000000000000000000e+00 -1.099539646955768635e-08
2.000000000000000000e+01 2.000000000000000000e+00 -5.250383759393219811e-07
2.000000000000000000e+01 3.000000000000000000e+00 -1.465753937577648565e-07
2.000000000000000000e+01 4.000000000000000000e+00 5.424571627279363332e-07
2.000000000000000000e+01 5.000000000000000000e+00 -3.500141530891732323e-08
2.100000000000000000e+01 0.000000000000000000e+00 3.680150546795181406e-07
2.100000000000000000e+01 1.000000000000000000e+00 -6.633271776877700816e-07
2.100000000000000000e+01 2.000000000000000000e+00 2.569572018075978499e-07
2.100000000000000000e+01 3.000000000000000000e+00 2.725288602229665603e-07
2.100000000000000000e+01 4.000000000000000000e+00 2.552464040211126580e-07
2.200000000000000000e+01 0.000000000000000000e+00 -3.265232461656697554e-07
2.200000000000000000e+01 1.000000000000000000e+00 -2.133765074707516403e-07
2.200000000000000000e+01 2.000000000000000000e+00 5.788385689310172241e-07
2.200000000000000000e+01 3.000000000000000000e+00 5.054524500155291809e-08
2.300000000000000000e+01 0.000000000000000000e+00 -4.204266466543909434e-07
2.300000000000000000e+01 1.000000000000000000e+00 5.707480382973997020e-07
2.300000000000000000e+01 2.000000000000000000e+00 -1.475410150629005730e-07
2.400000000000000000e+01 0.000000000000000000e+00 6.279910577068395414e-08
2.400000000000000000e+01 1.000000000000000000e+00 2.687491878073860713e-07
0.000000000000000000e+00 0.000000000000000000e+00 0.000000000000000000e+00
0.000000000000000000e+00 0.000000000000000000e+00 0.000000000000000000e+00
