0.000000000000000000e+00 0.000000000000000000e+00 9.600874524103627378e-04
0.000000000000000000e+00 1.000000000000000000e+00 -1.682480503712299117e-04
0.000000000000000000e+00 2.000000000000000000e+00 -1.086158612473675880e-04
0.000000000000000000e+00 3.000000000000000000e+00 3.075874922826158433e-05
0.000000000000000000e+00 4.000000000000000000e+00 -1.587605385049476466e-06
0.000000000000000000e+00 5.000000000000000000e+00 1.576141206154918525e-06
0.000000000000000000e+00 6.000000000000000000e+00 4.308443824281192764e-06
0.000000000000000000e+00 7.000000000000000000e+00 -1.045857067884492156e-06
0.000000000000000000e+00 8.000000000000000000e+00 8.304984425826661211e-07
0.000000000000000000e+00 9.000000000000000000e+00 -2.042828797794406274e-06
0.000000000000000000e+00 1.000000000000000000e+01 -1.596742474591346964e-06
0.000000000000000000e+00 1.100000000000000000e+01 1.925779068548575102e-06
0.000000000000000000e+00 1.200000000000000000e+01 4.698514525515661118e-07
0.000000000000000000e+00 1.300000000000000000e+01 -2.618290661908596669e-07
0.000000000000000000e+00 1.400000000000000000e+01 3.566923452683352561e-07
0.000000000000000000e+00 1.500000000000000000e+01 -9.913517666447675081e-07
0.000000000000000000e+00 1.600000000000000000e+01 -4.538826602878005132e-07
0.000000000000000000e+00 1.700000000000000000e+01 1.194109036704778727e-06
0.000000000000000000e+00 1.800000000000000000e+01 1.830542787147623685e-07
0.000000000000000000e+00 1.900000000000000000e+01 -6.519063092802719495e-07
0.000000000000000000e+00 2.000000000000000000e+01 7.032002089964266996e-08
0.000000000000000000e+00 2.100000000000000000e+01 -6.126339317374189625e-08
0.000000000000000000e+00 2.200000000000000000e+01 -1.504368038387027082e-07
0.000000000000000000e+00 2.300000000000000000e+01 5.251950438884282772e-07
0.000000000000000000e+00 2.400000000000000000e+01 9.128778558584297031e-08
1.000000000000000000e+00 0.000000000000000000e+00 1.632133970817057841e-04
1.000000000000000000e+00 1.000000000000000000e+00 -1.446165022841751381e-05
1.000000000000000000e+00 2.000000000000000000e+00 -2.239243788748964011e-05
1.000000000000000000e+00 3.000000000000000000e+00 8.399933787831269336e-06
1.000000000000000000e+00 4.000000000000000000e+00 2.857748321022753662e-07
1.000000000000000000e+00 5.000000000000000000e+00 -3.657301339743990965e-06
1.000000000000000000e+00 6.000000000000000000e+00 9.500679315812400920e-07
1.000000000000000000e+00 7.000000000000000000e+00 7.945320909700920306e-07
1.000000000000000000e+00 8.000000000000000000e+00 3.181831558346008503e-07
1.000000000000000000e+00 9.000000000000000000e+00 5.285686957858264046e-07
1.000000000000000000e+00 1.000000000000000000e+01 -6.805201877809279004e-07
1.000000000000000000e+00 1.100000000000000000e+01 -8.247934432542593440e-07
1.000000000000000000e+00 1.200000000000000000e+01 2.973194467427341477e-07
1.000000000000000000e+00 1.300000000000000000e+01 5.854857816358557011e-07
1.000000000000000000e+00 1.400000000000000000e+01 2.080010928665934266e-07
1.000000000000000000e+00 1.500000000000000000e+01 -1.851452929481636866e-07
1.000000000000000000e+00 1.600000000000000000e+01 -4.816958400462003826e-07
1.000000000000000000e+00 1.700000000000000000e+01 -1.497032721679034314e-07
1.000000000000000000e+00 1.800000000000000000e+01 4.625202033466068187e-07
1.000000000000000000e+00 1.900000000000000000e+01 3.250601429905169530e-07
1.000000000000000000e+00 2.000000000000000000e+01 -2.472050156133239282e-07
1.000000000000000000e+00 2.100000000000000000e+01 -3.400867715534634076e-07
1.000000000000000000e+00 2.200000000000000000e+01 -2.860650475513252943e-08
1.000000000000000000e+00 2.300000000000000000e+01 2.434780316248666986e-07
1.000000000000000000e+00 2.400000000000000000e+01 2.574143809929473228e-07
2.000000000000000000e+00 0.000000000000000000e+00 -1.914404254024320068e-05
2.000000000000000000e+00 1.000000000000000000e+00 1.699908815961124136e-05
2.000000000000000000e+00 2.000000000000000000e+00 -1.545128154102318969e-05
2.000000000000000000e+00 3.000000000000000000e+00 8.159304401421775334e-07
2.000000000000000000e+00 4.000000000000000000e+00 4.183729158104101579e-06
2.000000000000000000e+00 5.000000000000000000e+00 -1.280563421510909358e-06
2.000000000000000000e+00 6.000000000000000000e+00 1.521953417802668221e-06
2.000000000000000000e+00 7.000000000000000000e+00 -3.248641762783240346e-07
2.000000000000000000e+00 8.000000000000000000e+00 -1.764856527047715050e-06
2.000000000000000000e+00 9.000000000000000000e+00 4.578953369669440793e-07
2.000000000000000000e+00 1.000000000000000000e+01 5.464523663847408730e-07
2.000000000000000000e+00 1.100000000000000000e+01 1.826443981926284927e-07
2.000000000000000000e+00 1.200000000000000000e+01 2.704143117616427801e-07
2.000000000000000000e+00 1.300000000000000000e+01 -6.255732487483794822e-07
2.000000000000000000e+00 1.400000000000000000e+01 -4.542172371551756778e-07
2.000000000000000000e+00 1.500000000000000000e+01 5.736473367023546139e-07
2.000000000000000000e+00 1.600000000000000000e+01 3.216415568191137817e-07
2.000000000000000000e+00 1.700000000000000000e+01 -2.077854701117407866e-07
2.000000000000000000e+00 1.800000000000000000e+01 -1.595181475611575971e-07
2.000000000000000000e+00 1.900000000000000000e+01 -1.771038914272318750e-07
2.000000000000000000e+00 2.000000000000000000e+01 7.877942624594470197e-08
2.000000000000000000e+00 2.100000000000000000e+01 3.874700710499604459e-07
2.000000000000000000e+00 2.200000000000000000e+01 -6.432952473337546057e-08
2.000000000000000000e+00 2.300000000000000000e+01 -3.806121555783678609e-07
3.000000000000000000e+00 0.000000000000000000e+00 -1.186710445039532563e-05
3.000000000000000000e+00 1.000000000000000000e+00 5.067267737119451896e-06
3.000000000000000000e+00 2.000000000000000000e+00 -4.885101185561997459e-06
3.000000000000000000e+00 3.000000000000000000e+00 -1.024741020246833074e-06
3.000000000000000000e+00 4.000000000000000000e+00 2.240208375995824186e-06
3.000000000000000000e+00 5.000000000000000000e+00 -5.715157857904565807e-07
3.000000000000000000e+00 6.000000000000000000e+00 9.609328936251595505e-08
3.000000000000000000e+00 7.000000000000000000e+00 8.667312448324873193e-07
3.000000000000000000e+00 8.000000000000000000e+00 -5.731355898362954240e-07
3.000000000000000000e+00 9.000000000000000000e+00 -6.166899377904977150e-07
3.000000000000000000e+00 1.000000000000000000e+01 1.930836246157479503e-07
3.000000000000000000e+00 1.100000000000000000e+01 2.113983236936863988e-07
3.000000000000000000e+00 1.200000000000000000e+01 2.176989279626616756e-07
3.000000000000000000e+00 1.300000000000000000e+01 1.479435031515060717e-07
3.000000000000000000e+00 1.400000000000000000e+01 -3.522417935731442370e-07
3.000000000000000000e+00 1.500000000000000000e+01 -3.677311827947076698e-07
3.000000000000000000e+00 1.600000000000000000e+01 2.354204765748611502e-07
3.000000000000000000e+00 1.700000000000000000e+01 4.268263337391654754e-07
3.000000000000000000e+00 1.800000000000000000e+01 -9.679506877382651612e-09
3.000000000000000000e+00 1.900000000000000000e+01 -3.522884632772567235e-07
3.000000000000000000e+00 2.000000000000000000e+01 -1.934462706584646434e-07
3.000000000000000000e+00 2.100000000000000000e+01 1.962776809183506957e-07
3.000000000000000000e+00 2.200000000000000000e+01 3.018175811757339771e-07
4.000000000000000000e+00 0.000000000000000000e+00 -1.792002321656343519e-05
4.000000000000000000e+00 1.000000000000000000e+00 7.746836227761936955e-06
4.000000000000000000e+00 2.000000000000000000e+00 1.243700233455097407e-06
4.000000000000000000e+00 3.000000000000000000e+00 -3.310651794117893181e-06
4.000000000000000000e+00 4.000000000000000000e+00 2.255312110495367229e-06
4.000000000000000000e+00 5.000000000000000000e+00 -2.959311425644428114e-09
4.000000000000000000e+00 6.000000000000000000e+00 -1.199737506931753633e-06
4.000000000000000000e+00 7.000000000000000000e+00 6.994482368368867498e-07
4.000000000000000000e+00 8.000000000000000000e+00 -1.084749570139048397e-07
4.000000000000000000e+00 9.000000000000000000e+00 -2.494774124565379109e-07
4.000000000000000000e+00 1.000000000000000000e+01 5.344130753879008721e-07
4.000000000000000000e+00 1.100000000000000000e+01 -1.609330619805512127e-07
4.000000000000000000e+00 1.200000000000000000e+01 -3.414876667746064684e-07
4.000000000000000000e+00 1.300000000000000000e+01 1.780201583686993527e-07
4.000000000000000000e+00 1.400000000000000000e+01 1.376167783125906529e-08
4.000000000000000000e+00 1.500000000000000000e+01 5.967655046985974500e-08
4.000000000000000000e+00 1.600000000000000000e+01 1.789322885100793659e-07
4.000000000000000000e+00 1.700000000000000000e+01 -3.079253991253553350e-07
4.000000000000000000e+00 1.800000000000000000e+01 -1.986787105241083151e-07
4.000000000000000000e+00 1.900000000000000000e+01 4.171994166145185413e-07
4.000000000000000000e+00 2.000000000000000000e+01 1.228303183908342740e-07
4.000000000000000000e+00 2.100000000000000000e+01 -3.679607046390647926e-07
5.000000000000000000e+00 0.000000000000000000e+00 -5.174276605423163580e-06
5.000000000000000000e+00 1.000000000000000000e+00 1.126446451676376530e-06
5.000000000000000000e+00 2.000000000000000000e+00 2.637510679587323791e-06
5.000000000000000000e+00 3.000000000000000000e+00 -1.133386002208340951e-06
5.000000000000000000e+00 4.000000000000000000e+00 1.729923208172703677e-07
5.000000000000000000e+00 5.000000000000000000e+00 5.552595436711912304e-07
5.000000000000000000e+00 6.000000000000000000e+00 -7.617262229598644979e-07
5.000000000000000000e+00 7.000000000000000000e+00 -1.084411605533466359e-07
5.000000000000000000e+00 8.000000000000000000e+00 3.238802771159296521e-07
5.000000000000000000e+00 9.000000000000000000e+00 -1.139703897060772175e-07
5.000000000000000000e+00 1.000000000000000000e+01 1.550096862894363020e-07
5.000000000000000000e+00 1.100000000000000000e+01 1.846456986787811160e-07
5.000000000000000000e+00 1.200000000000000000e+01 -3.237109913909487183e-07
5.000000000000000000e+00 1.300000000000000000e+01 -1.724251197630717249e-07
5.000000000000000000e+00 1.400000000000000000e+01 2.208658675881351642e-07
5.000000000000000000e+00 1.500000000000000000e+01 1.168198866390505913e-07
5.000000000000000000e+00 1.600000000000000000e+01 -1.220458280113206462e-08
5.000000000000000000e+00 1.700000000000000000e+01 -4.142536663863816535e-08
5.000000000000000000e+00 1.800000000000000000e+01 -1.589537320017184602e-07
5.000000000000000000e+00 1.900000000000000000e+01 -3.439359025834353862e-08
5.000000000000000000e+00 2.000000000000000000e+01 2.225033918121362812e-07
6.000000000000000000e+00 0.000000000000000000e+00 -2.123577906156926130e-07
6.000000000000000000e+00 1.000000000000000000e+00 -2.289869958055155354e-06
6.000000000000000000e+00 2.000000000000000000e+00 4.556871409877429879e-06
6.000000000000000000e+00 3.000000000000000000e+00 9.197381808407767003e-08
6.000000000000000000e+00 4.000000000000000000e+00 -1.825709087837030949e-06
6.000000000000000000e+00 5.000000000000000000e+00 4.843960774844892205e-07
6.000000000000000000e+00 6.000000000000000000e+00 -4.805241725308712398e-07
6.000000000000000000e+00 7.000000000000000000e+00 -1.326901702489959892e-07
6.000000000000000000e+00 8.000000000000000000e+00 1.124658350964698222e-06
6.000000000000000000e+00 9.000000000000000000e+00 -1.765839764200829003e-07
6.000000000000000000e+00 1.000000000000000000e+01 -7.517178744908454033e-07
6.000000000000000000e+00 1.100000000000000000e+01 1.354267906346419419e-07
6.000000000000000000e+00 1.200000000000000000e+01 1.653360682195625874e-07
6.000000000000000000e+00 1.300000000000000000e+01 1.129828556470843913e-07
6.000000000000000000e+00 1.400000000000000000e+01 2.111921137586377692e-07
6.000000000000000000e+00 1.500000000000000000e+01 -3.309565582476617416e-07
6.000000000000000000e+00 1.600000000000000000e+01 -3.128468538574322536e-07
6.000000000000000000e+00 1.700000000000000000e+01 3.824029221897639623e-07
6.000000000000000000e+00 1.800000000000000000e+01 2.499862735060288220e-07
6.000000000000000000e+00 1.900000000000000000e+01 -2.652188092547786260e-07
7.000000000000000000e+00 0.000000000000000000e+00 1.320891255897293623e-06
7.000000000000000000e+00 1.000000000000000000e+00 7.740183732334932802e-07
7.000000000000000000e+00 2.000000000000000000e+00 2.289258780921749956e-06
7.000000000000000000e+00 3.000000000000000000e+00 7.957939073339569196e-07
7.000000000000000000e+00 4.000000000000000000e+00 -1.614923313392971154e-06
7.000000000000000000e+00 5.000000000000000000e+00 -7.275622141000022672e-07
7.000000000000000000e+00 6.000000000000000000e+00 1.494955386890910768e-07
7.000000000000000000e+00 7.000000000000000000e+00 2.036407076809380046e-07
7.000000000000000000e+00 8.000000000000000000e+00 7.666207984053503182e-07
7.000000000000000000e+00 9.000000000000000000e+00 2.395786592498081591e-07
7.000000000000000000e+00 1.000000000000000000e+01 -9.236375563516921091e-07
7.000000000000000000e+00 1.100000000000000000e+01 -4.539280897822729294e-07
7.000000000000000000e+00 1.200000000000000000e+01 5.922500255479569533e-07
7.000000000000000000e+00 1.300000000000000000e+01 4.568921471108958462e-07
7.000000000000000000e+00 1.400000000000000000e+01 -1.164688741217707817e-07
7.000000000000000000e+00 1.500000000000000000e+01 -3.232000753532506335e-07
7.000000000000000000e+00 1.600000000000000000e+01 -2.648854524339630941e-07
7.000000000000000000e+00 1.700000000000000000e+01 1.355093518394929531e-07
7.000000000000000000e+00 1.800000000000000000e+01 4.522021232602186968e-07
8.000000000000000000e+00 0.000000000000000000e+00 4.415484324454976765e-06
8.000000000000000000e+00 1.000000000000000000e+00 5.311266864985403137e-07
8.000000000000000000e+00 2.000000000000000000e+00 9.718865634578147723e-07
8.000000000000000000e+00 3.000000000000000000e+00 2.153271740234460595e-06
8.000000000000000000e+00 4.000000000000000000e+00 -1.328384054084735299e-06
8.000000000000000000e+00 5.000000000000000000e+00 -1.935746162701534187e-06
8.000000000000000000e+00 6.000000000000000000e+00 5.329502236107393219e-07
8.000000000000000000e+00 7.000000000000000000e+00 7.285939702439587663e-07
8.000000000000000000e+00 8.000000000000000000e+00 3.422789975159998516e-07
8.000000000000000000e+00 9.000000000000000000e+00 2.062056728945913475e-07
8.000000000000000000e+00 1.000000000000000000e+01 -8.017930661614589186e-07
8.000000000000000000e+00 1.100000000000000000e+01 -5.606825307304129559e-07
8.000000000000000000e+00 1.200000000000000000e+01 7.629815837174901026e-07
8.000000000000000000e+00 1.300000000000000000e+01 5.168280906632290307e-07
8.000000000000000000e+00 1.400000000000000000e+01 -4.030704975136406453e-07
8.000000000000000000e+00 1.500000000000000000e+01 -3.437839429368884038e-07
8.000000000000000000e+00 1.600000000000000000e+01 -2.751427605208766843e-08
8.000000000000000000e+00 1.700000000000000000e+01 2.118523181664629900e-07
9.000000000000000000e+00 0.000000000000000000e+00 2.068949698472389292e-06
9.000000000000000000e+00 1.000000000000000000e+00 1.864142087666256385e-06
9.000000000000000000e+00 2.000000000000000000e+00 1.327690842984413892e-06
9.000000000000000000e+00 3.000000000000000000e+00 1.327711117121253187e-06
9.000000000000000000e+00 4.000000000000000000e+00 -4.672100021924202828e-07
9.000000000000000000e+00 5.000000000000000000e+00 -1.844902643367625920e-06
9.000000000000000000e+00 6.000000000000000000e+00 -2.585891312176000236e-07
9.000000000000000000e+00 7.000000000000000000e+00 1.163360877494294561e-06
9.000000000000000000e+00 8.000000000000000000e+00 5.377130669747203252e-07
9.000000000000000000e+00 9.000000000000000000e+00 -3.292632084578128527e-07
9.000000000000000000e+00 1.000000000000000000e+01 -5.529846654466289329e-07
9.000000000000000000e+00 1.100000000000000000e+01 -2.377181350909372966e-07
9.000000000000000000e+00 1.200000000000000000e+01 4.519625815406897944e-07
9.000000000000000000e+00 1.300000000000000000e+01 4.886370095054430516e-07
9.000000000000000000e+00 1.400000000000000000e+01 -3.083207119011224950e-07
9.000000000000000000e+00 1.500000000000000000e+01 -5.180461626964920157e-07
9.000000000000000000e+00 1.600000000000000000e+01 1.568864937869474287e-07
1.000000000000000000e+01 0.000000000000000000e+00 4.732139525520361766e-07
1.000000000000000000e+01 1.000000000000000000e+00 3.683995959265637645e-06
1.000000000000000000e+01 2.000000000000000000e+00 6.793860239918846044e-07
1.000000000000000000e+01 3.000000000000000000e+00 2.257761123731753258e-07
1.000000000000000000e+01 4.000000000000000000e+00 2.923698447216781923e-07
1.000000000000000000e+01 5.000000000000000000e+00 -1.296375818877099800e-06
1.000000000000000000e+01 6.000000000000000000e+00 -7.464172558633861670e-07
1.000000000000000000e+01 7.000000000000000000e+00 1.079202865262361142e-06
1.000000000000000000e+01 8.000000000000000000e+00 5.915710313517522726e-07
1.000000000000000000e+01 9.000000000000000000e+00 -4.606935574175271204e-07
1.000000000000000000e+01 1.000000000000000000e+01 -2.657733943069634763e-07
1.000000000000000000e+01 1.100000000000000000e+01 -1.097752777514796378e-07
1.000000000000000000e+01 1.200000000000000000e+01 6.655040336750344522e-08
1.000000000000000000e+01 1.300000000000000000e+01 4.367369587245762376e-07
1.000000000000000000e+01 1.400000000000000000e+01 -4.804148990613116412e-08
1.000000000000000000e+01 1.500000000000000000e+01 -4.965080991544466938e-07
1.100000000000000000e+01 0.000000000000000000e+00 4.893574833016517897e-07
1.100000000000000000e+01 1.000000000000000000e+00 1.484393058136553300e-06
1.100000000000000000e+01 2.000000000000000000e+00 1.321929733573993111e-06
1.100000000000000000e+01 3.000000000000000000e+00 2.555142883593933598e-07
1.100000000000000000e+01 4.000000000000000000e+00 -2.662300480303969265e-07
1.100000000000000000e+01 5.000000000000000000e+00 -6.765179938513563600e-07
1.100000000000000000e+01 6.000000000000000000e+00 -5.371513834191401222e-07
1.100000000000000000e+01 7.000000000000000000e+00 5.000847407472362707e-07
1.100000000000000000e+01 8.000000000000000000e+00 6.852936161427135690e-07
1.100000000000000000e+01 9.000000000000000000e+00 -1.708801408909673126e-07
1.100000000000000000e+01 1.000000000000000000e+01 -4.383587548153980623e-07
1.100000000000000000e+01 1.100000000000000000e+01 -9.912774296798725675e-08
1.100000000000000000e+01 1.200000000000000000e+01 1.109337639858252181e-07
1.100000000000000000e+01 1.300000000000000000e+01 2.363266452829617903e-07
1.100000000000000000e+01 1.400000000000000000e+01 1.118862343863996771e-07
1.200000000000000000e+01 0.000000000000000000e+00 -5.648832776985656365e-07
1.200000000000000000e+01 1.000000000000000000e+00 1.034106138680460457e-07
1.200000000000000000e+01 2.000000000000000000e+00 1.931097094532140688e-06
1.200000000000000000e+01 3.000000000000000000e+00 -1.414088556681321997e-07
1.200000000000000000e+01 4.000000000000000000e+00 -4.931503970261420337e-07
1.200000000000000000e+01 5.000000000000000000e+00 8.566204487084486038e-08
1.200000000000000000e+01 6.000000000000000000e+00 -4.335084271417092807e-07
1.200000000000000000e+01 7.000000000000000000e+00 -1.452076790099418764e-07
1.200000000000000000e+01 8.000000000000000000e+00 7.158899970021465163e-07
1.200000000000000000e+01 9.000000000000000000e+00 1.829649044481059129e-07
1.200000000000000000e+01 1.000000000000000000e+01 -5.704571038746011305e-07
1.200000000000000000e+01 1.100000000000000000e+01 -1.400287909022920221e-07
1.200000000000000000e+01 1.200000000000000000e+01 2.251837585963992157e-07
1.200000000000000000e+01 1.300000000000000000e+01 5.184366668768758419e-08
1.300000000000000000e+01 0.000000000000000000e+00 -2.067471268267407895e-07
1.300000000000000000e+01 1.000000000000000000e+00 4.392529000093827995e-07
1.300000000000000000e+01 2.000000000000000000e+00 5.850807406338708920e-07
1.300000000000000000e+01 3.000000000000000000e+00 1.680104482831487056e-07
1.300000000000000000e+01 4.000000000000000000e+00 -1.042901748492621117e-07
1.300000000000000000e+01 5.000000000000000000e+00 9.112818486514281564e-08
1.300000000000000000e+01 6.000000000000000000e+00 -1.239125665991185465e-07
1.300000000000000000e+01 7.000000000000000000e+00 -3.884105913601425753e-07
1.300000000000000000e+01 8.000000000000000000e+00 1.898197072624794276e-07
1.300000000000000000e+01 9.000000000000000000e+00 4.572871958752145041e-07
1.300000000000000000e+01 1.000000000000000000e+01 -1.683418204325574073e-07
1.300000000000000000e+01 1.100000000000000000e+01 -3.366938243545832721e-07
1.300000000000000000e+01 1.200000000000000000e+01 8.068164563629618264e-08
1.400000000000000000e+01 0.000000000000000000e+00 3.762888720366400787e-07
1.400000000000000000e+01 1.000000000000000000e+00 -4.722047910755971297e-07
1.400000000000000000e+01 2.000000000000000000e+00 -7.133296560705927501e-08
1.400000000000000000e+01 3.000000000000000000e+00 1.205803893438473803e-06
1.400000000000000000e+01 4.000000000000000000e+00 -9.587941950350144314e-08
1.400000000000000000e+01 5.000000000000000000e+00 -4.011811164552533372e-07
1.400000000000000000e+01 6.000000000000000000e+00 1.652821408888806255e-07
1.400000000000000000e+01 7.000000000000000000e+00 -1.779590550413999263e-07
1.400000000000000000e+01 8.000000000000000000e+00 -1.807461648024305831e-07
1.400000000000000000e+01 9.000000000000000000e+00 3.632895882086729791e-07
1.400000000000000000e+01 1.000000000000000000e+01 1.434811758097700743e-07
1.400000000000000000e+01 1.100000000000000000e+01 -3.516273834832662462e-07
1.500000000000000000e+01 0.000000000000000000e+00 -2.995248977973489201e-08
1.500000000000000000e+01 1.000000000000000000e+00 -3.746609880927121287e-07
1.500000000000000000e+01 2.000000000000000000e+00 2.499052051316050071e-07
1.500000000000000000e+01 3.000000000000000000e+00 7.635836462224140733e-07
1.500000000000000000e+01 4.000000000000000000e+00 2.951123499149658875e-07
1.500000000000000000e+01 5.000000000000000000e+00 -3.788529437350312260e-07
1.500000000000000000e+01 6.000000000000000000e+00 -2.490493607534320788e-07
1.500000000000000000e+01 7.000000000000000000e+00 1.236086117856655396e-07
1.500000000000000000e+01 8.000000000000000000e+00 1.795826689186680133e-08
1.500000000000000000e+01 9.000000000000000000e+00 2.031045781449275597e-09
1.500000000000000000e+01 1.000000000000000000e+01 1.286167890824798284e-07
1.600000000000000000e+01 0.000000000000000000e+00 5.037051412038740061e-07
1.600000000000000000e+01 1.000000000000000000e+00 1.081115846615238783e-06
1.600000000000000000e+01 2.000000000000000000e+00 2.381898441858171189e-07
1.600000000000000000e+01 3.000000000000000000e+00 1.428475386340947155e-07
1.600000000000000000e+01 4.000000000000000000e+00 9.285653169517154845e-07
1.600000000000000000e+01 5.000000000000000000e+00 -2.294183652778108956e-07
1.600000000000000000e+01 6.000000000000000000e+00 -7.049547004007213600e-07
1.600000000000000000e+01 7.000000000000000000e+00 9.103460379531875032e-08
1.600000000000000000e+01 8.000000000000000000e+00 1.627692238264561428e-07
1.600000000000000000e+01 9.000000000000000000e+00 6.055070171390933969e-09
1.700000000000000000e+01 0.000000000000000000e+00 7.718200436722315346e-07
1.700000000000000000e+01 1.000000000000000000e+00 1.177871673204711802e-06
1.700000000000000000e+01 2.000000000000000000e+00 1.127213576645352174e-06
1.700000000000000000e+01 3.000000000000000000e+00 1.038302756618060796e-06
1.700000000000000000e+01 4.000000000000000000e+00 6.566228820245221183e-07
1.700000000000000000e+01 5.000000000000000000e+00 -2.276429217689598561e-07
1.700000000000000000e+01 6.000000000000000000e+00 -7.777771955284278135e-07
1.700000000000000000e+01 7.000000000000000000e+00 -4.220255435940172243e-07
1.700000000000000000e+01 8.000000000000000000e+00 2.846521832252492240e-07
1.800000000000000000e+01 0.000000000000000000e+00 -3.043944599768786014e-08
1.800000000000000000e+01 1.000000000000000000e+00 1.025556839410669738e-06
1.800000000000000000e+01 2.000000000000000000e+00 2.430743954012979367e-06
1.800000000000000000e+01 3.000000000000000000e+00 1.753498314115366784e-06
1.800000000000000000e+01 4.000000000000000000e+00 3.194832472934562310e-07
1.800000000000000000e+01 5.000000000000000000e+00 -4.897431620359944389e-08
1.800000000000000000e+01 6.000000000000000000e+00 -9.520597211064812103e-07
1.800000000000000000e+01 7.000000000000000000e+00 -9.062103909336639813e-07
1.900000000000000000e+01 0.000000000000000000e+00 2.283905517364173886e-07
1.900000000000000000e+01 1.000000000000000000e+00 1.611281620644066449e-06
1.900000000000000000e+01 2.000000000000000000e+00 2.326347298995046358e-06
1.900000000000000000e+01 3.000000000000000000e+00 1.818045280476457232e-06
1.900000000000000000e+01 4.000000000000000000e+00 7.245687754147433686e-07
1.900000000000000000e+01 5.000000000000000000e+00 -2.496447035007166622e-07
1.900000000000000000e+01 6.000000000000000000e+00 -9.604127469770940263e-07
2.000000000000000000e+01 0.000000000000000000e+00 9.792036913671896582e-07
2.000000000000000000e+01 1.000000000000000000e+00 1.388482010968336418e-06
2.000000000000000000e+01 2.000000000000000000e+00 1.966393093222127790e-06
2.000000000000000000e+01 3.000000000000000000e+00 2.337328194805014653e-06
2.000000000000000000e+01 4.000000000000000000e+00 1.016538970715517574e-06
2.000000000000000000e+01 5.000000000000000000e+00 -8.126696075643879402e-07
2.100000000000000000e+01 0.000000000000000000e+00 7.899137534245988419e-07
2.100000000000000000e+01 1.000000000000000000e+00 1.224407816587395811e-06
2.100000000000000000e+01 2.000000000000000000e+00 2.338286929969758320e-06
2.100000000000000000e+01 3.000000000000000000e+00 2.503854129994685838e-06
2.100000000000000000e+01 4.000000000000000000e+00 1.112563836334978922e-06
2.200000000000000000e+01 0.000000000000000000e+00 7.703054260632056496e-07
2.200000000000000000e+01 1.000000000000000000e+00 2.077495383745050917e-06
2.200000000000000000e+01 2.000000000000000000e+00 2.312041140384192336e-06
2.200000000000000000e+01 3.000000000000000000e+00 1.974555646316311275e-06
2.300000000000000000e+01 0.000000000000000000e+00 8.601460213747589295e-07
2.300000000000000000e+01 1.000000000000000000e+00 1.966877361914873196e-06
2.300000000000000000e+01 2.000000000000000000e+00 2.095908087690326268e-06
2.400000000000000000e+01 0.000000000000000000e+00 2.104512350221669202e-07
2.400000000000000000e+01 1.000000000000000000e+00 8.718748818800803698e-07
0.000000000000000000e+00 0.000000000000000000e+00 0.000000000000000000e+00
0.000000000000000000e+00 0.000000000000000000e+00 0.000000000000000000e+00
