0.000000000000000000e+00 0.000000000000000000e+00 9.367616721338029723e-04
0.000000000000000000e+00 1.000000000000000000e+00 -2.102894182179074678e-04
0.000000000000000000e+00 2.000000000000000000e+00 2.121736777227909625e-04
0.000000000000000000e+00 3.000000000000000000e+00 1.054751979972631999e-04
0.000000000000000000e+00 4.000000000000000000e+00 -9.268526746174220469e-05
0.000000000000000000e+00 5.000000000000000000e+00 -3.071143115352763909e-05
0.000000000000000000e+00 6.000000000000000000e+00 2.711356441149613989e-05
0.000000000000000000e+00 7.000000000000000000e+00 -3.554150553977869984e-07
0.000000000000000000e+00 8.000000000000000000e+00 -8.108633701688331929e-06
0.000000000000000000e+00 9.000000000000000000e+00 3.656712461370459030e-06
0.000000000000000000e+00 1.000000000000000000e+01 2.567557452077045288e-06
0.000000000000000000e+00 1.100000000000000000e+01 -9.529297607620425878e-07
0.000000000000000000e+00 1.200000000000000000e+01 -5.259346201235618068e-07
0.000000000000000000e+00 1.300000000000000000e+01 1.110702386737879530e-07
0.000000000000000000e+00 1.400000000000000000e+01 -2.250424924077594596e-07
0.000000000000000000e+00 1.500000000000000000e+01 -5.373389857604828991e-07
0.000000000000000000e+00 1.600000000000000000e+01 2.598841454092991542e-07
0.000000000000000000e+00 1.700000000000000000e+01 6.976631130691418483e-07
0.000000000000000000e+00 1.800000000000000000e+01 5.150010275308163829e-09
0.000000000000000000e+00 1.900000000000000000e+01 -3.792049088627231443e-07
0.000000000000000000e+00 2.000000000000000000e+01 -1.912553154167441595e-07
0.000000000000000000e+00 2.100000000000000000e+01 2.753948480766173891e-08
0.000000000000000000e+00 2.200000000000000000e+01 1.318638964308365476e-07
0.000000000000000000e+00 2.300000000000000000e+01 7.866551876724330025e-08
0.000000000000000000e+00 2.400000000000000000e+01 8.356982583400359565e-08
1.000000000000000000e+00 0.000000000000000000e+00 1.640488046280883319e-04
1.000000000000000000e+00 1.000000000000000000e+00 1.947508727669143938e-04
1.000000000000000000e+00 2.000000000000000000e+00 7.630685984701258528e-05
1.000000000000000000e+00 3.000000000000000000e+00 1.889753793940110948e-06
1.000000000000000000e+00 4.000000000000000000e+00 -2.680926592773863124e-05
1.000000000000000000e+00 5.000000000000000000e+00 -7.598941800139862935e-07
1.000000000000000000e+00 6.000000000000000000e+00 6.095001161165778284e-07
1.000000000000000000e+00 7.000000000000000000e+00 3.652056300483876490e-06
1.000000000000000000e+00 8.000000000000000000e+00 -1.015824954038157693e-07
1.000000000000000000e+00 9.000000000000000000e+00 -3.261894233181033173e-06
1.000000000000000000e+00 1.000000000000000000e+01 -7.376173344969035412e-08
1.000000000000000000e+00 1.100000000000000000e+01 6.753854249967346769e-07
1.000000000000000000e+00 1.200000000000000000e+01 1.547715527172217592e-06
1.000000000000000000e+00 1.300000000000000000e+01 4.175787405668011424e-07
1.000000000000000000e+00 1.400000000000000000e+01 -1.397278437357403617e-06
1.000000000000000000e+00 1.500000000000000000e+01 -1.892748748179778365e-07
1.000000000000000000e+00 1.600000000000000000e+01 1.506809541964501177e-07
1.000000000000000000e+00 1.700000000000000000e+01 -1.785150329255185348e-07
1.000000000000000000e+00 1.800000000000000000e+01 5.579552274726103960e-07
1.000000000000000000e+00 1.900000000000000000e+01 2.862931135386199605e-07
1.000000000000000000e+00 2.000000000000000000e+01 -3.047344325405197680e-07
1.000000000000000000e+00 2.100000000000000000e+01 -2.482391594864154177e-07
1.000000000000000000e+00 2.200000000000000000e+01 -2.799795313648266087e-07
1.000000000000000000e+00 2.300000000000000000e+01 1.656570285986274938e-07
1.000000000000000000e+00 2.400000000000000000e+01 5.419154050031106548e-07
2.000000000000000000e+00 0.000000000000000000e+00 -1.674075582042144374e-04
2.000000000000000000e+00 1.000000000000000000e+00 1.642604406939718504e-04
2.000000000000000000e+00 2.000000000000000000e+00 -1.151604929563754490e-05
2.000000000000000000e+00 3.000000000000000000e+00 -3.289825673358198050e-05
2.000000000000000000e+00 4.000000000000000000e+00 1.495262769499728609e-05
2.000000000000000000e+00 5.000000000000000000e+00 2.594839100843874445e-06
2.000000000000000000e+00 6.000000000000000000e+00 -1.087995237048009386e-06
2.000000000000000000e+00 7.000000000000000000e+00 5.375898258323598869e-07
2.000000000000000000e+00 8.000000000000000000e+00 3.864910869033152426e-06
2.000000000000000000e+00 9.000000000000000000e+00 -2.872958461038210762e-06
2.000000000000000000e+00 1.000000000000000000e+01 -3.879509254261772762e-06
2.000000000000000000e+00 1.100000000000000000e+01 2.683287734418340229e-06
2.000000000000000000e+00 1.200000000000000000e+01 6.380095122874781749e-07
2.000000000000000000e+00 1.300000000000000000e+01 -7.450373695204558920e-07
2.000000000000000000e+00 1.400000000000000000e+01 1.069723573530230307e-06
2.000000000000000000e+00 1.500000000000000000e+01 -3.914992479719931239e-07
2.000000000000000000e+00 1.600000000000000000e+01 -6.314618903737150041e-07
2.000000000000000000e+00 1.700000000000000000e+01 2.215536879095148911e-07
2.000000000000000000e+00 1.800000000000000000e+01 -2.515651970777117422e-07
2.000000000000000000e+00 1.900000000000000000e+01 2.549656871153738658e-07
2.000000000000000000e+00 2.000000000000000000e+01 5.296543423965092077e-07
2.000000000000000000e+00 2.100000000000000000e+01 -2.717988947703755623e-07
2.000000000000000000e+00 2.200000000000000000e+01 -3.017759336504390456e-07
2.000000000000000000e+00 2.300000000000000000e+01 -1.148187180475357803e-07
3.000000000000000000e+00 0.000000000000000000e+00 -3.227044711990165106e-05
3.000000000000000000e+00 1.000000000000000000e+00 -4.557012840862183553e-05
3.000000000000000000e+00 2.000000000000000000e+00 -1.520634262189983859e-06
3.000000000000000000e+00 3.000000000000000000e+00 -5.749164686385925108e-06
3.000000000000000000e+00 4.000000000000000000e+00 -8.699218149690590145e-07
3.000000000000000000e+00 5.000000000000000000e+00 6.693179281681037620e-06
3.000000000000000000e+00 6.000000000000000000e+00 2.646953212368952649e-06
3.000000000000000000e+00 7.000000000000000000e+00 -1.973773194428594030e-06
3.000000000000000000e+00 8.000000000000000000e+00 -6.715797535500045254e-07
3.000000000000000000e+00 9.000000000000000000e+00 2.196902972219568165e-06
3.000000000000000000e+00 1.000000000000000000e+01 -9.038727308044908332e-07
3.000000000000000000e+00 1.100000000000000000e+01 -1.743581849135464957e-06
3.000000000000000000e+00 1.200000000000000000e+01 8.302228869511507853e-07
3.000000000000000000e+00 1.300000000000000000e+01 6.273921272629456470e-09
3.000000000000000000e+00 1.400000000000000000e+01 -2.072840573517038955e-07
3.000000000000000000e+00 1.500000000000000000e+01 9.730498788881819423e-07
3.000000000000000000e+00 1.600000000000000000e+01 -4.045739019339282360e-08
3.000000000000000000e+00 1.700000000000000000e+01 -6.310197817457270075e-07
3.000000000000000000e+00 1.800000000000000000e+01 -9.850686286240655447e-08
3.000000000000000000e+00 1.900000000000000000e+01 -1.356933351247948932e-07
3.000000000000000000e+00 2.000000000000000000e+01 2.488589869881906114e-07
3.000000000000000000e+00 2.100000000000000000e+01 4.612810109175077524e-07
3.000000000000000000e+00 2.200000000000000000e+01 -2.005908931853789127e-07
4.000000000000000000e+00 0.000000000000000000e+00 6.474107355323978840e-05
4.000000000000000000e+00 1.000000000000000000e+00 -7.661060481741597161e-05
4.000000000000000000e+00 2.000000000000000000e+00 -1.628798855635935557e-06
4.000000000000000000e+00 3.000000000000000000e+00 1.432805016770265814e-05
4.000000000000000000e+00 4.000000000000000000e+00 -7.001574899704537988e-06
4.000000000000000000e+00 5.000000000000000000e+00 4.119319153919155488e-07
4.000000000000000000e+00 6.000000000000000000e+00 2.966532108425357393e-06
4.000000000000000000e+00 7.000000000000000000e+00 9.051238286476712069e-07
4.000000000000000000e+00 8.000000000000000000e+00 -1.787037768683833835e-06
4.000000000000000000e+00 9.000000000000000000e+00 3.501758410833497666e-07
4.000000000000000000e+00 1.000000000000000000e+01 9.860760305653526150e-07
4.000000000000000000e+00 1.100000000000000000e+01 -8.824766474229840189e-07
4.000000000000000000e+00 1.200000000000000000e+01 1.478361276197632792e-08
4.000000000000000000e+00 1.300000000000000000e+01 -1.874068113680387615e-07
4.000000000000000000e+00 1.400000000000000000e+01 -4.940525929609229187e-07
4.000000000000000000e+00 1.500000000000000000e+01 9.772368536345497566e-07
4.000000000000000000e+00 1.600000000000000000e+01 3.087813603515465189e-07
4.000000000000000000e+00 1.700000000000000000e+01 -7.143312183231837692e-07
4.000000000000000000e+00 1.800000000000000000e+01 1.361027866825610948e-07
4.000000000000000000e+00 1.900000000000000000e+01 4.849086341374009205e-08
4.000000000000000000e+00 2.000000000000000000e+01 -4.314987089586728337e-07
4.000000000000000000e+00 2.100000000000000000e+01 2.761261687585570151e-07
5.000000000000000000e+00 0.000000000000000000e+00 1.468724475449254595e-06
5.000000000000000000e+00 1.000000000000000000e+00 1.196938496521147586e-05
5.000000000000000000e+00 2.000000000000000000e+00 -2.831991271274695267e-06
5.000000000000000000e+00 3.000000000000000000e+00 -2.061665825199918947e-06
5.000000000000000000e+00 4.000000000000000000e+00 -6.094350468139529346e-07
5.000000000000000000e+00 5.000000000000000000e+00 -6.310132246622932408e-07
5.000000000000000000e+00 6.000000000000000000e+00 2.152111021964587320e-06
5.000000000000000000e+00 7.000000000000000000e+00 -1.749793616323546775e-06
5.000000000000000000e+00 8.000000000000000000e+00 4.322782065465908448e-07
5.000000000000000000e+00 9.000000000000000000e+00 1.203422299265621579e-06
5.000000000000000000e+00 1.000000000000000000e+01 -5.868401515852399426e-07
5.000000000000000000e+00 1.100000000000000000e+01 -7.275423286995638125e-07
5.000000000000000000e+00 1.200000000000000000e+01 1.314068999836419024e-07
5.000000000000000000e+00 1.300000000000000000e+01 9.792887678898872064e-07
5.000000000000000000e+00 1.400000000000000000e+01 -5.245243116238991726e-07
5.000000000000000000e+00 1.500000000000000000e+01 -9.364269642134428000e-07
5.000000000000000000e+00 1.600000000000000000e+01 1.020063688638923703e-06
5.000000000000000000e+00 1.700000000000000000e+01 3.598155280152558897e-07
5.000000000000000000e+00 1.800000000000000000e+01 -8.725066123914565554e-07
5.000000000000000000e+00 1.900000000000000000e+01 2.317032558856143638e-07
5.000000000000000000e+00 2.000000000000000000e+01 2.902219018342966170e-07
6.000000000000000000e+00 0.000000000000000000e+00 -2.849475310726104089e-05
6.000000000000000000e+00 1.000000000000000000e+00 3.113330355500051416e-05
6.000000000000000000e+00 2.000000000000000000e+00 1.761915027583224327e-07
6.000000000000000000e+00 3.000000000000000000e+00 -5.990535615995854719e-06
6.000000000000000000e+00 4.000000000000000000e+00 2.053665559658237379e-06
6.000000000000000000e+00 5.000000000000000000e+00 -1.302999444254472576e-06
6.000000000000000000e+00 6.000000000000000000e+00 -1.862187552731630943e-06
6.000000000000000000e+00 7.000000000000000000e+00 1.229329768630581105e-06
6.000000000000000000e+00 8.000000000000000000e+00 2.245139382579596039e-07
6.000000000000000000e+00 9.000000000000000000e+00 -7.671417500079543485e-07
6.000000000000000000e+00 1.000000000000000000e+01 3.383583139771240676e-07
6.000000000000000000e+00 1.100000000000000000e+01 7.060564414404459800e-07
6.000000000000000000e+00 1.200000000000000000e+01 -2.038838983712680950e-07
6.000000000000000000e+00 1.300000000000000000e+01 -5.473920193086328640e-07
6.000000000000000000e+00 1.400000000000000000e+01 4.839880536004453240e-08
6.000000000000000000e+00 1.500000000000000000e+01 3.282459391551157444e-07
6.000000000000000000e+00 1.600000000000000000e+01 3.594501971299871642e-08
6.000000000000000000e+00 1.700000000000000000e+01 -2.880602805827884295e-07
6.000000000000000000e+00 1.800000000000000000e+01 -1.066857168169503558e-07
6.000000000000000000e+00 1.900000000000000000e+01 4.316960453503546721e-07
7.000000000000000000e+00 0.000000000000000000e+00 -9.827442325786620687e-07
7.000000000000000000e+00 1.000000000000000000e+00 -4.237352444855606767e-06
7.000000000000000000e+00 2.000000000000000000e+00 1.386731963489478745e-06
7.000000000000000000e+00 3.000000000000000000e+00 1.603527452585713788e-06
7.000000000000000000e+00 4.000000000000000000e+00 -3.442328624231505141e-07
7.000000000000000000e+00 5.000000000000000000e+00 3.185461073726743435e-09
7.000000000000000000e+00 6.000000000000000000e+00 -1.707602060863115376e-06
7.000000000000000000e+00 7.000000000000000000e+00 2.572846640801050865e-07
7.000000000000000000e+00 8.000000000000000000e+00 -5.774319042402258242e-07
7.000000000000000000e+00 9.000000000000000000e+00 -1.364558761636348685e-07
7.000000000000000000e+00 1.000000000000000000e+01 7.229075799720841918e-07
7.000000000000000000e+00 1.100000000000000000e+01 1.304547750959869550e-07
7.000000000000000000e+00 1.200000000000000000e+01 1.243304335672964101e-07
7.000000000000000000e+00 1.300000000000000000e+01 -8.167886469718483430e-08
7.000000000000000000e+00 1.400000000000000000e+01 -2.943893719566206132e-07
7.000000000000000000e+00 1.500000000000000000e+01 -1.922040662027224794e-07
7.000000000000000000e+00 1.600000000000000000e+01 7.881109921877940397e-08
7.000000000000000000e+00 1.700000000000000000e+01 4.733376832966221382e-07
7.000000000000000000e+00 1.800000000000000000e+01 -1.338721779513160995e-07
8.000000000000000000e+00 0.000000000000000000e+00 1.318171221981298551e-05
8.000000000000000000e+00 1.000000000000000000e+00 -1.520258135556985598e-05
8.000000000000000000e+00 2.000000000000000000e+00 -5.214809584282419275e-07
8.000000000000000000e+00 3.000000000000000000e+00 3.336093225222202586e-06
8.000000000000000000e+00 4.000000000000000000e+00 -8.094247894772423829e-08
8.000000000000000000e+00 5.000000000000000000e+00 -3.614876843319096016e-07
8.000000000000000000e+00 6.000000000000000000e+00 1.102745964111987412e-06
8.000000000000000000e+00 7.000000000000000000e+00 -1.224837109853778238e-06
8.000000000000000000e+00 8.000000000000000000e+00 -3.512070147477859916e-07
8.000000000000000000e+00 9.000000000000000000e+00 1.849763104787852554e-07
8.000000000000000000e+00 1.000000000000000000e+01 2.755316337266376965e-08
8.000000000000000000e+00 1.100000000000000000e+01 1.809100429059135328e-07
8.000000000000000000e+00 1.200000000000000000e+01 -9.923202829863204728e-08
8.000000000000000000e+00 1.300000000000000000e+01 2.762254932124030822e-07
8.000000000000000000e+00 1.400000000000000000e+01 2.006682605639704950e-07
8.000000000000000000e+00 1.500000000000000000e+01 -5.179633545793180242e-07
8.000000000000000000e+00 1.600000000000000000e+01 -2.746085694760697253e-07
8.000000000000000000e+00 1.700000000000000000e+01 3.450160081148968692e-07
9.000000000000000000e+00 0.000000000000000000e+00 1.841191620654149501e-06
9.000000000000000000e+00 1.000000000000000000e+00 7.435103639056369981e-07
9.000000000000000000e+00 2.000000000000000000e+00 -9.083107661097193917e-07
9.000000000000000000e+00 3.000000000000000000e+00 4.356109226842057164e-07
9.000000000000000000e+00 4.000000000000000000e+00 1.224826619129054371e-06
9.000000000000000000e+00 5.000000000000000000e+00 -4.412275714207542638e-07
9.000000000000000000e+00 6.000000000000000000e+00 2.559184228716301202e-07
9.000000000000000000e+00 7.000000000000000000e+00 6.945203676415098879e-07
9.000000000000000000e+00 8.000000000000000000e+00 1.231926821122148930e-07
9.000000000000000000e+00 9.000000000000000000e+00 -4.898833206558699090e-07
9.000000000000000000e+00 1.000000000000000000e+01 -1.363077091370807767e-07
9.000000000000000000e+00 1.100000000000000000e+01 8.217009760870693483e-08
9.000000000000000000e+00 1.200000000000000000e+01 -2.325531848377904517e-07
9.000000000000000000e+00 1.300000000000000000e+01 1.911230038308086014e-08
9.000000000000000000e+00 1.400000000000000000e+01 4.128570667161289851e-07
9.000000000000000000e+00 1.500000000000000000e+01 1.735309085256387935e-07
9.000000000000000000e+00 1.600000000000000000e+01 -3.579026423683611263e-07
1.000000000000000000e+01 0.000000000000000000e+00 -5.403162062953532113e-06
1.000000000000000000e+01 1.000000000000000000e+00 7.037181101445567379e-06
1.000000000000000000e+01 2.000000000000000000e+00 1.176665401114505574e-06
1.000000000000000000e+01 3.000000000000000000e+00 -9.346247174187794407e-07
1.000000000000000000e+01 4.000000000000000000e+00 -3.497765143894801023e-07
1.000000000000000000e+01 5.000000000000000000e+00 1.176626723367602710e-06
1.000000000000000000e+01 6.000000000000000000e+00 -2.956872558347781453e-07
1.000000000000000000e+01 7.000000000000000000e+00 3.926300451404076691e-07
1.000000000000000000e+01 8.000000000000000000e+00 1.290529023824417279e-07
1.000000000000000000e+01 9.000000000000000000e+00 5.334466942618235227e-07
1.000000000000000000e+01 1.000000000000000000e+01 -6.146338520827122005e-08
1.000000000000000000e+01 1.100000000000000000e+01 -9.470564488703227443e-07
1.000000000000000000e+01 1.200000000000000000e+01 3.125815156674025679e-09
1.000000000000000000e+01 1.300000000000000000e+01 4.465186242161167926e-07
1.000000000000000000e+01 1.400000000000000000e+01 -3.457130028029664427e-08
1.000000000000000000e+01 1.500000000000000000e+01 -9.559241070459266244e-08
1.100000000000000000e+01 0.000000000000000000e+00 2.455887330394396387e-06
1.100000000000000000e+01 1.000000000000000000e+00 -2.838949966859721742e-06
1.100000000000000000e+01 2.000000000000000000e+00 1.827186852633436021e-06
1.100000000000000000e+01 3.000000000000000000e+00 2.023049735589612427e-07
1.100000000000000000e+01 4.000000000000000000e+00 -1.920627737022159662e-06
1.100000000000000000e+01 5.000000000000000000e+00 2.517390057908352164e-07
1.100000000000000000e+01 6.000000000000000000e+00 1.327004393008307605e-06
1.100000000000000000e+01 7.000000000000000000e+00 -7.304617287010029972e-07
1.100000000000000000e+01 8.000000000000000000e+00 -1.966810828187799175e-07
1.100000000000000000e+01 9.000000000000000000e+00 6.983982315217514329e-07
1.100000000000000000e+01 1.000000000000000000e+01 3.929785025761609508e-08
1.100000000000000000e+01 1.100000000000000000e+01 -4.018914310177364038e-07
1.100000000000000000e+01 1.200000000000000000e+01 -1.129388514826055898e-07
1.100000000000000000e+01 1.300000000000000000e+01 2.078932792970540580e-07
1.100000000000000000e+01 1.400000000000000000e+01 -3.517192969031428212e-08
1.200000000000000000e+01 0.000000000000000000e+00 7.024460920719466343e-06
1.200000000000000000e+01 1.000000000000000000e+00 -7.740187679718607411e-06
1.200000000000000000e+01 2.000000000000000000e+00 1.211094503738890984e-06
1.200000000000000000e+01 3.000000000000000000e+00 7.914881700546779167e-07
1.200000000000000000e+01 4.000000000000000000e+00 -1.818576759311544348e-06
1.200000000000000000e+01 5.000000000000000000e+00 -9.320030649709252056e-07
1.200000000000000000e+01 6.000000000000000000e+00 1.081905335333444628e-06
1.200000000000000000e+01 7.000000000000000000e+00 -2.541165289150197888e-07
1.200000000000000000e+01 8.000000000000000000e+00 -5.583918477479300816e-07
1.200000000000000000e+01 9.000000000000000000e+00 4.896939891142281143e-08
1.200000000000000000e+01 1.000000000000000000e+01 3.594815266660451049e-07
1.200000000000000000e+01 1.100000000000000000e+01 1.106693906699190811e-07
1.200000000000000000e+01 1.200000000000000000e+01 -4.673613911817116496e-08
1.200000000000000000e+01 1.300000000000000000e+01 8.870616882203574863e-08
1.300000000000000000e+01 0.000000000000000000e+00 4.243152923774721635e-06
1.300000000000000000e+01 1.000000000000000000e+00 -4.847595763489331734e-06
1.300000000000000000e+01 2.000000000000000000e+00 9.685225583333602004e-07
1.300000000000000000e+01 3.000000000000000000e+00 1.353624841731926098e-06
1.300000000000000000e+01 4.000000000000000000e+00 -1.254384273871345362e-06
1.300000000000000000e+01 5.000000000000000000e+00 -3.339347188205924315e-07
1.300000000000000000e+01 6.000000000000000000e+00 -3.766992771104978727e-08
1.300000000000000000e+01 7.000000000000000000e+00 7.690077314788248167e-08
1.300000000000000000e+01 8.000000000000000000e+00 -8.330534458645031222e-07
1.300000000000000000e+01 9.000000000000000000e+00 5.665042751087510564e-08
1.300000000000000000e+01 1.000000000000000000e+01 6.417851656228491761e-07
1.300000000000000000e+01 1.100000000000000000e+01 -1.784124766470631352e-07
1.300000000000000000e+01 1.200000000000000000e+01 -3.861325170224172454e-08
1.400000000000000000e+01 0.000000000000000000e+00 6.546440076917983622e-06
1.400000000000000000e+01 1.000000000000000000e+00 -6.581908159952743598e-06
1.400000000000000000e+01 2.000000000000000000e+00 2.093313821243942933e-06
1.400000000000000000e+01 3.000000000000000000e+00 2.283240685225389643e-06
1.400000000000000000e+01 4.000000000000000000e+00 -9.911546721238904650e-07
1.400000000000000000e+01 5.000000000000000000e+00 4.159673240598547155e-08
1.400000000000000000e+01 6.000000000000000000e+00 6.987996751316295251e-07
1.400000000000000000e+01 7.000000000000000000e+00 -1.869538265767318151e-07
1.400000000000000000e+01 8.000000000000000000e+00 -6.544062709486200607e-07
1.400000000000000000e+01 9.000000000000000000e+00 -1.312965153989139272e-08
1.400000000000000000e+01 1.000000000000000000e+01 3.858567510255586985e-07
1.400000000000000000e+01 1.100000000000000000e+01 2.605864457122594450e-08
1.500000000000000000e+01 0.000000000000000000e+00 1.332772003268392927e-05
1.500000000000000000e+01 1.000000000000000000e+00 -1.257880518222631377e-05
1.500000000000000000e+01 2.000000000000000000e+00 4.773975239590612375e-06
1.500000000000000000e+01 3.000000000000000000e+00 2.070494036934875647e-06
1.500000000000000000e+01 4.000000000000000000e+00 -1.779446033292971622e-06
1.500000000000000000e+01 5.000000000000000000e+00 3.168724805808333628e-07
1.500000000000000000e+01 6.000000000000000000e+00 1.347175178458087649e-06
1.500000000000000000e+01 7.000000000000000000e+00 -7.939936180576839494e-08
1.500000000000000000e+01 8.000000000000000000e+00 -1.627907820771715787e-07
1.500000000000000000e+01 9.000000000000000000e+00 -6.613145948042791171e-08
1.500000000000000000e+01 1.000000000000000000e+01 3.818428842387015503e-08
1.600000000000000000e+01 0.000000000000000000e+00 1.869237618972675923e-05
1.600000000000000000e+01 1.000000000000000000e+00 -1.740819165841402680e-05
1.600000000000000000e+01 2.000000000000000000e+00 6.615313223808222116e-06
1.600000000000000000e+01 3.000000000000000000e+00 2.227107531261194183e-06
1.600000000000000000e+01 4.000000000000000000e+00 -3.341867130955300399e-06
1.600000000000000000e+01 5.000000000000000000e+00 5.713688677301916143e-07
1.600000000000000000e+01 6.000000000000000000e+00 7.372505817109559436e-07
1.600000000000000000e+01 7.000000000000000000e+00 7.667746794918639682e-08
1.600000000000000000e+01 8.000000000000000000e+00 -6.445989630867721349e-09
1.600000000000000000e+01 9.000000000000000000e+00 2.577540694706101078e-07
1.700000000000000000e+01 0.000000000000000000e+00 2.401912709919209720e-05
1.700000000000000000e+01 1.000000000000000000e+00 -2.228634496239239460e-05
1.700000000000000000e+01 2.000000000000000000e+00 7.444985917426600867e-06
1.700000000000000000e+01 3.000000000000000000e+00 2.983649719289932336e-06
1.700000000000000000e+01 4.000000000000000000e+00 -4.410914134910985004e-06
1.700000000000000000e+01 5.000000000000000000e+00 4.166023678963670263e-07
1.700000000000000000e+01 6.000000000000000000e+00 6.582678211453290041e-07
1.700000000000000000e+01 7.000000000000000000e+00 -5.675260221378809988e-07
1.700000000000000000e+01 8.000000000000000000e+00 -2.180345071859132680e-07
1.800000000000000000e+01 0.000000000000000000e+00 3.078387471548935128e-05
1.800000000000000000e+01 1.000000000000000000e+00 -2.825045032332371088e-05
1.800000000000000000e+01 2.000000000000000000e+00 9.605329089097271704e-06
1.800000000000000000e+01 3.000000000000000000e+00 2.687155079424948037e-06
1.800000000000000000e+01 4.000000000000000000e+00 -4.673312732080323102e-06
1.800000000000000000e+01 5.000000000000000000e+00 7.216469929962933882e-07
1.800000000000000000e+01 6.000000000000000000e+00 1.016727294024427004e-06
1.800000000000000000e+01 7.000000000000000000e+00 -8.999552702312737842e-07
1.900000000000000000e+01 0.000000000000000000e+00 3.812228782943690537e-05
1.900000000000000000e+01 1.000000000000000000e+00 -3.407161797968645257e-05
1.900000000000000000e+01 2.000000000000000000e+00 1.196833836510115053e-05
1.900000000000000000e+01 3.000000000000000000e+00 3.047712793299317500e-06
1.900000000000000000e+01 4.000000000000000000e+00 -4.504181315765559484e-06
1.900000000000000000e+01 5.000000000000000000e+00 1.290781008212491263e-06
1.900000000000000000e+01 6.000000000000000000e+00 5.537137632018322199e-07
2.000000000000000000e+01 0.000000000000000000e+00 4.471883813566056656e-05
2.000000000000000000e+01 1.000000000000000000e+00 -3.920831266986657529e-05
2.000000000000000000e+01 2.000000000000000000e+00 1.284087112100049966e-05
2.000000000000000000e+01 3.000000000000000000e+00 4.520616067855877153e-06
2.000000000000000000e+01 4.000000000000000000e+00 -4.435374697851657677e-06
2.000000000000000000e+01 5.000000000000000000e+00 1.602616770365741173e-06
2.100000000000000000e+01 0.000000000000000000e+00 4.935988636772229468e-05
2.100000000000000000e+01 1.000000000000000000e+00 -4.284319393232260991e-05
2.100000000000000000e+01 2.000000000000000000e+00 1.354144979783791863e-05
2.100000000000000000e+01 3.000000000000000000e+00 4.430904744505902771e-06
2.100000000000000000e+01 4.000000000000000000e+00 -5.054263330783623008e-06
2.200000000000000000e+01 0.000000000000000000e+00 5.223114780327424667e-05
2.200000000000000000e+01 1.000000000000000000e+00 -4.413706505576756392e-05
2.200000000000000000e+01 2.000000000000000000e+00 1.406471802862149259e-05
2.200000000000000000e+01 3.000000000000000000e+00 3.742786094025756722e-06
2.300000000000000000e+01 0.000000000000000000e+00 5.297525794201027376e-05
2.300000000000000000e+01 1.000000000000000000e+00 -4.349692528455134904e-05
2.300000000000000000e+01 2.000000000000000000e+00 1.293990277530303449e-05
2.400000000000000000e+01 0.000000000000000000e+00 5.012784200855086497e-05
2.400000000000000000e+01 1.000000000000000000e+00 -4.129826997345183452e-05
0.000000000000000000e+00 0.000000000000000000e+00 0.000000000000000000e+00
0.000000000000000000e+00 0.000000000000000000e+00 0.000000000000000000e+00
