0.000000000000000000e+00 0.000000000000000000e+00 2.978234933874009333e-04
0.000000000000000000e+00 1.000000000000000000e+00 -4.442534779657692076e-05
0.000000000000000000e+00 2.000000000000000000e+00 -2.780428929179358107e-05
0.000000000000000000e+00 3.000000000000000000e+00 3.789989046552422436e-05
0.000000000000000000e+00 4.000000000000000000e+00 -5.972328256360418009e-06
0.000000000000000000e+00 5.000000000000000000e+00 -3.030164610611070454e-05
0.000000000000000000e+00 6.000000000000000000e+00 -9.791928992041561720e-07
0.000000000000000000e+00 7.000000000000000000e+00 2.147493384832334463e-05
0.000000000000000000e+00 8.000000000000000000e+00 9.247962514190803047e-06
0.000000000000000000e+00 9.000000000000000000e+00 -1.219350092382557366e-05
0.000000000000000000e+00 1.000000000000000000e+01 -1.154822245909781799e-05
0.000000000000000000e+00 1.100000000000000000e+01 3.846517195242858903e-06
0.000000000000000000e+00 1.200000000000000000e+01 9.240923193245601089e-06
0.000000000000000000e+00 1.300000000000000000e+01 2.471137129332900729e-06
0.000000000000000000e+00 1.400000000000000000e+01 -5.076631527468691637e-06
0.000000000000000000e+00 1.500000000000000000e+01 -6.304647406391884000e-06
0.000000000000000000e+00 1.600000000000000000e+01 1.078344350821324713e-06
0.000000000000000000e+00 1.700000000000000000e+01 7.789601758407693635e-06
0.000000000000000000e+00 1.800000000000000000e+01 1.763824590093039159e-06
0.000000000000000000e+00 1.900000000000000000e+01 -7.439374372515455204e-06
0.000000000000000000e+00 2.000000000000000000e+01 -3.234627443542454765e-06
0.000000000000000000e+00 2.100000000000000000e+01 5.917009309956897406e-06
0.000000000000000000e+00 2.200000000000000000e+01 3.550221162090470546e-06
0.000000000000000000e+00 2.300000000000000000e+01 -3.860270503475627166e-06
0.000000000000000000e+00 2.400000000000000000e+01 -3.089135296896989172e-06
1.000000000000000000e+00 0.000000000000000000e+00 -3.510035223076716279e-05
1.000000000000000000e+00 1.000000000000000000e+00 -2.464703134367893169e-04
1.000000000000000000e+00 2.000000000000000000e+00 -4.246617329573241191e-06
1.000000000000000000e+00 3.000000000000000000e+00 4.979450674510532780e-05
1.000000000000000000e+00 4.000000000000000000e+00 4.161696088691246330e-06
1.000000000000000000e+00 5.000000000000000000e+00 2.371058149899816570e-05
1.000000000000000000e+00 6.000000000000000000e+00 9.816052576292441350e-06
1.000000000000000000e+00 7.000000000000000000e+00 -2.821486159432432306e-05
1.000000000000000000e+00 8.000000000000000000e+00 -2.369646603374057781e-05
1.000000000000000000e+00 9.000000000000000000e+00 9.690796447220717262e-06
1.000000000000000000e+00 1.000000000000000000e+01 3.109736705776474795e-05
1.000000000000000000e+00 1.100000000000000000e+01 8.718886208241653012e-06
1.000000000000000000e+00 1.200000000000000000e+01 -3.104176165882271239e-05
1.000000000000000000e+00 1.300000000000000000e+01 -1.911761820213696977e-05
1.000000000000000000e+00 1.400000000000000000e+01 2.540681193503097535e-05
1.000000000000000000e+00 1.500000000000000000e+01 2.129931747786851891e-05
1.000000000000000000e+00 1.600000000000000000e+01 -1.696167019928124009e-05
1.000000000000000000e+00 1.700000000000000000e+01 -1.791722147370725094e-05
1.000000000000000000e+00 1.800000000000000000e+01 8.200189649432389885e-06
1.000000000000000000e+00 1.900000000000000000e+01 1.196045288116593434e-05
1.000000000000000000e+00 2.000000000000000000e+01 -8.317270253375185999e-07
1.000000000000000000e+00 2.100000000000000000e+01 -5.712499720099836157e-06
1.000000000000000000e+00 2.200000000000000000e+01 -4.294859378818637841e-06
1.000000000000000000e+00 2.300000000000000000e+01 5.206552523901551679e-07
1.000000000000000000e+00 2.400000000000000000e+01 7.037004797116163010e-06
2.000000000000000000e+00 0.000000000000000000e+00 9.099414032389672492e-05
2.000000000000000000e+00 1.000000000000000000e+00 9.256302251551370606e-05
2.000000000000000000e+00 2.000000000000000000e+00 1.686917282405810126e-04
2.000000000000000000e+00 3.000000000000000000e+00 -2.379903513238112192e-05
2.000000000000000000e+00 4.000000000000000000e+00 -8.539467713533089568e-05
2.000000000000000000e+00 5.000000000000000000e+00 -2.281656087310634419e-05
2.000000000000000000e+00 6.000000000000000000e+00 -5.969742307996089613e-06
2.000000000000000000e+00 7.000000000000000000e+00 3.867370105477950938e-05
2.000000000000000000e+00 8.000000000000000000e+00 5.108942444985104452e-05
2.000000000000000000e+00 9.000000000000000000e+00 -3.312140848334936273e-05
2.000000000000000000e+00 1.000000000000000000e+01 -5.708228435704087750e-05
2.000000000000000000e+00 1.100000000000000000e+01 1.789883289468069828e-05
2.000000000000000000e+00 1.200000000000000000e+01 4.229499840544891049e-05
2.000000000000000000e+00 1.300000000000000000e+01 -1.895775299249358022e-06
2.000000000000000000e+00 1.400000000000000000e+01 -2.159124673100510026e-05
2.000000000000000000e+00 1.500000000000000000e+01 -9.940388634596229671e-06
2.000000000000000000e+00 1.600000000000000000e+01 3.555378722600827131e-06
2.000000000000000000e+00 1.700000000000000000e+01 1.596353205348173627e-05
2.000000000000000000e+00 1.800000000000000000e+01 8.400537240070231592e-06
2.000000000000000000e+00 1.900000000000000000e+01 -1.667081027177435011e-05
2.000000000000000000e+00 2.000000000000000000e+01 -1.409814147062323037e-05
2.000000000000000000e+00 2.100000000000000000e+01 1.361000646832552269e-05
2.000000000000000000e+00 2.200000000000000000e+01 1.492272054697529498e-05
2.000000000000000000e+00 2.300000000000000000e+01 -8.574808903872867713e-06
3.000000000000000000e+00 0.000000000000000000e+00 -7.804701233263937885e-05
3.000000000000000000e+00 1.000000000000000000e+00 -6.573686204911162771e-05
3.000000000000000000e+00 2.000000000000000000e+00 -4.840011733397924740e-05
3.000000000000000000e+00 3.000000000000000000e+00 -9.075301225218516390e-05
3.000000000000000000e+00 4.000000000000000000e+00 5.357879047634071644e-05
3.000000000000000000e+00 5.000000000000000000e+00 1.116381863465072259e-04
3.000000000000000000e+00 6.000000000000000000e+00 -2.712269187884939778e-05
3.000000000000000000e+00 7.000000000000000000e+00 -7.367602354830634823e-05
3.000000000000000000e+00 8.000000000000000000e+00 -2.403358876513878737e-07
3.000000000000000000e+00 9.000000000000000000e+00 2.741714655443408717e-05
3.000000000000000000e+00 1.000000000000000000e+01 1.743104357243018234e-05
3.000000000000000000e+00 1.100000000000000000e+01 5.910650260298397419e-06
3.000000000000000000e+00 1.200000000000000000e+01 -2.313800197734650009e-05
3.000000000000000000e+00 1.300000000000000000e+01 -2.225494252844722096e-05
3.000000000000000000e+00 1.400000000000000000e+01 2.030106298089449080e-05
3.000000000000000000e+00 1.500000000000000000e+01 2.514310958512714920e-05
3.000000000000000000e+00 1.600000000000000000e+01 -1.292260765349800738e-05
3.000000000000000000e+00 1.700000000000000000e+01 -2.007919866549727323e-05
3.000000000000000000e+00 1.800000000000000000e+01 4.454885455140567421e-06
3.000000000000000000e+00 1.900000000000000000e+01 1.188943301300070245e-05
3.000000000000000000e+00 2.000000000000000000e+01 2.798314772147150555e-06
3.000000000000000000e+00 2.100000000000000000e+01 -3.836157335311706148e-06
3.000000000000000000e+00 2.200000000000000000e+01 -7.700681226564520460e-06
4.000000000000000000e+00 0.000000000000000000e+00 -1.381606096460733111e-05
4.000000000000000000e+00 1.000000000000000000e+00 1.653666245220451373e-05
4.000000000000000000e+00 2.000000000000000000e+00 2.225619712566682509e-05
4.000000000000000000e+00 3.000000000000000000e+00 8.581940526829466112e-06
4.000000000000000000e+00 4.000000000000000000e+00 4.859135334215424455e-06
4.000000000000000000e+00 5.000000000000000000e+00 -1.717663006019877681e-05
4.000000000000000000e+00 6.000000000000000000e+00 -2.074195127341885563e-05
4.000000000000000000e+00 7.000000000000000000e+00 1.495689964188433180e-05
4.000000000000000000e+00 8.000000000000000000e+00 2.261089535118068693e-05
4.000000000000000000e+00 9.000000000000000000e+00 -8.415200945121790481e-06
4.000000000000000000e+00 1.000000000000000000e+01 -1.630573037157780666e-05
4.000000000000000000e+00 1.100000000000000000e+01 1.736970443305244722e-06
4.000000000000000000e+00 1.200000000000000000e+01 7.580773481575258357e-06
4.000000000000000000e+00 1.300000000000000000e+01 3.086761151965738295e-06
4.000000000000000000e+00 1.400000000000000000e+01 -1.511100490143225531e-08
4.000000000000000000e+00 1.500000000000000000e+01 -5.563402740746978187e-06
4.000000000000000000e+00 1.600000000000000000e+01 -4.891989455447226085e-06
4.000000000000000000e+00 1.700000000000000000e+01 6.024417448400305286e-06
4.000000000000000000e+00 1.800000000000000000e+01 7.035497165820195139e-06
4.000000000000000000e+00 1.900000000000000000e+01 -5.128932660267244430e-06
4.000000000000000000e+00 2.000000000000000000e+01 -7.023851508212560864e-06
4.000000000000000000e+00 2.100000000000000000e+01 3.556375919129351618e-06
5.000000000000000000e+00 0.000000000000000000e+00 4.860797177874563230e-05
5.000000000000000000e+00 1.000000000000000000e+00 4.831239078038988008e-05
5.000000000000000000e+00 2.000000000000000000e+00 1.736801974283055331e-05
5.000000000000000000e+00 3.000000000000000000e+00 3.870651722237155895e-05
5.000000000000000000e+00 4.000000000000000000e+00 -2.876104763273401799e-05
5.000000000000000000e+00 5.000000000000000000e+00 -5.692859422153827504e-05
5.000000000000000000e+00 6.000000000000000000e+00 1.976295810193822862e-05
5.000000000000000000e+00 7.000000000000000000e+00 4.246748749905274140e-05
5.000000000000000000e+00 8.000000000000000000e+00 -5.938417332718977186e-06
5.000000000000000000e+00 9.000000000000000000e+00 -2.070988001241230730e-05
5.000000000000000000e+00 1.000000000000000000e+01 -5.030752971677118929e-06
5.000000000000000000e+00 1.100000000000000000e+01 3.175521815460695677e-06
5.000000000000000000e+00 1.200000000000000000e+01 1.067590689865237373e-05
5.000000000000000000e+00 1.300000000000000000e+01 7.068619492787218392e-06
5.000000000000000000e+00 1.400000000000000000e+01 -1.144717094271917683e-05
5.000000000000000000e+00 1.500000000000000000e+01 -1.091416914646968923e-05
5.000000000000000000e+00 1.600000000000000000e+01 8.998140759097451589e-06
5.000000000000000000e+00 1.700000000000000000e+01 1.051792847833695382e-05
5.000000000000000000e+00 1.800000000000000000e+01 -5.123742274881658381e-06
5.000000000000000000e+00 1.900000000000000000e+01 -7.974311824767088013e-06
5.000000000000000000e+00 2.000000000000000000e+01 1.233850553348469191e-06
6.000000000000000000e+00 0.000000000000000000e+00 -2.097154393739894692e-05
6.000000000000000000e+00 1.000000000000000000e+00 -4.997902171726842249e-05
6.000000000000000000e+00 2.000000000000000000e+00 -8.469981789747470615e-05
6.000000000000000000e+00 3.000000000000000000e+00 6.109892479481892369e-06
6.000000000000000000e+00 4.000000000000000000e+00 3.012725534403309967e-05
6.000000000000000000e+00 5.000000000000000000e+00 2.027596866451718749e-05
6.000000000000000000e+00 6.000000000000000000e+00 1.836182389759218855e-05
6.000000000000000000e+00 7.000000000000000000e+00 -2.674607926589698512e-05
6.000000000000000000e+00 8.000000000000000000e+00 -3.782627165040595930e-05
6.000000000000000000e+00 9.000000000000000000e+00 2.056086300614342195e-05
6.000000000000000000e+00 1.000000000000000000e+01 3.570653675778209481e-05
6.000000000000000000e+00 1.100000000000000000e+01 -9.435956885567144608e-06
6.000000000000000000e+00 1.200000000000000000e+01 -2.357547662369877451e-05
6.000000000000000000e+00 1.300000000000000000e+01 -1.218280828972925297e-06
6.000000000000000000e+00 1.400000000000000000e+01 9.906780980157288720e-06
6.000000000000000000e+00 1.500000000000000000e+01 8.635514623042084780e-06
6.000000000000000000e+00 1.600000000000000000e+01 8.588047746324161798e-07
6.000000000000000000e+00 1.700000000000000000e+01 -1.210535089125425983e-05
6.000000000000000000e+00 1.800000000000000000e+01 -7.319958579663757883e-06
6.000000000000000000e+00 1.900000000000000000e+01 1.217126902216142278e-05
7.000000000000000000e+00 0.000000000000000000e+00 -7.578403576619065458e-06
7.000000000000000000e+00 1.000000000000000000e+00 2.493181492797842336e-05
7.000000000000000000e+00 2.000000000000000000e+00 1.306179125449774522e-05
7.000000000000000000e+00 3.000000000000000000e+00 4.309264993488517718e-06
7.000000000000000000e+00 4.000000000000000000e+00 -3.067863703418697315e-06
7.000000000000000000e+00 5.000000000000000000e+00 -7.177554095554486115e-06
7.000000000000000000e+00 6.000000000000000000e+00 -5.720651690127445437e-06
7.000000000000000000e+00 7.000000000000000000e+00 6.755220733026970496e-08
7.000000000000000000e+00 8.000000000000000000e+00 9.866323779938420872e-06
7.000000000000000000e+00 9.000000000000000000e+00 6.976551477654732219e-06
7.000000000000000000e+00 1.000000000000000000e+01 -9.902624303326799314e-06
7.000000000000000000e+00 1.100000000000000000e+01 -1.039691124930835808e-05
7.000000000000000000e+00 1.200000000000000000e+01 7.466197857306810516e-06
7.000000000000000000e+00 1.300000000000000000e+01 1.016881800077777871e-05
7.000000000000000000e+00 1.400000000000000000e+01 -4.128629309682516352e-06
7.000000000000000000e+00 1.500000000000000000e+01 -7.607989995761015126e-06
7.000000000000000000e+00 1.600000000000000000e+01 9.906766173261041754e-07
7.000000000000000000e+00 1.700000000000000000e+01 4.166310868661828626e-06
7.000000000000000000e+00 1.800000000000000000e+01 1.362917112452249244e-06
8.000000000000000000e+00 0.000000000000000000e+00 7.356989622824972691e-06
8.000000000000000000e+00 1.000000000000000000e+00 3.286979295817063566e-05
8.000000000000000000e+00 2.000000000000000000e+00 5.496851071014997810e-05
8.000000000000000000e+00 3.000000000000000000e+00 -1.162052316840960410e-05
8.000000000000000000e+00 4.000000000000000000e+00 -2.439364283584553387e-05
8.000000000000000000e+00 5.000000000000000000e+00 -6.005514284855062049e-06
8.000000000000000000e+00 6.000000000000000000e+00 -4.864365090069084600e-06
8.000000000000000000e+00 7.000000000000000000e+00 1.353743506553060665e-05
8.000000000000000000e+00 8.000000000000000000e+00 1.864582857645371718e-05
8.000000000000000000e+00 9.000000000000000000e+00 -1.273060363739486398e-05
8.000000000000000000e+00 1.000000000000000000e+01 -2.012710261113255156e-05
8.000000000000000000e+00 1.100000000000000000e+01 7.487191850998304507e-06
8.000000000000000000e+00 1.200000000000000000e+01 1.524507891758376539e-05
8.000000000000000000e+00 1.300000000000000000e+01 -1.261035014436939233e-06
8.000000000000000000e+00 1.400000000000000000e+01 -8.582750910092258221e-06
8.000000000000000000e+00 1.500000000000000000e+01 -3.776442996196494354e-06
8.000000000000000000e+00 1.600000000000000000e+01 2.720589013015610080e-06
8.000000000000000000e+00 1.700000000000000000e+01 6.711235238040068403e-06
9.000000000000000000e+00 0.000000000000000000e+00 -1.013826573828019850e-05
9.000000000000000000e+00 1.000000000000000000e+00 -5.721870613850797742e-05
9.000000000000000000e+00 2.000000000000000000e+00 -2.173737316572418393e-05
9.000000000000000000e+00 3.000000000000000000e+00 -1.824027002734496125e-05
9.000000000000000000e+00 4.000000000000000000e+00 1.730755590445451049e-05
9.000000000000000000e+00 5.000000000000000000e+00 3.201067802428201020e-05
9.000000000000000000e+00 6.000000000000000000e+00 -4.141814516222855664e-06
9.000000000000000000e+00 7.000000000000000000e+00 -1.883919620271383910e-05
9.000000000000000000e+00 8.000000000000000000e+00 -7.145528371101631382e-06
9.000000000000000000e+00 9.000000000000000000e+00 1.727578299984155021e-06
9.000000000000000000e+00 1.000000000000000000e+01 1.300248100511190919e-05
9.000000000000000000e+00 1.100000000000000000e+01 9.913315379571570644e-06
9.000000000000000000e+00 1.200000000000000000e+01 -1.359996806041664872e-05
9.000000000000000000e+00 1.300000000000000000e+01 -1.448518218159789121e-05
9.000000000000000000e+00 1.400000000000000000e+01 1.065842992668516137e-05
9.000000000000000000e+00 1.500000000000000000e+01 1.370170363686019636e-05
9.000000000000000000e+00 1.600000000000000000e+01 -6.141718965341527150e-06
1.000000000000000000e+01 0.000000000000000000e+00 1.543797253695017080e-05
1.000000000000000000e+01 1.000000000000000000e+00 -5.940108105207233558e-06
1.000000000000000000e+01 2.000000000000000000e+00 -5.741378380089696260e-06
1.000000000000000000e+01 3.000000000000000000e+00 9.138507977044269619e-06
1.000000000000000000e+01 4.000000000000000000e+00 6.079986658959636564e-06
1.000000000000000000e+01 5.000000000000000000e+00 -5.977115616444044974e-06
1.000000000000000000e+01 6.000000000000000000e+00 -5.336332070758250049e-06
1.000000000000000000e+01 7.000000000000000000e+00 1.639769505118279022e-06
1.000000000000000000e+01 8.000000000000000000e+00 2.995438145408502320e-06
1.000000000000000000e+01 9.000000000000000000e+00 1.422399594704573164e-06
1.000000000000000000e+01 1.000000000000000000e+01 -1.896296027617840278e-07
1.000000000000000000e+01 1.100000000000000000e+01 -2.686853092742498647e-06
1.000000000000000000e+01 1.200000000000000000e+01 -2.106809851678349028e-06
1.000000000000000000e+01 1.300000000000000000e+01 2.544142055558215577e-06
1.000000000000000000e+01 1.400000000000000000e+01 3.434965846777340478e-06
1.000000000000000000e+01 1.500000000000000000e+01 -1.639730373960972334e-06
1.100000000000000000e+01 0.000000000000000000e+00 9.591932381807386781e-06
1.100000000000000000e+01 1.000000000000000000e+00 4.705838316369929849e-05
1.100000000000000000e+01 2.000000000000000000e+00 1.507819267832898063e-05
1.100000000000000000e+01 3.000000000000000000e+00 1.349992201798223110e-05
1.100000000000000000e+01 4.000000000000000000e+00 -1.573749807678833854e-05
1.100000000000000000e+01 5.000000000000000000e+00 -2.646229883586202289e-05
1.100000000000000000e+01 6.000000000000000000e+00 7.203312719966773127e-06
1.100000000000000000e+01 7.000000000000000000e+00 1.769078233736862268e-05
1.100000000000000000e+01 8.000000000000000000e+00 2.088054112599191901e-06
1.100000000000000000e+01 9.000000000000000000e+00 -4.785446719348934928e-06
1.100000000000000000e+01 1.000000000000000000e+01 -8.140709769112839200e-06
1.100000000000000000e+01 1.100000000000000000e+01 -4.750530318605203933e-06
1.100000000000000000e+01 1.200000000000000000e+01 1.012189678329954166e-05
1.100000000000000000e+01 1.300000000000000000e+01 9.308289331458076941e-06
1.100000000000000000e+01 1.400000000000000000e+01 -8.889868541450017935e-06
1.200000000000000000e+01 0.000000000000000000e+00 -2.741757442530459279e-05
1.200000000000000000e+01 1.000000000000000000e+00 -1.090021500655502412e-05
1.200000000000000000e+01 2.000000000000000000e+00 -2.570693947381066371e-05
1.200000000000000000e+01 3.000000000000000000e+00 -3.592463188141369580e-06
1.200000000000000000e+01 4.000000000000000000e+00 7.919700980633024480e-06
1.200000000000000000e+01 5.000000000000000000e+00 9.941022249340501223e-06
1.200000000000000000e+01 6.000000000000000000e+00 8.454108293554983179e-06
1.200000000000000000e+01 7.000000000000000000e+00 -9.472889652390390411e-06
1.200000000000000000e+01 8.000000000000000000e+00 -1.391722597306625705e-05
1.200000000000000000e+01 9.000000000000000000e+00 5.611661566022565501e-06
1.200000000000000000e+01 1.000000000000000000e+01 1.161694684813922448e-05
1.200000000000000000e+01 1.100000000000000000e+01 -1.136584571426349258e-06
1.200000000000000000e+01 1.200000000000000000e+01 -6.193995059434756051e-06
1.200000000000000000e+01 1.300000000000000000e+01 -2.358381932096234635e-06
1.300000000000000000e+01 0.000000000000000000e+00 -2.501700749971919675e-06
1.300000000000000000e+01 1.000000000000000000e+00 -1.891876492454990676e-05
1.300000000000000000e+01 2.000000000000000000e+00 -3.999775744982362885e-06
1.300000000000000000e+01 3.000000000000000000e+00 -3.362593222053492226e-06
1.300000000000000000e+01 4.000000000000000000e+00 7.081203470575963082e-06
1.300000000000000000e+01 5.000000000000000000e+00 9.958645457652668398e-06
1.300000000000000000e+01 6.000000000000000000e+00 -5.319792359317048879e-06
1.300000000000000000e+01 7.000000000000000000e+00 -8.438088197692695928e-06
1.300000000000000000e+01 8.000000000000000000e+00 1.616701736606637653e-06
1.300000000000000000e+01 9.000000000000000000e+00 4.495898717633090129e-06
1.300000000000000000e+01 1.000000000000000000e+01 1.665078387492585873e-06
1.300000000000000000e+01 1.100000000000000000e+01 -8.740848310710659093e-07
1.300000000000000000e+01 1.200000000000000000e+01 -3.468768517824853573e-06
1.400000000000000000e+01 0.000000000000000000e+00 2.641612826862349827e-05
1.400000000000000000e+01 1.000000000000000000e+00 1.471217616053093323e-05
1.400000000000000000e+01 2.000000000000000000e+00 3.291237491856363525e-05
1.400000000000000000e+01 3.000000000000000000e+00 -1.052296829123603181e-06
1.400000000000000000e+01 4.000000000000000000e+00 -1.293613058513540838e-05
1.400000000000000000e+01 5.000000000000000000e+00 -7.912026167203137521e-06
1.400000000000000000e+01 6.000000000000000000e+00 -6.442417311318006814e-06
1.400000000000000000e+01 7.000000000000000000e+00 9.981206330054536349e-06
1.400000000000000000e+01 8.000000000000000000e+00 1.414685049013356333e-05
1.400000000000000000e+01 9.000000000000000000e+00 -7.357311368995205693e-06
1.400000000000000000e+01 1.000000000000000000e+01 -1.313420645464128047e-05
1.400000000000000000e+01 1.100000000000000000e+01 2.891542806521206720e-06
1.500000000000000000e+01 0.000000000000000000e+00 -3.616520857019174046e-06
1.500000000000000000e+01 1.000000000000000000e+00 -6.862161924210398401e-06
1.500000000000000000e+01 2.000000000000000000e+00 -4.482856418480764020e-06
1.500000000000000000e+01 3.000000000000000000e+00 -4.416956339552711373e-06
1.500000000000000000e+01 4.000000000000000000e+00 1.561705577668241467e-06
1.500000000000000000e+01 5.000000000000000000e+00 4.332914206791954335e-06
1.500000000000000000e+01 6.000000000000000000e+00 1.490495759144535724e-06
1.500000000000000000e+01 7.000000000000000000e+00 -4.518585462988480376e-07
1.500000000000000000e+01 8.000000000000000000e+00 -2.832207448464085204e-06
1.500000000000000000e+01 9.000000000000000000e+00 -2.929205321386388455e-06
1.500000000000000000e+01 1.000000000000000000e+01 2.743184982441696551e-06
1.600000000000000000e+01 0.000000000000000000e+00 -1.778378319939955267e-05
1.600000000000000000e+01 1.000000000000000000e+00 -1.011666053151829706e-05
1.600000000000000000e+01 2.000000000000000000e+00 -2.385840747381061437e-05
1.600000000000000000e+01 3.000000000000000000e+00 3.162628491537112614e-06
1.600000000000000000e+01 4.000000000000000000e+00 1.092115307851843751e-05
1.600000000000000000e+01 5.000000000000000000e+00 3.666017850606988770e-06
1.600000000000000000e+01 6.000000000000000000e+00 2.529910169654322422e-06
1.600000000000000000e+01 7.000000000000000000e+00 -6.470687877128536094e-06
1.600000000000000000e+01 8.000000000000000000e+00 -8.576644950507764884e-06
1.600000000000000000e+01 9.000000000000000000e+00 5.637588668855510905e-06
1.700000000000000000e+01 0.000000000000000000e+00 6.249371090624036058e-06
1.700000000000000000e+01 1.000000000000000000e+00 2.112868793471053475e-05
1.700000000000000000e+01 2.000000000000000000e+00 8.108469025587459843e-06
1.700000000000000000e+01 3.000000000000000000e+00 7.544166918690090632e-06
1.700000000000000000e+01 4.000000000000000000e+00 -6.773506116609670792e-06
1.700000000000000000e+01 5.000000000000000000e+00 -1.149825395633779667e-05
1.700000000000000000e+01 6.000000000000000000e+00 1.947998164975966963e-06
1.700000000000000000e+01 7.000000000000000000e+00 5.500633258466144732e-06
1.700000000000000000e+01 8.000000000000000000e+00 2.149025279761067991e-06
1.800000000000000000e+01 0.000000000000000000e+00 7.467426857268581633e-06
1.800000000000000000e+01 1.000000000000000000e+00 2.805068302426266835e-06
1.800000000000000000e+01 2.000000000000000000e+00 9.108211446277623209e-06
1.800000000000000000e+01 3.000000000000000000e+00 -2.936857711811731800e-06
1.800000000000000000e+01 4.000000000000000000e+00 -5.704702522086301890e-06
1.800000000000000000e+01 5.000000000000000000e+00 8.035627762344160126e-08
1.800000000000000000e+01 6.000000000000000000e+00 9.240958129847587291e-07
1.800000000000000000e+01 7.000000000000000000e+00 2.097481690556250032e-06
1.900000000000000000e+01 0.000000000000000000e+00 -5.830602391655730996e-06
1.900000000000000000e+01 1.000000000000000000e+00 -2.351923306192389232e-05
1.900000000000000000e+01 2.000000000000000000e+00 -7.638446211151285613e-06
1.900000000000000000e+01 3.000000000000000000e+00 -6.839117943657241512e-06
1.900000000000000000e+01 4.000000000000000000e+00 8.094101654798108750e-06
1.900000000000000000e+01 5.000000000000000000e+00 1.200533194012094476e-05
1.900000000000000000e+01 6.000000000000000000e+00 -3.856487379356124315e-06
2.000000000000000000e+01 0.000000000000000000e+00 7.411947514868778310e-07
2.000000000000000000e+01 1.000000000000000000e+00 3.322260294290732736e-06
2.000000000000000000e+01 2.000000000000000000e+00 3.734800253512789700e-06
2.000000000000000000e+01 3.000000000000000000e+00 1.405759667028749005e-06
2.000000000000000000e+01 4.000000000000000000e+00 4.613262537795539375e-07
2.000000000000000000e+01 5.000000000000000000e+00 -2.209388670965355568e-06
2.100000000000000000e+01 0.000000000000000000e+00 3.782539770509734952e-06
2.100000000000000000e+01 1.000000000000000000e+00 1.800137437229305977e-05
2.100000000000000000e+01 2.000000000000000000e+00 4.957305303122253350e-06
2.100000000000000000e+01 3.000000000000000000e+00 4.138057533529140882e-06
2.100000000000000000e+01 4.000000000000000000e+00 -6.623248852498097020e-06
2.200000000000000000e+01 0.000000000000000000e+00 -5.447090275353427348e-06
2.200000000000000000e+01 1.000000000000000000e+00 -6.640383125248561469e-06
2.200000000000000000e+01 2.000000000000000000e+00 -1.121864415491781813e-05
2.200000000000000000e+01 3.000000000000000000e+00 3.626172980433614094e-07
2.300000000000000000e+01 0.000000000000000000e+00 -1.400328811314716966e-06
2.300000000000000000e+01 1.000000000000000000e+00 -9.341685980008754327e-06
2.300000000000000000e+01 2.000000000000000000e+00 -1.831359749316845748e-06
2.400000000000000000e+01 0.000000000000000000e+00 6.894839656284151073e-06
2.400000000000000000e+01 1.000000000000000000e+00 7.199736109056835363e-06
0.000000000000000000e+00 0.000000000000000000e+00 0.000000000000000000e+00
0.000000000000000000e+00 0.000000000000000000e+00 0.000000000000000000e+00
