0.000000000000000000e+00 0.000000000000000000e+00 1.061320521236471448e-03
0.000000000000000000e+00 1.000000000000000000e+00 -4.291433583436844723e-04
0.000000000000000000e+00 2.000000000000000000e+00 -1.161625488669944603e-04
0.000000000000000000e+00 3.000000000000000000e+00 2.221418669945298796e-04
0.000000000000000000e+00 4.000000000000000000e+00 2.102394204999404547e-04
0.000000000000000000e+00 5.000000000000000000e+00 -2.060136703720133607e-04
0.000000000000000000e+00 6.000000000000000000e+00 6.268291005699881539e-05
0.000000000000000000e+00 7.000000000000000000e+00 6.076338810979820654e-05
0.000000000000000000e+00 8.000000000000000000e+00 7.578663189217673562e-05
0.000000000000000000e+00 9.000000000000000000e+00 -1.252574164366230158e-04
0.000000000000000000e+00 1.000000000000000000e+01 8.600994122138962833e-05
0.000000000000000000e+00 1.100000000000000000e+01 -2.439949834641862026e-05
0.000000000000000000e+00 1.200000000000000000e+01 5.275199757620610644e-05
0.000000000000000000e+00 1.300000000000000000e+01 -8.309329777810615404e-05
0.000000000000000000e+00 1.400000000000000000e+01 6.185683015279717033e-05
0.000000000000000000e+00 1.500000000000000000e+01 -3.580698590656403911e-05
0.000000000000000000e+00 1.600000000000000000e+01 3.210622142187080901e-05
0.000000000000000000e+00 1.700000000000000000e+01 -4.153518078268558252e-05
0.000000000000000000e+00 1.800000000000000000e+01 2.773287255546175718e-05
0.000000000000000000e+00 1.900000000000000000e+01 -9.947469523144347682e-06
0.000000000000000000e+00 2.000000000000000000e+01 5.011987831623549282e-06
0.000000000000000000e+00 2.100000000000000000e+01 -1.100527453780143014e-05
0.000000000000000000e+00 2.200000000000000000e+01 4.275519893877223777e-06
0.000000000000000000e+00 2.300000000000000000e+01 3.319838627487005831e-06
0.000000000000000000e+00 2.400000000000000000e+01 -5.456054101344749606e-06
1.000000000000000000e+00 0.000000000000000000e+00 -6.707618690638473050e-05
1.000000000000000000e+00 1.000000000000000000e+00 1.598733740008895492e-04
1.000000000000000000e+00 2.000000000000000000e+00 2.539080237549813489e-05
1.000000000000000000e+00 3.000000000000000000e+00 2.438080338933268056e-05
1.000000000000000000e+00 4.000000000000000000e+00 -4.112591618010495015e-05
1.000000000000000000e+00 5.000000000000000000e+00 8.289774928166214973e-05
1.000000000000000000e+00 6.000000000000000000e+00 -2.268186839352888786e-05
1.000000000000000000e+00 7.000000000000000000e+00 1.444535771612844168e-05
1.000000000000000000e+00 8.000000000000000000e+00 -3.074474828583829018e-05
1.000000000000000000e+00 9.000000000000000000e+00 4.210615240495763160e-05
1.000000000000000000e+00 1.000000000000000000e+01 -2.439484059983840103e-05
1.000000000000000000e+00 1.100000000000000000e+01 2.179023356003524753e-05
1.000000000000000000e+00 1.200000000000000000e+01 -3.176559955466088080e-05
1.000000000000000000e+00 1.300000000000000000e+01 3.974203009961914721e-05
1.000000000000000000e+00 1.400000000000000000e+01 -3.256260249269393671e-05
1.000000000000000000e+00 1.500000000000000000e+01 2.647979697210681060e-05
1.000000000000000000e+00 1.600000000000000000e+01 -2.730057909208649132e-05
1.000000000000000000e+00 1.700000000000000000e+01 2.700041675381395289e-05
1.000000000000000000e+00 1.800000000000000000e+01 -1.837983110147148547e-05
1.000000000000000000e+00 1.900000000000000000e+01 1.124128433804074736e-05
1.000000000000000000e+00 2.000000000000000000e+01 -8.492669826201241942e-06
1.000000000000000000e+00 2.100000000000000000e+01 5.609484954498913085e-06
1.000000000000000000e+00 2.200000000000000000e+01 -4.371728143297218063e-06
1.000000000000000000e+00 2.300000000000000000e+01 9.354815567063393348e-08
1.000000000000000000e+00 2.400000000000000000e+01 2.136400598628207747e-06
2.000000000000000000e+00 0.000000000000000000e+00 -1.667353580386905689e-04
2.000000000000000000e+00 1.000000000000000000e+00 1.784702290605799560e-04
2.000000000000000000e+00 2.000000000000000000e+00 1.598290398218847803e-04
2.000000000000000000e+00 3.000000000000000000e+00 -1.292179205591223587e-04
2.000000000000000000e+00 4.000000000000000000e+00 1.881436302565990711e-05
2.000000000000000000e+00 5.000000000000000000e+00 5.717488798670775004e-05
2.000000000000000000e+00 6.000000000000000000e+00 4.129144100916989864e-05
2.000000000000000000e+00 7.000000000000000000e+00 -8.814253094397779987e-05
2.000000000000000000e+00 8.000000000000000000e+00 2.681186934781452190e-05
2.000000000000000000e+00 9.000000000000000000e+00 2.842167616181211608e-06
2.000000000000000000e+00 1.000000000000000000e+01 1.018772277721860208e-05
2.000000000000000000e+00 1.100000000000000000e+01 -4.898310628965784957e-05
2.000000000000000000e+00 1.200000000000000000e+01 2.938848604609203979e-05
2.000000000000000000e+00 1.300000000000000000e+01 -1.236437312829706428e-05
2.000000000000000000e+00 1.400000000000000000e+01 1.007607082215152510e-05
2.000000000000000000e+00 1.500000000000000000e+01 -2.217705972063238148e-05
2.000000000000000000e+00 1.600000000000000000e+01 1.475816298730115080e-05
2.000000000000000000e+00 1.700000000000000000e+01 -6.703975912296250165e-06
2.000000000000000000e+00 1.800000000000000000e+01 2.079075595722410487e-06
2.000000000000000000e+00 1.900000000000000000e+01 -7.236359945307299047e-06
2.000000000000000000e+00 2.000000000000000000e+01 6.140366945359537912e-06
2.000000000000000000e+00 2.100000000000000000e+01 -9.346294053245985476e-07
2.000000000000000000e+00 2.200000000000000000e+01 -1.669658326475752677e-06
2.000000000000000000e+00 2.300000000000000000e+01 -1.907191964603161148e-06
3.000000000000000000e+00 0.000000000000000000e+00 1.804126528996327346e-04
3.000000000000000000e+00 1.000000000000000000e+00 -4.046521232124739568e-05
3.000000000000000000e+00 2.000000000000000000e+00 -5.430978542343155887e-05
3.000000000000000000e+00 3.000000000000000000e+00 6.460398611144474337e-05
3.000000000000000000e+00 4.000000000000000000e+00 8.336496484416807220e-06
3.000000000000000000e+00 5.000000000000000000e+00 1.348259859917919065e-05
3.000000000000000000e+00 6.000000000000000000e+00 -3.245661044462826595e-05
3.000000000000000000e+00 7.000000000000000000e+00 4.643479984527073445e-05
3.000000000000000000e+00 8.000000000000000000e+00 -2.510654118703957560e-05
3.000000000000000000e+00 9.000000000000000000e+00 1.590110055723616836e-05
3.000000000000000000e+00 1.000000000000000000e+01 -2.573396670810891695e-05
3.000000000000000000e+00 1.100000000000000000e+01 3.241584660415262073e-05
3.000000000000000000e+00 1.200000000000000000e+01 -1.559749239913566272e-05
3.000000000000000000e+00 1.300000000000000000e+01 9.615918340635888547e-06
3.000000000000000000e+00 1.400000000000000000e+01 -6.491010212108582393e-06
3.000000000000000000e+00 1.500000000000000000e+01 1.156766501632720920e-05
3.000000000000000000e+00 1.600000000000000000e+01 -1.775722000668660485e-06
3.000000000000000000e+00 1.700000000000000000e+01 -6.256438776683073189e-07
3.000000000000000000e+00 1.800000000000000000e+01 1.368740637054793338e-06
3.000000000000000000e+00 1.900000000000000000e+01 5.142824422471223053e-06
3.000000000000000000e+00 2.000000000000000000e+01 1.957981077054219005e-06
3.000000000000000000e+00 2.100000000000000000e+01 1.001711993510962743e-06
3.000000000000000000e+00 2.200000000000000000e+01 2.641101943010821653e-06
4.000000000000000000e+00 0.000000000000000000e+00 2.551397341960533302e-04
4.000000000000000000e+00 1.000000000000000000e+00 -1.081617639413126310e-04
4.000000000000000000e+00 2.000000000000000000e+00 -5.156275022785253732e-05
4.000000000000000000e+00 3.000000000000000000e+00 8.282063266886542695e-05
4.000000000000000000e+00 4.000000000000000000e+00 2.370831232477109464e-05
4.000000000000000000e+00 5.000000000000000000e+00 -5.812202120396128596e-05
4.000000000000000000e+00 6.000000000000000000e+00 1.798684917153145903e-05
4.000000000000000000e+00 7.000000000000000000e+00 1.297714470262171241e-05
4.000000000000000000e+00 8.000000000000000000e+00 9.078886504926536916e-06
4.000000000000000000e+00 9.000000000000000000e+00 -3.457666497355712360e-05
4.000000000000000000e+00 1.000000000000000000e+01 1.865859688861095565e-05
4.000000000000000000e+00 1.100000000000000000e+01 2.159971972159826268e-06
4.000000000000000000e+00 1.200000000000000000e+01 -5.959949115627225854e-07
4.000000000000000000e+00 1.300000000000000000e+01 -1.148666813262141099e-05
4.000000000000000000e+00 1.400000000000000000e+01 5.388531944308975592e-06
4.000000000000000000e+00 1.500000000000000000e+01 2.838672033371122520e-06
4.000000000000000000e+00 1.600000000000000000e+01 -3.834756043057014642e-06
4.000000000000000000e+00 1.700000000000000000e+01 -2.121503442988057081e-06
4.000000000000000000e+00 1.800000000000000000e+01 1.337557180952540015e-06
4.000000000000000000e+00 1.900000000000000000e+01 2.185807832020274508e-06
4.000000000000000000e+00 2.000000000000000000e+01 -4.243521848586095723e-06
4.000000000000000000e+00 2.100000000000000000e+01 7.225615328330835636e-07
5.000000000000000000e+00 0.000000000000000000e+00 -9.886816979518720406e-05
5.000000000000000000e+00 1.000000000000000000e+00 4.803024855482636475e-05
5.000000000000000000e+00 2.000000000000000000e+00 3.734037728068627767e-05
5.000000000000000000e+00 3.000000000000000000e+00 -3.114093674009147717e-05
5.000000000000000000e+00 4.000000000000000000e+00 -2.558097258827365310e-05
5.000000000000000000e+00 5.000000000000000000e+00 2.849868410898985196e-05
5.000000000000000000e+00 6.000000000000000000e+00 -5.585529298291009507e-06
5.000000000000000000e+00 7.000000000000000000e+00 -2.170344613224323701e-06
5.000000000000000000e+00 8.000000000000000000e+00 -1.265874240589629046e-05
5.000000000000000000e+00 9.000000000000000000e+00 2.029409375742205907e-05
5.000000000000000000e+00 1.000000000000000000e+01 -9.111331912882103548e-06
5.000000000000000000e+00 1.100000000000000000e+01 3.501591093360042205e-06
5.000000000000000000e+00 1.200000000000000000e+01 -6.267781642314368285e-06
5.000000000000000000e+00 1.300000000000000000e+01 1.165041244241222077e-05
5.000000000000000000e+00 1.400000000000000000e+01 -7.257675171142647782e-06
5.000000000000000000e+00 1.500000000000000000e+01 2.749885622508522440e-06
5.000000000000000000e+00 1.600000000000000000e+01 -2.926729805097711481e-06
5.000000000000000000e+00 1.700000000000000000e+01 6.820732383368970966e-06
5.000000000000000000e+00 1.800000000000000000e+01 -8.277648353734884426e-07
5.000000000000000000e+00 1.900000000000000000e+01 -8.359912389393529751e-07
5.000000000000000000e+00 2.000000000000000000e+01 1.645661851222630512e-06
6.000000000000000000e+00 0.000000000000000000e+00 -1.766815892200630789e-04
6.000000000000000000e+00 1.000000000000000000e+00 8.338298038133000077e-05
6.000000000000000000e+00 2.000000000000000000e+00 4.500574792381562027e-05
6.000000000000000000e+00 3.000000000000000000e+00 -6.938660305641445995e-05
6.000000000000000000e+00 4.000000000000000000e+00 3.520240520915110053e-06
6.000000000000000000e+00 5.000000000000000000e+00 1.942819995351267507e-05
6.000000000000000000e+00 6.000000000000000000e+00 7.674226607598067727e-06
6.000000000000000000e+00 7.000000000000000000e+00 -3.041057896922282652e-05
6.000000000000000000e+00 8.000000000000000000e+00 1.716386383550012499e-05
6.000000000000000000e+00 9.000000000000000000e+00 2.786506946372867630e-06
6.000000000000000000e+00 1.000000000000000000e+01 4.336894123283301921e-06
6.000000000000000000e+00 1.100000000000000000e+01 -1.669875133698597576e-05
6.000000000000000000e+00 1.200000000000000000e+01 1.324848008560337285e-05
6.000000000000000000e+00 1.300000000000000000e+01 -2.686221511105873193e-06
6.000000000000000000e+00 1.400000000000000000e+01 2.752718298631975532e-06
6.000000000000000000e+00 1.500000000000000000e+01 -6.670497957367047350e-06
6.000000000000000000e+00 1.600000000000000000e+01 6.249716463502754463e-06
6.000000000000000000e+00 1.700000000000000000e+01 7.962712450464746719e-07
6.000000000000000000e+00 1.800000000000000000e+01 -7.583635782423980969e-07
6.000000000000000000e+00 1.900000000000000000e+01 -1.653036353236079242e-06
7.000000000000000000e+00 0.000000000000000000e+00 4.790816198455138540e-05
7.000000000000000000e+00 1.000000000000000000e+00 -1.528749118669090419e-05
7.000000000000000000e+00 2.000000000000000000e+00 -3.623928838006875645e-05
7.000000000000000000e+00 3.000000000000000000e+00 4.504207254795874294e-05
7.000000000000000000e+00 4.000000000000000000e+00 1.000898234977440288e-05
7.000000000000000000e+00 5.000000000000000000e+00 -9.724223144415006435e-06
7.000000000000000000e+00 6.000000000000000000e+00 -1.180105061313914874e-05
7.000000000000000000e+00 7.000000000000000000e+00 2.074396665776305260e-05
7.000000000000000000e+00 8.000000000000000000e+00 -5.256523711167503013e-06
7.000000000000000000e+00 9.000000000000000000e+00 -1.579840061908766456e-06
7.000000000000000000e+00 1.000000000000000000e+01 -5.804034295936950824e-06
7.000000000000000000e+00 1.100000000000000000e+01 1.041195112123177240e-05
7.000000000000000000e+00 1.200000000000000000e+01 -5.156707456327728959e-06
7.000000000000000000e+00 1.300000000000000000e+01 -9.465921200905273564e-07
7.000000000000000000e+00 1.400000000000000000e+01 -7.188066484530479392e-07
7.000000000000000000e+00 1.500000000000000000e+01 3.073185848787253999e-06
7.000000000000000000e+00 1.600000000000000000e+01 -2.444934300513390267e-07
7.000000000000000000e+00 1.700000000000000000e+01 -7.181534610495834194e-07
7.000000000000000000e+00 1.800000000000000000e+01 6.653820042657361095e-07
8.000000000000000000e+00 0.000000000000000000e+00 1.074506394427566212e-04
8.000000000000000000e+00 1.000000000000000000e+00 -7.148103716260795410e-05
8.000000000000000000e+00 2.000000000000000000e+00 -1.568874263488260462e-05
8.000000000000000000e+00 3.000000000000000000e+00 4.153237678177928744e-05
8.000000000000000000e+00 4.000000000000000000e+00 7.972855417814681255e-06
8.000000000000000000e+00 5.000000000000000000e+00 -2.383698299859994513e-05
8.000000000000000000e+00 6.000000000000000000e+00 7.331044907108934517e-06
8.000000000000000000e+00 7.000000000000000000e+00 1.290935795037230121e-05
8.000000000000000000e+00 8.000000000000000000e+00 -2.597210670547397421e-06
8.000000000000000000e+00 9.000000000000000000e+00 -1.138468049911778937e-05
8.000000000000000000e+00 1.000000000000000000e+01 6.189847382254949871e-06
8.000000000000000000e+00 1.100000000000000000e+01 3.884524080807711066e-06
8.000000000000000000e+00 1.200000000000000000e+01 -1.387673352248276759e-06
8.000000000000000000e+00 1.300000000000000000e+01 -3.214370057407462021e-06
8.000000000000000000e+00 1.400000000000000000e+01 4.224442928711769860e-06
8.000000000000000000e+00 1.500000000000000000e+01 1.906353472173043182e-06
8.000000000000000000e+00 1.600000000000000000e+01 -1.743745315625917835e-06
8.000000000000000000e+00 1.700000000000000000e+01 -9.803723490597777962e-07
9.000000000000000000e+00 0.000000000000000000e+00 -4.309965258545357967e-05
9.000000000000000000e+00 1.000000000000000000e+00 1.732726728525259445e-05
9.000000000000000000e+00 2.000000000000000000e+00 1.933976909885992503e-05
9.000000000000000000e+00 3.000000000000000000e+00 -1.982505980482964126e-05
9.000000000000000000e+00 4.000000000000000000e+00 -1.570241107960778919e-05
9.000000000000000000e+00 5.000000000000000000e+00 2.269611590641421790e-05
9.000000000000000000e+00 6.000000000000000000e+00 -1.341027316329571821e-08
9.000000000000000000e+00 7.000000000000000000e+00 -3.070405811271902527e-06
9.000000000000000000e+00 8.000000000000000000e+00 -5.794838283046735936e-06
9.000000000000000000e+00 9.000000000000000000e+00 1.447259766155778138e-05
9.000000000000000000e+00 1.000000000000000000e+01 -4.892097918928606028e-06
9.000000000000000000e+00 1.100000000000000000e+01 1.009025983204607072e-06
9.000000000000000000e+00 1.200000000000000000e+01 -1.343652199663090505e-06
9.000000000000000000e+00 1.300000000000000000e+01 5.956133415452375956e-06
9.000000000000000000e+00 1.400000000000000000e+01 -8.897922215686484608e-07
9.000000000000000000e+00 1.500000000000000000e+01 -7.565282560626575536e-07
9.000000000000000000e+00 1.600000000000000000e+01 8.131013877404384537e-07
1.000000000000000000e+01 0.000000000000000000e+00 -6.543149475214450367e-05
1.000000000000000000e+01 1.000000000000000000e+00 4.433594583044177403e-05
1.000000000000000000e+01 2.000000000000000000e+00 1.363958825431921261e-05
1.000000000000000000e+01 3.000000000000000000e+00 -3.916875383042107419e-05
1.000000000000000000e+01 4.000000000000000000e+00 1.678615394189906745e-06
1.000000000000000000e+01 5.000000000000000000e+00 1.248978001124026159e-05
1.000000000000000000e+01 6.000000000000000000e+00 -2.684499435001080019e-06
1.000000000000000000e+01 7.000000000000000000e+00 -1.263272194073100780e-05
1.000000000000000000e+01 8.000000000000000000e+00 4.894067410415355752e-06
1.000000000000000000e+01 9.000000000000000000e+00 2.903493981036561651e-06
1.000000000000000000e+01 1.000000000000000000e+01 -3.496561119527503956e-06
1.000000000000000000e+01 1.100000000000000000e+01 -3.983819586694948587e-06
1.000000000000000000e+01 1.200000000000000000e+01 -4.371657333695924730e-07
1.000000000000000000e+01 1.300000000000000000e+01 2.369620026804629367e-06
1.000000000000000000e+01 1.400000000000000000e+01 -3.798944111618604876e-06
1.000000000000000000e+01 1.500000000000000000e+01 -3.043136132432628347e-06
1.100000000000000000e+01 0.000000000000000000e+00 4.218289635989272678e-05
1.100000000000000000e+01 1.000000000000000000e+00 -1.798818677795083068e-05
1.100000000000000000e+01 2.000000000000000000e+00 -1.567399503692162984e-05
1.100000000000000000e+01 3.000000000000000000e+00 1.641687233079544155e-05
1.100000000000000000e+01 4.000000000000000000e+00 7.504063795243499028e-06
1.100000000000000000e+01 5.000000000000000000e+00 -1.045004761160514736e-05
1.100000000000000000e+01 6.000000000000000000e+00 -9.384296521783725138e-07
1.100000000000000000e+01 7.000000000000000000e+00 6.304268132015596369e-06
1.100000000000000000e+01 8.000000000000000000e+00 2.602916684469664158e-06
1.100000000000000000e+01 9.000000000000000000e+00 -3.882294822318219412e-06
1.100000000000000000e+01 1.000000000000000000e+01 7.111420253673789821e-07
1.100000000000000000e+01 1.100000000000000000e+01 3.626178213884795117e-06
1.100000000000000000e+01 1.200000000000000000e+01 -6.660278711978986026e-07
1.100000000000000000e+01 1.300000000000000000e+01 -2.878267319902949159e-06
1.100000000000000000e+01 1.400000000000000000e+01 -3.652011322266100510e-08
1.200000000000000000e+01 0.000000000000000000e+00 4.882030398319301139e-05
1.200000000000000000e+01 1.000000000000000000e+00 -3.217432005446811075e-05
1.200000000000000000e+01 2.000000000000000000e+00 -1.163995848420457890e-05
1.200000000000000000e+01 3.000000000000000000e+00 2.238660994343306704e-05
1.200000000000000000e+01 4.000000000000000000e+00 -5.206476244756365534e-06
1.200000000000000000e+01 5.000000000000000000e+00 -9.369203860240542150e-06
1.200000000000000000e+01 6.000000000000000000e+00 -1.724162233291010506e-06
1.200000000000000000e+01 7.000000000000000000e+00 8.167138403016118811e-06
1.200000000000000000e+01 8.000000000000000000e+00 -5.272565531333390194e-06
1.200000000000000000e+01 9.000000000000000000e+00 -2.995682482969427248e-06
1.200000000000000000e+01 1.000000000000000000e+01 8.147337371322215193e-07
1.200000000000000000e+01 1.100000000000000000e+01 2.862351484335647487e-06
1.200000000000000000e+01 1.200000000000000000e+01 -3.346270471439168135e-06
1.200000000000000000e+01 1.300000000000000000e+01 -9.251545460482098554e-07
1.300000000000000000e+01 0.000000000000000000e+00 -3.958527726949866935e-05
1.300000000000000000e+01 1.000000000000000000e+00 1.959305497637538109e-05
1.300000000000000000e+01 2.000000000000000000e+00 1.444111699477576796e-05
1.300000000000000000e+01 3.000000000000000000e+00 -1.131059490650762316e-05
1.300000000000000000e+01 4.000000000000000000e+00 1.181056172443319468e-07
1.300000000000000000e+01 5.000000000000000000e+00 3.943646339985859411e-06
1.300000000000000000e+01 6.000000000000000000e+00 3.445821105201883857e-06
1.300000000000000000e+01 7.000000000000000000e+00 -6.752938602469696096e-06
1.300000000000000000e+01 8.000000000000000000e+00 8.471197257749322186e-07
1.300000000000000000e+01 9.000000000000000000e+00 3.377446837602346324e-06
1.300000000000000000e+01 1.000000000000000000e+01 -1.382518715667125762e-07
1.300000000000000000e+01 1.100000000000000000e+01 -1.970322987291373894e-06
1.300000000000000000e+01 1.200000000000000000e+01 -7.020455830873549129e-07
1.400000000000000000e+01 0.000000000000000000e+00 -3.590569870631941458e-05
1.400000000000000000e+01 1.000000000000000000e+00 1.901775501441954635e-05
1.400000000000000000e+01 2.000000000000000000e+00 1.070317239700040319e-05
1.400000000000000000e+01 3.000000000000000000e+00 -1.409390929730608638e-05
1.400000000000000000e+01 4.000000000000000000e+00 -5.860187207757065442e-07
1.400000000000000000e+01 5.000000000000000000e+00 6.181901168636302217e-06
1.400000000000000000e+01 6.000000000000000000e+00 -1.795460272594517913e-06
1.400000000000000000e+01 7.000000000000000000e+00 -6.288420218751667282e-06
1.400000000000000000e+01 8.000000000000000000e+00 1.376900966783851500e-06
1.400000000000000000e+01 9.000000000000000000e+00 2.003739388452070085e-06
1.400000000000000000e+01 1.000000000000000000e+01 -4.122912641483131032e-06
1.400000000000000000e+01 1.100000000000000000e+01 -1.598127376666342385e-06
1.500000000000000000e+01 0.000000000000000000e+00 2.733754639658053071e-05
1.500000000000000000e+01 1.000000000000000000e+00 -1.184591231976850607e-05
1.500000000000000000e+01 2.000000000000000000e+00 -1.069830704017231090e-05
1.500000000000000000e+01 3.000000000000000000e+00 6.774369259935125509e-06
1.500000000000000000e+01 4.000000000000000000e+00 5.092768904566910294e-06
1.500000000000000000e+01 5.000000000000000000e+00 -4.475033670525146758e-06
1.500000000000000000e+01 6.000000000000000000e+00 4.407252477384422952e-06
1.500000000000000000e+01 7.000000000000000000e+00 3.846231519110418582e-06
1.500000000000000000e+01 8.000000000000000000e+00 1.829586071056570791e-06
1.500000000000000000e+01 9.000000000000000000e+00 -3.529667469057333018e-06
1.500000000000000000e+01 1.000000000000000000e+01 1.357173514339541373e-06
1.600000000000000000e+01 0.000000000000000000e+00 3.180639889456832322e-05
1.600000000000000000e+01 1.000000000000000000e+00 -1.878489951528544371e-05
1.600000000000000000e+01 2.000000000000000000e+00 -7.213243822875706459e-06
1.600000000000000000e+01 3.000000000000000000e+00 6.668023794159259201e-06
1.600000000000000000e+01 4.000000000000000000e+00 9.407539322963859596e-07
1.600000000000000000e+01 5.000000000000000000e+00 -4.721900339406120232e-06
1.600000000000000000e+01 6.000000000000000000e+00 2.709714038680894177e-06
1.600000000000000000e+01 7.000000000000000000e+00 1.966502847734688417e-06
1.600000000000000000e+01 8.000000000000000000e+00 -2.224819872502650896e-06
1.600000000000000000e+01 9.000000000000000000e+00 -2.270489235661557007e-06
1.700000000000000000e+01 0.000000000000000000e+00 -2.202043763026621613e-05
1.700000000000000000e+01 1.000000000000000000e+00 1.028864641928630729e-05
1.700000000000000000e+01 2.000000000000000000e+00 5.127155369434085754e-06
1.700000000000000000e+01 3.000000000000000000e+00 -8.581250885784696335e-06
1.700000000000000000e+01 4.000000000000000000e+00 -4.000203010987093398e-07
1.700000000000000000e+01 5.000000000000000000e+00 4.009419700437722052e-06
1.700000000000000000e+01 6.000000000000000000e+00 -2.046613152160239873e-06
1.700000000000000000e+01 7.000000000000000000e+00 -7.788985896427445187e-07
1.700000000000000000e+01 8.000000000000000000e+00 1.164927060971378832e-06
1.800000000000000000e+01 0.000000000000000000e+00 -1.856315548860544887e-05
1.800000000000000000e+01 1.000000000000000000e+00 1.682797189754109109e-05
1.800000000000000000e+01 2.000000000000000000e+00 5.343240493183979972e-06
1.800000000000000000e+01 3.000000000000000000e+00 -4.612003138486028570e-06
1.800000000000000000e+01 4.000000000000000000e+00 -9.693913263395764278e-07
1.800000000000000000e+01 5.000000000000000000e+00 -8.321466920861714290e-07
1.800000000000000000e+01 6.000000000000000000e+00 -2.065287365693030668e-06
1.800000000000000000e+01 7.000000000000000000e+00 -2.898939933570485808e-06
1.900000000000000000e+01 0.000000000000000000e+00 9.490288871730444343e-06
1.900000000000000000e+01 1.000000000000000000e+00 -9.266018002424979052e-06
1.900000000000000000e+01 2.000000000000000000e+00 -2.204062036966105164e-06
1.900000000000000000e+01 3.000000000000000000e+00 5.815110932339422913e-06
1.900000000000000000e+01 4.000000000000000000e+00 2.964298651732113041e-06
1.900000000000000000e+01 5.000000000000000000e+00 -4.149743061379427224e-07
1.900000000000000000e+01 6.000000000000000000e+00 2.243412626354331080e-06
2.000000000000000000e+01 0.000000000000000000e+00 1.627562926650300262e-05
2.000000000000000000e+01 1.000000000000000000e+00 -1.050966742316089097e-05
2.000000000000000000e+01 2.000000000000000000e+00 -4.712114178203360469e-06
2.000000000000000000e+01 3.000000000000000000e+00 4.780187419003854621e-06
2.000000000000000000e+01 4.000000000000000000e+00 -1.197000648379897407e-06
2.000000000000000000e+01 5.000000000000000000e+00 -2.734200013246570821e-06
2.100000000000000000e+01 0.000000000000000000e+00 -1.076834033885060180e-05
2.100000000000000000e+01 1.000000000000000000e+00 7.536385800874833111e-06
2.100000000000000000e+01 2.000000000000000000e+00 1.207544780942836291e-06
2.100000000000000000e+01 3.000000000000000000e+00 -3.553370702790541739e-06
2.100000000000000000e+01 4.000000000000000000e+00 -4.678042620997995349e-07
2.200000000000000000e+01 0.000000000000000000e+00 -8.661868834830239934e-06
2.200000000000000000e+01 1.000000000000000000e+00 1.248826563213905845e-05
2.200000000000000000e+01 2.000000000000000000e+00 -1.664354041253458031e-06
2.200000000000000000e+01 3.000000000000000000e+00 -4.919637743207613378e-06
2.300000000000000000e+01 0.000000000000000000e+00 2.658849595430263808e-06
2.300000000000000000e+01 1.000000000000000000e+00 -1.824896484493534381e-06
2.300000000000000000e+01 2.000000000000000000e+00 5.815221323974473009e-08
2.400000000000000000e+01 0.000000000000000000e+00 4.107575828265412956e-06
2.400000000000000000e+01 1.000000000000000000e+00 -6.562739259141714621e-06
0.000000000000000000e+00 0.000000000000000000e+00 0.000000000000000000e+00
0.000000000000000000e+00 0.000000000000000000e+00 0.000000000000000000e+00
