0.000000000000000000e+00 6.468005824761920250e-10 1.642690068910915638e-03
5.000000378148000024e+00 2.801375726087417817e-09 1.711941915577668179e-03
1.000000075629599827e+01 6.633246303403109218e-09 1.832338756971593676e-03
1.500000113444399830e+01 1.251292218501110444e-08 2.013296639700189444e-03
2.000000151259200010e+01 2.086661464731720968e-08 2.266770133385951139e-03
2.500000189074000190e+01 3.228189944045157562e-08 2.611328493195200825e-03
3.000000226888799659e+01 4.764933605892441603e-08 3.078572483085846405e-03
3.500000264703599839e+01 6.832960306217275393e-08 3.723304202317132862e-03
4.000000302518400019e+01 9.616570524565289969e-08 4.635122562060621336e-03
4.500000340333200199e+01 1.331436884874656851e-07 5.944188120058676097e-03
5.000000378147999669e+01 1.809801621642553870e-07 7.820031565348000910e-03
5.500000415962799138e+01 2.411884970824864558e-07 1.047772130246512820e-02
6.000000453777599319e+01 3.155913474287485944e-07 1.420305530067298566e-02
6.500000491592399499e+01 4.066153019225940815e-07 1.938123468222587714e-02
7.000000529407199679e+01 5.168858769944711951e-07 2.649338584487988951e-02
7.500000567221999859e+01 6.483336122676275334e-07 3.605937904382686826e-02
8.000000605036800039e+01 8.014895568584196010e-07 4.854694782072681292e-02
8.500000642851598798e+01 9.754889190192868921e-07 6.429874500127424897e-02
9.000000680666400399e+01 1.168718746473424240e-06 8.351632275736314837e-02
9.500000718481199158e+01 1.379616739287484191e-06 1.062942872851492387e-01
1.000000075629600076e+02 1.607154296192591848e-06 1.326635674561181810e-01
1.050000079411079952e+02 1.850842579649812026e-06 1.626060054902831176e-01
1.100000083192559828e+02 2.110390100372490605e-06 1.960319959967419812e-01
1.150000086974039846e+02 2.385269315894175016e-06 2.327416909780331278e-01
1.200000090755519864e+02 2.674423947165055712e-06 2.724003697823512149e-01
1.250000094536999882e+02 2.976233752118440214e-06 3.145482101011423115e-01
1.300000098318479900e+02 3.288712363471783390e-06 3.586431869191675226e-01
1.350000102099959918e+02 3.609798632306507188e-06 4.041164941691252621e-01
1.400000105881439936e+02 3.937560431576540107e-06 4.504138625071223423e-01
1.450000109662919670e+02 4.270182240809770438e-06 4.970060358608878182e-01
1.500000113444399972e+02 4.605722042847310695e-06 5.433699021197381240e-01
1.550000117225879990e+02 4.941735941192424165e-06 5.889570280272671265e-01
1.600000121007360008e+02 5.274932639791633198e-06 6.331716784858655300e-01
1.650000124788839742e+02 5.601022014352789914e-06 6.753756034302582645e-01
1.700000128570319760e+02 5.914871454014826364e-06 7.149257483540407687e-01
1.750000132351800062e+02 6.210995160393443981e-06 7.512383840788620093e-01
1.800000136133280080e+02 6.484295516524294067e-06 7.838633678209452338e-01
1.850000139914759814e+02 6.730882582315264743e-06 8.125484115898343740e-01
1.900000143696239832e+02 6.948752413697440503e-06 8.372760307962825443e-01
1.950000147477719850e+02 7.138129584504925717e-06 8.582634432276443626e-01
2.000000151259200152e+02 7.301370063335114632e-06 8.759250207396706012e-01
2.050000155040679886e+02 7.442446514104233389e-06 8.908053209982909060e-01
2.100000158822159904e+02 7.566154446210409555e-06 9.034967186405966633e-01
2.150000162603639922e+02 7.677245253330095191e-06 9.145584118222174208e-01
2.200000166385119655e+02 7.779692616540682018e-06 9.244525381146516674e-01
2.250000170166599673e+02 7.876239118946333896e-06 9.335082171688424690e-01
2.300000173948079691e+02 7.968276834094670374e-06 9.419166542122685559e-01
2.350000177729559709e+02 8.056022745694676557e-06 9.497524080792032475e-01
2.400000181511039727e+02 8.138884959606401350e-06 9.570103081470038298e-01
2.450000185292520314e+02 8.215892414183153286e-06 9.636459428923237480e-01
2.500000189073999763e+02 8.286076894433998079e-06 9.696099040101715527e-01
2.550000192855479781e+02 8.348737699536648587e-06 9.748703696645348860e-01
2.600000196636959799e+02 8.403568086131157924e-06 9.794231461889220114e-01
2.650000200418439817e+02 8.450662752040900494e-06 9.832915808162882021e-01
2.700000204199919835e+02 8.490447639188938926e-06 9.865203305120993083e-01
2.750000207981399853e+02 8.523575621086167378e-06 9.891670072686434834e-01
2.800000211762879871e+02 8.550820001497106237e-06 9.912947150717610345e-01
2.850000215544359889e+02 8.572982300062644519e-06 9.929670321147269219e-01
2.900000219325839339e+02 8.590820486764268475e-06 9.942456104408378126e-01
2.950000223107319925e+02 8.605001448633300222e-06 9.951896296604414438e-01
3.000000226888799943e+02 8.616082884680085013e-06 9.958559760978255015e-01
3.050000230670279961e+02 8.624528159995055709e-06 9.962991576552771011e-01
3.100000234451759979e+02 8.630749415354075453e-06 9.965704453772323834e-01
3.150000238233239997e+02 8.635162516704086722e-06 9.967163239247786022e-01
3.200000242014720016e+02 8.638229686320345372e-06 9.967767622709027275e-01
3.250000245796200034e+02 8.640468188639231959e-06 9.967839025364025884e-01
3.300000249577679483e+02 8.642417071863852721e-06 9.967615540180426725e-01
3.350000253359159501e+02 8.644573154417860010e-06 9.967255775644251470e-01
3.400000257140639519e+02 8.647322675066339170e-06 9.966850069628158115e-01
3.450000260922119537e+02 8.650897595298582824e-06 9.966435954556389643e-01
3.500000264703600124e+02 8.655373068708042774e-06 9.966014063975532355e-01
3.550000268485080142e+02 8.660701768264826965e-06 9.965561634877354580e-01
3.600000272266560160e+02 8.666764158507229984e-06 9.965043254560487229e-01
3.650000276048039609e+02 8.673411459081460006e-06 9.964420482832022641e-01
3.700000279829519627e+02 8.680489927547344785e-06 9.963661501749726535e-01
3.750000283610999645e+02 8.687851284165982210e-06 9.962749604966609773e-01
3.800000287392479663e+02 8.695363074933993046e-06 9.961687624484495407e-01
3.850000291173959681e+02 8.702929976799918046e-06 9.960495960837202345e-01
3.900000294955439699e+02 8.710526617389835230e-06 9.959204224015539841e-01
3.950000298736919717e+02 8.718232274589714283e-06 9.957838906085952901e-01
4.000000302518400304e+02 8.726253572890504720e-06 9.956410676225742051e-01
4.050000306299879185e+02 8.734924097150983266e-06 9.954904581067712810e-01
4.100000310081359771e+02 8.744677139884629856e-06 9.953275237426721933e-01
4.150000313862839221e+02 8.755995799097086291e-06 9.951447790651700709e-01
4.200000317644319807e+02 8.769350407235634024e-06 9.949324409676951753e-01
4.250000321425799257e+02 8.785135618226734834e-06 9.946795360883262660e-01
4.300000325207279843e+02 8.803618780364929556e-06 9.943752995621096824e-01
4.350000328988760430e+02 8.824908560820115636e-06 9.940106207907591918e-01
4.400000332770239311e+02 8.848949140734146379e-06 9.935792315363219940e-01
4.450000336551719897e+02 8.875541187178388094e-06 9.930783343692928256e-01
4.500000340333199347e+02 8.904386450288592181e-06 9.925084691733059294e-01
4.550000344114680502e+02 8.935148567533467178e-06 9.918726038617105001e-01
4.600000347896159383e+02 8.967519225350966276e-06 9.911746548808521018e-01
4.650000351677640538e+02 9.001277267116847690e-06 9.904178097664094738e-01
4.700000355459119419e+02 9.036329466984565839e-06 9.896030724333596540e-01
4.750000359240600574e+02 9.072725551957294205e-06 9.887283704805269746e-01
4.800000363022079455e+02 9.110645711304584548e-06 9.877883969601038983e-01
4.850000366803560610e+02 9.150364710053529710e-06 9.867751751803730542e-01
4.900000370585040628e+02 9.192201269848257017e-06 9.856791878254977934e-01
4.950000374366519509e+02 9.236463622073267464e-06 9.844908226199389212e-01
5.000000378147999527e+02 9.283401879469310952e-06 9.832018540636754400e-01
5.050000381929479545e+02 9.333175567907023049e-06 9.818066956082678320e-01
5.100000385710959563e+02 9.385841129903294995e-06 9.803032106093264586e-01
5.150000389492439581e+02 9.441360349730311795e-06 9.786929527020287178e-01
5.200000393273919599e+02 9.499627189801575989e-06 9.769808014407943553e-01
5.250000397055399617e+02 9.560507907497298313e-06 9.751740513644532315e-01
5.300000400836879635e+02 9.623887684533241217e-06 9.732810925530775981e-01
5.350000404618360790e+02 9.689716320835428244e-06 9.713098852046375686e-01
5.400000408399839671e+02 9.758045780708205990e-06 9.692664760490651288e-01
5.450000412181320826e+02 9.829053544940454418e-06 9.671538192121132971e-01
5.500000415962799707e+02 9.903047816778998955e-06 9.649711318702940410e-01
5.550000419744280862e+02 9.980453487715193044e-06 9.627139260853335712e-01
5.600000423525759743e+02 1.006178096429903560e-05 9.603747229511744310e-01
5.650000427307240898e+02 1.014758284930179444e-05 9.579443068072094336e-01
5.700000431088719779e+02 1.023840539440961155e-05 9.554132604583129851e-01
5.750000434870199797e+02 1.033474214458453734e-05 9.527734740879673092e-01
5.800000438651678678e+02 1.043699620106805345e-05 9.500193540913433043e-01
5.850000442433159833e+02 1.054545536472233567e-05 9.471485581490154404e-01
5.900000446214639851e+02 1.066028168891610413e-05 9.441622134606587613e-01
5.950000449996119869e+02 1.078151436128963860e-05 9.410646943232394701e-01
6.000000453777599887e+02 1.090908292340537925e-05 9.378631106762547187e-01
6.050000457559079905e+02 1.104282695093726917e-05 9.345666771893982316e-01
6.100000461340559923e+02 1.118251847414770812e-05 9.311860995212681846e-01
6.150000465122039941e+02 1.132788436841820181e-05 9.277330516226636181e-01
6.200000468903519959e+02 1.147862727121707424e-05 9.242197513979736323e-01
6.250000472684999977e+02 1.163444484049135446e-05 9.206585931966034808e-01
6.300000476466479995e+02 1.179504801526599454e-05 9.170617756260369680e-01
6.350000480247960013e+02 1.196017920697155062e-05 9.134408718031206131e-01
6.400000484029440031e+02 1.212963106556066319e-05 9.098063178092775649e-01
6.450000487810920049e+02 1.230326579951064031e-05 9.061668318024493907e-01
6.500000491592400067e+02 1.248103422603762592e-05 9.025288099141348663e-01
6.550000495373880085e+02 1.266299303103938656e-05 8.988957680035302156e-01
6.600000499155358966e+02 1.284931832160843543e-05 8.952679065940889469e-01
6.650000502936840121e+02 1.304031357322196615e-05 8.916418690771267253e-01
6.700000506718319002e+02 1.323641053135619027e-05 8.880107421867350359e-01
6.750000510499800157e+02 1.343816244905513590e-05 8.843643165478325407e-01
6.800000514281279038e+02 1.364623006910143094e-05 8.806895892562329742e-01
6.850000518062760193e+02 1.386136177967241236e-05 8.769714565670504447e-01
6.900000521844239074e+02 1.408437016989014172e-05 8.731935193818722851e-01
6.950000525625720229e+02 1.431610762005036473e-05 8.693389122866350682e-01
7.000000529407200247e+02 1.455744350592078697e-05 8.653910704614269367e-01
7.050000533188680265e+02 1.480924510938824059e-05 8.613343664619665940e-01
7.100000536970160283e+02 1.507236353345244144e-05 8.571545762218156783e-01
7.150000540751640301e+02 1.534762499744647717e-05 8.528391644334316624e-01
7.200000544533120319e+02 1.563582702527795763e-05 8.483774074051799730e-01
7.250000548314600337e+02 1.593773838754574112e-05 8.437603916240172808e-01
7.300000552096079218e+02 1.625410130706472065e-05 8.389809359822637536e-01
7.350000555877559236e+02 1.658563440491342333e-05 8.340334849027394304e-01
7.400000559659039254e+02 1.693303510584402184e-05 8.289140104733984105e-01
7.450000563440519272e+02 1.729698065037472531e-05 8.236199474901438888e-01
7.500000567221999290e+02 1.767812737048319520e-05 8.181501696292540204e-01
7.550000571003480445e+02 1.807710837579803770e-05 8.125050009802750051e-01
7.600000574784959326e+02 1.849453018850677510e-05 8.066862470558047171e-01
7.650000578566440481e+02 1.893096910952149972e-05 8.006972242075470758e-01
7.700000582347919362e+02 1.938696818002427113e-05 7.945427661128837693e-01
7.750000586129400517e+02 1.986303553407953022e-05 7.882291898277071773e-01
7.800000589910879398e+02 2.035964475363428102e-05 7.817642104943846038e-01
7.850000593692360553e+02 2.087723758313148265e-05 7.751568016097895031e-01
7.900000597473839434e+02 2.141622908644281176e-05 7.684170053280007240e-01
7.950000601255320589e+02 2.197701507794911247e-05 7.615557034069876385e-01
8.000000605036800607e+02 2.255998146495741711e-05 7.545843633385302951e-01
8.050000608818278351e+02 2.316551501750542468e-05 7.475147756364259877e-01
8.100000612599758369e+02 2.379401503561752256e-05 7.403587973663160460e-01
8.150000616381239524e+02 2.444590540123938466e-05 7.331281143124290800e-01
